     12 1 00
     19 1 01
     19 1 02
     17 1 03
     20 1 04
      5 1 05
      5 1 06
      7 1 07
      2 1 08
      5 1 09
      9 1 10
      8 1 11
      2 1 12
      4 1 14
      7 1 15
     17 1 16
     20 1 17
     12 1 18
      6 1 19
     11 1 20
      4 1 21
     20 1 22
      7 1 23
      6 2 00
     10 2 01
      3 2 02
      3 2 03
      9 2 04
     14 2 05
     11 2 06
      5 2 07
      1 2 08
      8 2 09
      4 2 11
      4 2 12
      9 2 13
      3 2 14
     10 2 15
     12 2 16
      9 2 17
      9 2 18
     10 2 19
      8 2 20
     12 2 21
     24 2 22
      6 2 23
      8 3 00
     10 3 01
     14 3 02
     17 3 03
     28 3 04
     39 3 05
     38 3 06
     12 3 07
      4 3 08
      1 3 09
      2 3 10
      9 3 11
      2 3 12
      1 3 13
      3 3 14
      3 3 15
      1 3 16
     20 3 17
      9 3 18
      8 3 19
      7 3 20
     27 3 21
     14 3 22
     19 3 23
     17 4 00
      5 4 01
      9 4 02
      3 4 03
      5 4 04
     20 4 05
     16 4 06
      9 4 07
      1 4 08
      6 4 09
      1 4 10
      3 4 11
      1 4 13
      6 4 14
      3 4 15
      4 4 16
     14 4 17
      6 4 18
     11 4 19
      7 4 20
      5 4 21
      7 4 22
      9 4 23
      3 5 00
      6 5 01
     18 5 02
      7 5 03
     22 5 04
     16 5 05
     17 5 06
     23 5 07
     11 5 08
     24 5 09
      2 5 10
      2 5 11
      8 5 12
     12 5 13
     15 5 14
      5 5 15
     13 5 16
     14 5 17
      5 5 18
     25 5 19
     23 5 20
      7 5 21
     16 5 22
      5 5 23
     17 6 00
      9 6 01
      4 6 02
     16 6 03
     10 6 04
      5 6 05
      8 6 06
      5 6 07
      1 6 08
     12 6 09
     10 6 10
      4 6 11
      2 6 12
      4 6 13
      1 6 14
      5 6 15
      8 6 16
      5 6 17
     12 6 18
      3 6 19
     14 6 20
     26 6 21
     11 6 22
      5 6 23
      4 7 00
     16 7 01
      3 7 03
     11 7 04
      3 7 05
      8 7 06
      6 7 07
      5 7 08
     10 7 09
      8 7 10
      4 7 11
      2 7 12
      1 7 14
      4 7 16
      5 7 17
      5 7 18
      4 7 19
     15 7 20
     24 7 21
      4 7 22
     11 7 23
