      2 1 00
      2 1 01
      8 1 02
      4 1 04
      1 1 05
      4 1 06
     18 1 07
      9 1 08
      3 1 09
     17 1 10
      2 1 11
      5 1 12
      1 1 13
      3 1 14
      9 1 15
      7 1 16
      5 1 17
     12 1 18
      2 1 19
      1 1 20
      4 1 21
     10 1 22
      2 1 23
      2 2 00
      5 2 02
      2 2 03
      1 2 04
      6 2 05
      2 2 06
      6 2 07
      9 2 08
      3 2 09
      1 2 10
      4 2 11
      2 2 12
      3 2 13
      1 2 15
      5 2 16
     12 2 17
      5 2 18
      3 2 20
      8 2 21
      6 2 22
      4 2 23
      2 3 00
      2 3 01
      3 3 02
      1 3 03
      5 3 04
      2 3 05
     13 3 06
      1 3 07
      1 3 08
      1 3 10
      1 3 13
      2 3 14
      1 3 15
      1 3 16
      1 3 17
      1 3 18
      4 3 19
      5 3 20
      3 3 22
      1 3 23
      4 4 00
      2 4 01
      2 4 02
      1 4 04
      2 4 07
      1 4 08
      2 4 09
      1 4 10
      4 4 14
      2 4 15
      4 4 16
      2 4 17
      2 4 18
      4 4 19
      1 4 20
      3 4 21
      3 4 22
      4 4 23
      1 5 00
      5 5 01
      2 5 02
      2 5 03
      4 5 07
      4 5 08
      2 5 09
      2 5 10
      7 5 11
      2 5 12
      5 5 14
      8 5 16
      1 5 17
      1 5 19
      6 5 20
      3 5 22
      4 5 23
      5 6 00
      7 6 01
      6 6 02
     21 6 03
      2 6 04
      2 6 05
      2 6 06
      2 6 07
      1 6 08
      2 6 09
      2 6 10
      5 6 12
      3 6 13
      3 6 14
      2 6 15
      2 6 16
      1 6 19
      2 6 20
     12 6 21
      5 6 22
      1 6 23
      1 7 00
      6 7 01
      1 7 03
      3 7 05
      1 7 06
      4 7 08
      5 7 09
      3 7 11
      4 7 13
      9 7 14
      7 7 15
      5 7 16
      9 7 17
      5 7 18
      1 7 19
      6 7 20
      5 7 21
     20 7 22
      5 7 23
