      1 1 00
      6 1 01
     12 1 02
      4 1 03
      8 1 04
      7 1 05
      9 1 06
      7 1 07
     22 1 08
      9 1 09
      7 1 10
      5 1 11
      4 1 12
      6 1 13
     13 1 14
      7 1 15
      6 1 16
      4 1 17
      2 1 18
      5 1 19
      4 1 20
      1 1 22
      7 1 23
      3 2 00
      6 2 01
      7 2 02
      3 2 03
     12 2 04
      5 2 05
      6 2 06
     11 2 07
     20 2 08
     10 2 09
      7 2 10
      6 2 11
     22 2 12
     12 2 13
      7 2 14
     10 2 15
      9 2 16
      3 2 17
      5 2 18
      7 2 19
      3 2 20
      7 2 21
     15 2 22
      3 2 23
      4 3 00
      6 3 01
      6 3 02
      7 3 03
      5 3 04
     10 3 05
      5 3 06
     11 3 07
     12 3 08
     18 3 09
     16 3 10
     14 3 11
     22 3 12
      8 3 13
     14 3 14
      3 3 15
      2 3 16
     11 3 17
      3 3 18
     11 3 19
     10 3 20
      2 3 21
      5 3 22
      1 3 23
      1 4 00
      8 4 01
     19 4 02
     20 4 03
      7 4 04
     12 4 05
     15 4 06
     11 4 07
     10 4 08
      3 4 09
      5 4 10
     12 4 11
      7 4 12
      7 4 13
     10 4 14
     13 4 15
     11 4 16
     13 4 17
      5 4 18
     21 4 19
      7 4 20
      5 4 21
      4 4 22
      4 4 23
      5 5 00
      5 5 01
     33 5 02
      7 5 03
     11 5 04
     12 5 05
     15 5 06
      6 5 07
      5 5 08
     12 5 09
     10 5 10
     15 5 11
     25 5 12
      9 5 13
     10 5 14
      6 5 15
      1 5 16
      2 5 17
      6 5 18
      2 5 19
      2 5 20
      5 5 21
      4 5 22
      3 5 23
      4 6 00
      4 6 01
      2 6 02
      2 6 03
      3 6 04
      4 6 05
      9 6 07
      6 6 08
      8 6 09
      2 6 10
      4 6 11
      6 6 12
      9 6 13
      7 6 14
      3 6 15
      7 6 16
      5 6 17
      4 6 18
      6 6 19
      2 6 20
      5 6 21
      1 6 22
      1 6 23
      3 7 00
      3 7 01
      2 7 02
      1 7 03
      2 7 04
      6 7 05
      5 7 06
      8 7 07
      6 7 08
      2 7 11
      1 7 12
      3 7 13
      2 7 14
      5 7 15
      6 7 16
      2 7 17
      3 7 18
      1 7 19
      3 7 20
      4 7 21
      2 7 22
      8 7 23
