      1 1 00
      4 1 04
      1 1 05
      1 1 10
      1 1 12
      2 1 22
      1 2 01
      2 2 03
      1 2 05
      3 2 06
      2 2 07
      4 2 11
      5 2 13
      6 2 14
      1 2 15
      2 2 21
      2 3 10
      1 3 11
      1 3 12
      1 3 14
      1 3 23
      1 4 00
      1 4 01
      2 4 08
      5 4 09
      1 4 11
      1 4 18
      1 5 01
      2 5 10
      2 5 14
      1 5 18
      1 5 22
      2 6 00
      2 6 05
      1 6 08
      1 6 09
      4 6 10
      2 6 11
      1 6 12
      1 6 14
      2 6 17
      1 7 03
      1 7 07
      1 7 08
      2 7 10
      2 7 11
      2 7 14
