      7 1 00
      4 1 01
      5 1 02
      1 1 04
      1 1 07
      2 1 10
      9 1 11
      6 1 12
      5 1 13
      1 1 14
      2 1 15
      2 1 19
      5 1 20
      4 1 21
      1 1 22
      4 1 23
      7 2 00
      2 2 01
     12 2 02
      8 2 03
      5 2 04
      1 2 07
      1 2 08
      2 2 09
      2 2 10
      4 2 11
      3 2 12
      4 2 13
      3 2 14
      1 2 15
      1 2 18
      8 2 19
      4 2 20
      2 2 21
     19 2 23
     26 3 00
      7 3 01
     10 3 02
      2 3 03
      1 3 04
      1 3 07
      1 3 10
      1 3 11
      4 3 12
      8 3 13
      4 3 14
      4 3 15
      2 3 18
      3 3 21
      3 3 22
      5 3 23
      9 4 00
     12 4 01
     13 4 02
     10 4 03
      1 4 04
      2 4 05
      2 4 06
      2 4 07
      1 4 08
      1 4 09
      1 4 10
      1 4 11
      2 4 12
      4 4 13
      3 4 14
      1 4 15
      2 4 19
      2 4 20
      1 4 21
      3 4 22
     12 4 23
      9 5 00
     12 5 01
      8 5 02
      7 5 03
      2 5 05
      2 5 06
      1 5 07
      5 5 09
      4 5 10
      2 5 11
      4 5 13
      5 5 14
      2 5 15
      4 5 19
      1 5 20
     10 5 21
      3 5 22
      9 5 23
      2 6 00
     18 6 01
      4 6 02
      2 6 03
      2 6 04
      2 6 05
      3 6 06
      1 6 07
      5 6 08
      3 6 09
      4 6 10
      5 6 11
      1 6 12
      2 6 13
      4 6 20
      2 6 21
      1 6 22
      7 7 00
      3 7 01
      4 7 02
      1 7 03
      1 7 04
      1 7 05
      5 7 06
      4 7 07
      2 7 08
      2 7 09
      1 7 11
      1 7 12
      1 7 13
      2 7 16
      1 7 19
      1 7 23
