      2 1 01
      4 1 02
      7 1 03
     27 1 04
     11 1 05
      7 1 06
      5 1 07
      6 1 08
      6 1 09
     16 1 10
     11 1 11
      6 1 12
      2 1 13
      7 1 14
      8 1 15
     20 1 16
     23 1 17
      7 1 18
      2 1 19
      1 1 22
      1 2 00
      8 2 03
      4 2 04
      1 2 05
      5 2 06
      8 2 07
     13 2 08
     18 2 09
     27 2 10
     15 2 11
      3 2 12
      3 2 13
      6 2 14
     16 2 15
     23 2 16
     35 2 17
     22 2 18
      4 2 19
      1 2 20
      2 2 22
      2 2 23
      2 3 01
      6 3 02
     12 3 03
     15 3 04
     23 3 05
      1 3 06
     13 3 07
     15 3 08
     18 3 09
     14 3 10
     14 3 11
      8 3 12
      6 3 13
      9 3 14
     15 3 15
     27 3 16
     29 3 17
     32 3 18
      7 3 19
      5 3 20
      1 3 21
      1 3 23
      2 4 01
      3 4 02
      8 4 03
      3 4 04
      4 4 05
     10 4 06
     15 4 07
     22 4 08
     44 4 09
     22 4 10
     30 4 11
     17 4 12
      8 4 13
      7 4 14
     18 4 15
     28 4 16
     24 4 17
     15 4 18
      2 4 19
      1 4 20
      5 4 21
      5 5 00
      1 5 01
      2 5 02
      6 5 03
     10 5 04
      8 5 05
      9 5 06
     14 5 07
     15 5 08
      2 5 09
     24 5 10
     31 5 11
     15 5 12
      3 5 13
      7 5 14
     10 5 15
     20 5 16
     37 5 17
     33 5 18
     17 5 19
      2 5 20
      2 5 21
      2 6 00
      2 6 01
      4 6 02
     15 6 03
     18 6 04
     13 6 05
      8 6 06
     14 6 07
     10 6 08
     19 6 09
     23 6 10
     29 6 11
     18 6 12
      6 6 13
      8 6 14
     28 6 15
     48 6 16
     39 6 17
     35 6 18
     15 6 19
      3 6 20
      1 6 21
      3 6 22
      1 7 00
      2 7 01
      8 7 02
     40 7 03
     27 7 04
      7 7 05
      9 7 06
     18 7 07
     21 7 08
     17 7 09
     31 7 10
     33 7 11
      8 7 12
      8 7 13
     16 7 14
     19 7 15
     18 7 16
     29 7 17
     21 7 18
      4 7 19
      2 7 20
      1 7 21
      2 7 22
      2 7 23
