      3 1 00
      3 1 01
      8 1 02
      9 1 03
      5 1 04
      5 1 05
      8 1 06
      7 1 07
      4 1 08
      6 1 09
      8 1 10
      7 1 11
     14 1 12
      9 1 13
      7 1 14
     13 1 15
     16 1 16
     16 1 17
      7 1 18
     19 1 19
     19 1 20
     15 1 21
     12 1 22
     13 1 23
      6 2 00
     12 2 01
      6 2 02
     10 2 03
     16 2 04
     10 2 05
     17 2 06
      3 2 07
      4 2 08
      3 2 09
      8 2 10
      8 2 11
     12 2 12
      4 2 13
     12 2 14
     11 2 15
     13 2 16
     11 2 17
     14 2 18
     14 2 19
     16 2 20
     21 2 21
     19 2 22
     29 2 23
     21 3 00
     14 3 01
     12 3 02
     14 3 03
     13 3 04
     17 3 05
     10 3 06
     13 3 07
     12 3 08
      4 3 09
      6 3 10
     10 3 11
      9 3 12
     11 3 13
      8 3 14
     18 3 15
      9 3 16
     14 3 17
     14 3 18
     15 3 19
     15 3 20
     17 3 21
      7 3 22
     25 3 23
     20 4 00
     11 4 01
     11 4 02
      8 4 03
      8 4 04
      7 4 05
      3 4 06
      7 4 07
      3 4 08
      4 4 09
      4 4 10
      8 4 11
      8 4 12
      6 4 13
      8 4 14
     17 4 15
     11 4 16
     12 4 17
     12 4 18
     15 4 19
     15 4 20
     11 4 21
     14 4 22
     21 4 23
     14 5 00
     13 5 01
      9 5 02
      6 5 03
      7 5 04
      6 5 05
     12 5 06
     10 5 07
      4 5 08
      6 5 09
      5 5 10
     13 5 11
      4 5 12
      7 5 13
      7 5 14
     21 5 15
     11 5 16
     13 5 17
     20 5 18
     11 5 19
     19 5 20
     15 5 21
     21 5 22
     18 5 23
     21 6 00
      5 6 01
      6 6 02
      6 6 03
      5 6 04
     21 6 05
     11 6 06
      6 6 07
      8 6 08
      9 6 09
      7 6 10
      3 6 11
     14 6 12
      5 6 13
     10 6 14
     13 6 15
     12 6 16
     12 6 17
     12 6 18
     15 6 19
     15 6 20
     10 6 21
      8 6 22
      6 6 23
      5 7 00
      4 7 01
      7 7 02
      6 7 03
      8 7 04
      7 7 05
     11 7 06
      7 7 07
      7 7 08
      2 7 09
     10 7 10
      4 7 11
      4 7 12
     10 7 13
      5 7 14
     23 7 15
      7 7 16
      9 7 17
     14 7 18
      7 7 19
     12 7 20
     10 7 21
     13 7 22
      6 7 23
