      2 1 00
      3 1 01
      5 1 02
      2 1 03
      7 1 04
      2 1 05
      5 1 06
      4 1 07
      2 1 08
      3 1 09
      2 1 10
      7 1 11
      6 1 12
     10 1 13
      2 1 14
      1 1 15
      1 1 16
      1 1 17
      2 1 18
      2 1 19
      1 1 20
      1 1 21
      2 1 23
      3 2 01
      8 2 02
      1 2 03
      4 2 04
      1 2 06
      5 2 07
      4 2 08
      5 2 09
     10 2 10
      4 2 11
      3 2 12
      3 2 13
      7 2 14
      1 2 15
      4 2 16
      3 2 17
      1 2 18
      6 2 19
      1 2 21
      5 2 22
      3 2 23
      3 3 00
      3 3 01
      3 3 02
      1 3 03
      6 3 05
      2 3 06
      7 3 07
      4 3 08
      6 3 09
      5 3 10
      4 3 11
      3 3 12
      8 3 13
      4 3 14
      7 3 15
      4 3 16
      4 3 17
      2 3 18
      4 3 19
      7 3 20
      4 3 21
      3 3 22
      6 3 23
      1 4 05
      5 4 06
     12 4 07
      6 4 08
      3 4 09
      3 4 10
      8 4 11
      2 4 12
      2 4 13
      7 4 14
      7 4 15
      2 4 16
      3 4 17
      3 4 18
      2 4 19
      3 4 20
      1 4 21
      1 4 22
      1 4 23
      1 5 00
      2 5 04
      6 5 05
      4 5 06
      3 5 07
      3 5 08
      2 5 09
      3 5 10
      1 5 11
      1 5 12
      3 5 13
      1 5 14
      2 5 15
      2 5 17
      1 5 18
      1 5 19
      4 5 20
      1 5 21
      1 5 22
      1 5 23
      3 6 00
      3 6 01
      1 6 02
      1 6 03
      2 6 04
      1 6 05
      3 6 06
      6 6 07
      5 6 08
      3 6 09
      1 6 10
      3 6 11
      1 6 12
      1 6 14
      3 6 15
      2 6 16
      2 6 17
      2 6 19
      6 6 20
      3 6 21
      3 6 22
      2 6 23
      1 7 00
      3 7 01
      3 7 02
      8 7 03
      1 7 04
      3 7 05
      4 7 06
      4 7 07
      5 7 09
      6 7 10
      8 7 11
      7 7 12
      4 7 13
      8 7 14
      3 7 15
      4 7 16
      1 7 17
      1 7 18
      1 7 19
      2 7 20
      3 7 21
      2 7 23
