     56 1 00
     33 1 01
     18 1 02
     31 1 03
     26 1 04
     35 1 05
     39 1 06
     20 1 07
     30 1 08
     22 1 09
     14 1 10
      7 1 11
     11 1 12
     15 1 13
     22 1 14
     34 1 15
     27 1 16
     27 1 17
     41 1 18
     50 1 19
     41 1 20
     44 1 21
     62 1 22
     41 1 23
     31 2 00
     37 2 01
     31 2 02
     25 2 03
     42 2 04
     40 2 05
     27 2 06
     38 2 07
     17 2 08
     16 2 09
     13 2 10
     10 2 11
      8 2 12
     18 2 13
     23 2 14
     20 2 15
     28 2 16
     36 2 17
     42 2 18
     43 2 19
     51 2 20
     52 2 21
     53 2 22
     50 2 23
     56 3 00
     44 3 01
     30 3 02
     39 3 03
     26 3 04
     41 3 05
     24 3 06
     49 3 07
     30 3 08
     21 3 09
     11 3 10
     11 3 11
     21 3 12
     20 3 13
      8 3 14
      8 3 15
     17 3 16
     26 3 17
     22 3 18
     44 3 19
     68 3 20
     45 3 21
     64 3 22
     66 3 23
     49 4 00
     30 4 01
     23 4 02
     32 4 03
     21 4 04
     34 4 05
     27 4 06
     26 4 07
     19 4 08
     13 4 09
     15 4 10
     12 4 11
      7 4 12
     15 4 13
     17 4 14
     26 4 15
     19 4 16
     12 4 17
     39 4 18
     36 4 19
     35 4 20
     55 4 21
     46 4 22
     31 4 23
     29 5 00
     27 5 01
     15 5 02
     31 5 03
     28 5 04
     24 5 05
     27 5 06
     17 5 07
     10 5 08
     12 5 09
     11 5 10
     10 5 11
     11 5 12
     12 5 13
     17 5 14
     20 5 15
     31 5 16
     26 5 17
     33 5 18
     48 5 19
     44 5 20
     40 5 21
     42 5 22
     45 5 23
     41 6 00
     24 6 01
     16 6 02
     24 6 03
     42 6 04
     47 6 05
     38 6 06
      9 6 07
     19 6 08
     25 6 09
      7 6 10
      7 6 11
      8 6 12
     16 6 13
     25 6 14
     31 6 15
     16 6 16
     28 6 17
     41 6 18
     42 6 19
     42 6 20
     37 6 21
     32 6 22
     35 6 23
     50 7 00
     52 7 01
     30 7 02
     23 7 03
     31 7 04
     35 7 05
     25 7 06
     24 7 07
     24 7 08
     18 7 09
     12 7 10
     14 7 11
     22 7 12
     12 7 13
     27 7 14
     26 7 15
     17 7 16
     26 7 17
     27 7 18
     55 7 19
     53 7 20
     59 7 21
     50 7 22
     76 7 23
