      1 1 00
      2 1 01
      3 1 02
      4 1 03
      1 1 07
      1 1 10
      1 1 17
      1 1 18
      5 1 19
      1 1 20
      1 1 21
     10 1 23
      8 2 00
      1 2 02
      2 2 03
      1 2 04
      5 2 05
      1 2 08
      5 2 19
      7 2 20
      2 2 21
      2 2 22
      1 2 23
      3 3 01
      2 3 02
      2 3 03
      2 3 04
      1 3 06
      4 3 07
      4 3 19
      6 3 20
      4 3 21
      3 3 22
      1 4 01
      2 4 03
      1 4 04
      1 4 05
      1 4 10
      2 4 14
      1 4 15
      4 4 18
      1 4 19
      1 4 20
      2 4 23
      1 5 02
      4 5 04
      1 5 05
      1 5 12
      1 5 13
      1 5 15
      2 5 16
      1 5 18
      6 5 19
      5 5 20
      2 5 21
      1 5 23
      6 6 00
      3 6 01
      3 6 02
      7 6 22
      1 7 01
      8 7 02
      7 7 03
      1 7 04
      1 7 09
      1 7 19
      2 7 20
