     30 1 00
     27 1 01
     20 1 02
     25 1 03
     15 1 04
     19 1 05
     11 1 06
     16 1 07
     12 1 08
     12 1 09
      7 1 10
      1 1 11
      2 1 12
      1 1 13
      1 1 14
      2 1 15
      3 1 16
      5 1 17
     17 1 18
     38 1 19
     29 1 20
     18 1 21
     23 1 22
     36 1 23
     22 2 00
     31 2 01
     12 2 02
      9 2 03
      8 2 04
     10 2 05
     18 2 06
     25 2 07
     14 2 08
     22 2 09
      4 2 10
      4 2 11
      4 2 12
      2 2 13
      6 2 14
      3 2 15
      3 2 16
      8 2 17
     16 2 18
     28 2 19
     38 2 20
     24 2 21
     20 2 22
     35 2 23
     48 3 00
     31 3 01
     15 3 02
     14 3 03
     12 3 04
      9 3 05
     27 3 06
     27 3 07
     15 3 08
     11 3 09
      4 3 10
      2 3 11
      1 3 12
      2 3 13
      2 3 14
      5 3 15
      4 3 16
      8 3 17
     21 3 18
     37 3 19
     31 3 20
     11 3 21
     35 3 22
     25 3 23
     27 4 00
     23 4 01
     17 4 02
     13 4 03
     10 4 04
     10 4 05
     15 4 06
     21 4 07
     15 4 08
     10 4 09
      4 4 10
      3 4 11
      4 4 12
      3 4 13
      7 4 14
      2 4 15
      2 4 16
      9 4 17
     27 4 18
     30 4 19
     30 4 20
     13 4 21
     22 4 22
     28 4 23
     30 5 00
     43 5 01
      9 5 02
      3 5 03
     21 5 04
     10 5 05
     20 5 06
     18 5 07
     19 5 08
      6 5 09
      8 5 10
      2 5 11
      1 5 12
      1 5 13
      8 5 14
      1 5 15
      2 5 16
      6 5 17
     21 5 18
     40 5 19
     23 5 20
     18 5 21
     17 5 22
     19 5 23
     16 6 00
     23 6 01
     15 6 02
     12 6 03
      6 6 04
      8 6 05
      9 6 06
     21 6 07
     15 6 08
      6 6 09
      4 6 10
      2 6 11
      2 6 12
      1 6 14
      3 6 16
      2 6 17
      6 6 18
     22 6 19
     13 6 20
     24 6 21
     30 6 22
     52 6 23
     33 7 00
     27 7 01
     20 7 02
     26 7 03
     16 7 04
     22 7 05
     13 7 06
     11 7 07
     18 7 08
      1 7 09
      5 7 10
      5 7 11
      1 7 12
      1 7 13
      2 7 14
      1 7 15
      2 7 16
      7 7 17
     13 7 18
     10 7 19
     19 7 20
     21 7 21
     44 7 22
     21 7 23
