      4 1 00
      1 1 01
      1 1 03
      2 1 04
      1 1 05
      8 1 10
      1 1 11
      1 1 12
      2 1 13
      3 1 14
      6 1 15
      9 1 16
      6 1 17
     12 1 18
      9 1 19
      6 1 20
      9 1 21
      6 1 22
      1 1 23
      4 2 01
      1 2 03
      2 2 04
      2 2 05
      2 2 07
      4 2 08
      8 2 09
     15 2 10
      4 2 11
      4 2 12
      6 2 14
      3 2 15
      6 2 16
     13 2 17
      3 2 18
      8 2 19
      4 2 20
     10 2 21
      8 2 22
      1 2 23
      4 3 00
      3 3 01
      9 3 02
      3 3 03
      1 3 06
      2 3 07
      2 3 08
     10 3 09
      9 3 10
      3 3 11
      3 3 12
      7 3 13
      4 3 15
     11 3 17
      5 3 18
      2 3 19
      6 3 20
     18 3 21
     11 3 22
      1 3 23
      2 4 01
      1 4 02
      1 4 05
      1 4 06
      2 4 08
      5 4 09
     13 4 10
      4 4 11
      3 4 12
      2 4 13
      4 4 14
      2 4 15
      3 4 16
      4 4 17
      4 4 18
      2 4 19
      2 4 20
      2 4 21
     10 4 22
      4 4 23
      2 5 00
      3 5 01
      2 5 02
      2 5 03
      2 5 04
      1 5 05
      2 5 06
      1 5 07
      3 5 08
      7 5 09
     24 5 10
      3 5 11
      6 5 12
      8 5 13
      5 5 14
      5 5 15
      8 5 16
      3 5 17
      3 5 18
      3 5 19
     10 5 20
      5 5 21
      5 5 22
      4 5 23
      3 6 00
      2 6 02
      1 6 05
      2 6 08
      2 6 09
      4 6 10
      4 6 11
      3 6 12
      8 6 13
      7 6 14
      6 6 15
      9 6 16
      1 6 17
      5 6 18
      5 6 19
     12 6 21
     11 6 22
      4 6 23
      9 7 00
      4 7 01
      1 7 02
      1 7 04
      1 7 05
      2 7 06
      4 7 09
      2 7 10
     10 7 11
      2 7 12
     20 7 13
      7 7 14
      2 7 15
      3 7 16
      7 7 17
      2 7 19
      3 7 20
      2 7 21
      1 7 22
      4 7 23
