      5 1 00
      2 1 02
      3 1 03
      2 1 04
      1 1 06
      8 1 07
     14 1 08
     38 1 09
     34 1 10
     36 1 11
     23 1 12
     30 1 13
     33 1 14
     23 1 15
     28 1 16
     13 1 17
     34 1 18
     33 1 19
     40 1 20
     29 1 21
     31 1 22
      1 1 23
      3 2 00
      1 2 02
      3 2 07
     15 2 08
     37 2 09
     19 2 10
     38 2 11
     33 2 12
     26 2 13
     16 2 14
     13 2 15
     14 2 16
     19 2 17
     15 2 18
     35 2 19
     35 2 20
     35 2 21
     19 2 22
      3 2 23
      1 3 02
      1 3 04
      9 3 07
      4 3 08
     20 3 09
     24 3 10
     32 3 11
     35 3 12
     32 3 13
     19 3 14
     18 3 15
     11 3 16
     49 3 17
     21 3 18
     18 3 19
     18 3 20
     41 3 21
     41 3 22
     13 3 23
      3 4 00
      5 4 01
      1 4 02
      1 4 03
      1 4 05
      6 4 08
     22 4 09
     23 4 10
     28 4 11
     37 4 12
     12 4 13
     22 4 14
     12 4 15
      9 4 16
      7 4 17
     18 4 18
     23 4 19
     36 4 20
     17 4 21
     18 4 22
     18 4 23
      3 5 00
      2 5 01
      1 5 02
      1 5 05
      1 5 06
     19 5 08
     31 5 09
     29 5 10
     21 5 11
     35 5 12
     23 5 13
     35 5 14
     25 5 15
     23 5 16
     18 5 17
     23 5 18
     23 5 19
     34 5 20
     20 5 21
     14 5 22
     26 5 23
      8 6 00
      3 6 01
      2 6 08
     28 6 09
    114 6 10
    110 6 11
    112 6 12
     65 6 13
     51 6 14
     55 6 15
     45 6 16
     39 6 17
     61 6 18
     24 6 19
     28 6 20
     31 6 21
     32 6 22
     12 6 23
      3 7 00
      2 7 01
      1 7 04
      1 7 05
      1 7 06
      1 7 08
     27 7 09
    102 7 10
    152 7 11
    103 7 12
     83 7 13
     84 7 14
     53 7 15
     44 7 16
     80 7 17
     67 7 18
     45 7 19
     68 7 20
     51 7 21
     32 7 22
     19 7 23
