     21 1 00
      7 1 01
      8 1 02
      3 1 03
      8 1 04
      5 1 05
      6 1 06
      6 1 07
      1 1 09
      4 1 10
      8 1 11
     10 1 12
      8 1 13
     10 1 14
     16 1 15
     22 1 16
     14 1 17
     14 1 18
     19 1 19
     14 1 20
     15 1 21
     18 1 22
     26 1 23
     25 2 00
     23 2 01
     32 2 02
      8 2 03
     14 2 04
      7 2 05
     10 2 06
      6 2 07
      2 2 09
      7 2 10
     17 2 11
      9 2 12
     16 2 13
     14 2 14
     13 2 15
     22 2 16
     22 2 17
     16 2 18
      8 2 19
     14 2 20
     14 2 21
     15 2 22
     18 2 23
     17 3 00
      7 3 01
      8 3 02
      3 3 03
     12 3 04
      7 3 05
      3 3 07
      4 3 08
     14 3 09
      9 3 10
     15 3 11
     14 3 12
     13 3 13
     12 3 14
     17 3 15
     20 3 16
      7 3 17
     19 3 18
     17 3 19
     11 3 20
     19 3 21
     32 3 22
     12 3 23
     17 4 00
     13 4 01
     16 4 02
      5 4 03
      6 4 04
      4 4 05
     10 4 06
      6 4 07
      2 4 08
      1 4 10
      6 4 11
      3 4 12
     10 4 13
     12 4 14
     15 4 15
     11 4 16
      3 4 17
      6 4 18
     12 4 19
     15 4 20
     10 4 21
     12 4 22
     16 4 23
     13 5 00
     14 5 01
     12 5 02
     17 5 03
      4 5 04
      4 5 05
      3 5 06
      2 5 07
      9 5 08
     10 5 09
      5 5 10
      5 5 11
      8 5 12
     10 5 13
      4 5 14
     14 5 15
     15 5 16
     11 5 17
     11 5 18
     23 5 19
     14 5 20
     17 5 21
     20 5 22
     14 5 23
     22 6 00
     24 6 01
     15 6 02
     13 6 03
      4 6 04
     11 6 05
      3 6 06
      2 6 07
      3 6 08
      1 6 09
      5 6 10
      4 6 11
     10 6 12
      7 6 13
      5 6 14
     13 6 15
     10 6 16
     28 6 17
     19 6 18
     12 6 19
     13 6 20
     26 6 21
     22 6 22
     17 6 23
      9 7 00
     19 7 01
     13 7 02
     10 7 03
      4 7 04
      8 7 05
      7 7 06
      5 7 07
      6 7 08
      6 7 09
      8 7 10
      7 7 11
     12 7 12
     18 7 13
     12 7 14
     24 7 15
     14 7 16
     18 7 17
     17 7 18
     11 7 19
     16 7 20
     13 7 21
     13 7 22
     17 7 23
