      1 1 01
      1 1 02
      4 1 03
      8 1 04
      5 1 05
      1 1 06
      3 1 08
      4 1 09
      1 1 10
      1 1 11
      5 1 12
     10 1 13
      4 1 16
      1 1 17
      1 1 18
      4 1 21
      5 1 23
      1 2 00
      3 2 01
      7 2 02
      7 2 03
     10 2 04
      1 2 06
      3 2 07
      5 2 08
      2 2 09
      2 2 10
      1 2 11
      5 2 12
      4 2 13
      2 2 14
      2 2 15
      1 2 16
      1 2 17
      2 2 18
      1 2 19
      5 2 21
      3 2 22
      6 2 23
      1 3 02
     22 3 03
      3 3 04
      1 3 05
      1 3 06
      3 3 09
      3 3 10
      3 3 11
     10 3 12
      1 3 13
      1 3 14
      4 3 16
      1 3 17
      4 3 18
      4 3 19
      4 3 20
      1 4 00
      1 4 01
      3 4 02
     10 4 03
      7 4 04
      1 4 05
      1 4 06
      7 4 07
      4 4 08
      4 4 09
      4 4 10
      1 4 11
      6 4 12
      6 4 13
      2 4 14
      1 4 17
     12 4 22
      1 4 23
      5 5 00
      1 5 01
      3 5 03
      7 5 04
      5 5 06
      6 5 07
      1 5 08
      3 5 09
      2 5 11
      5 5 16
      1 5 17
      2 5 18
      1 5 21
      1 5 22
      2 5 23
      1 6 00
      3 6 03
      3 6 04
      5 6 06
      3 6 07
      4 6 08
      2 6 09
      1 6 11
      9 6 13
      2 6 14
      3 6 15
      3 6 17
      5 6 18
      1 6 19
      2 6 20
      3 6 21
      3 6 22
      5 6 23
      2 7 00
      4 7 01
      2 7 02
      4 7 03
      6 7 04
      5 7 05
      2 7 06
      5 7 07
      3 7 08
      1 7 09
      5 7 10
      1 7 12
      5 7 13
      1 7 14
      1 7 17
      1 7 18
      5 7 19
      2 7 21
      5 7 22
      6 7 23
