     11 1 00
      5 1 01
      6 1 02
      8 1 03
      3 1 04
      5 1 05
      7 1 06
      6 1 07
      1 1 09
      4 1 10
      4 1 15
      4 1 16
     18 1 17
     31 1 18
     11 1 19
     12 1 20
     18 1 21
     20 1 22
     25 1 23
     15 2 00
      6 2 01
      2 2 02
      3 2 03
      9 2 04
      8 2 05
      4 2 06
      1 2 13
      1 2 15
      5 2 16
      5 2 17
     10 2 18
     11 2 19
      4 2 20
     14 2 21
     12 2 22
     23 2 23
     20 3 00
      8 3 01
     11 3 02
      9 3 03
      6 3 04
      2 3 05
      1 3 06
      1 3 08
      1 3 10
      1 3 14
      3 3 15
      9 3 16
     15 3 17
     12 3 18
      6 3 19
     13 3 20
     20 3 21
     14 3 22
     13 3 23
     21 4 00
      7 4 01
      5 4 02
     10 4 03
      4 4 04
      7 4 05
      6 4 06
      1 4 07
      1 4 08
      1 4 11
      4 4 14
      3 4 15
      6 4 16
      8 4 17
     10 4 18
     11 4 19
     13 4 20
      8 4 21
     26 4 22
     28 4 23
     15 5 00
      2 5 01
      3 5 02
      2 5 04
      3 5 05
      2 5 09
      3 5 15
     14 5 16
     16 5 17
     17 5 18
     18 5 19
     15 5 20
     12 5 21
     14 5 22
     24 5 23
     24 6 00
      1 6 01
      1 6 02
      2 6 03
      5 6 04
      3 6 05
      1 6 06
      1 6 07
      1 6 08
      1 6 10
      3 6 16
      4 6 19
      3 6 20
      7 6 21
     15 6 22
     14 6 23
     12 7 00
      5 7 01
      6 7 02
      7 7 03
      8 7 04
     11 7 05
      3 7 06
      4 7 07
      5 7 08
      1 7 09
      2 7 13
      3 7 14
      9 7 15
      5 7 16
      8 7 17
      4 7 18
      4 7 19
      4 7 20
      7 7 21
     17 7 22
     14 7 23
