     27 1 00
     14 1 01
      7 1 02
      8 1 03
      8 1 04
     11 1 05
      8 1 06
      9 1 07
     36 1 08
     34 1 09
     31 1 10
     26 1 11
     10 1 12
     28 1 13
     45 1 14
     43 1 15
     20 1 16
     45 1 17
     37 1 18
     40 1 19
     25 1 20
     43 1 21
     34 1 22
     44 1 23
     24 2 00
     17 2 01
     14 2 02
      6 2 03
     14 2 04
     10 2 05
      5 2 06
     12 2 07
     30 2 08
     34 2 09
     44 2 10
     33 2 11
     37 2 12
     22 2 13
     21 2 14
     20 2 15
     34 2 16
     29 2 17
     26 2 18
     57 2 19
     36 2 20
     46 2 21
     35 2 22
     56 2 23
     30 3 00
      5 3 01
      7 3 02
      5 3 03
      9 3 04
     17 3 05
      6 3 06
     17 3 07
     18 3 08
     33 3 09
     31 3 10
     22 3 11
     31 3 12
     31 3 13
     19 3 14
     34 3 15
     24 3 16
     33 3 17
     48 3 18
     43 3 19
     32 3 20
     29 3 21
     19 3 22
     23 3 23
     14 4 00
      3 4 01
     13 4 02
     11 4 03
     12 4 04
     10 4 05
      6 4 06
      7 4 07
     17 4 08
     29 4 09
     45 4 10
     33 4 11
     28 4 12
     27 4 13
     31 4 14
     40 4 15
     21 4 16
     36 4 17
     49 4 18
     23 4 19
     31 4 20
     59 4 21
     31 4 22
     33 4 23
     21 5 00
      7 5 01
      9 5 02
      5 5 03
     10 5 04
      6 5 05
      4 5 06
     18 5 07
     25 5 08
     31 5 09
     30 5 10
     49 5 11
     43 5 12
     24 5 13
     18 5 14
     44 5 15
     35 5 16
     28 5 17
     39 5 18
     15 5 19
     24 5 20
     24 5 21
     25 5 22
     21 5 23
     15 6 00
      6 6 01
      7 6 02
      8 6 03
      4 6 04
      7 6 05
     13 6 06
     15 6 07
     27 6 08
     51 6 09
     37 6 10
     45 6 11
     63 6 12
     26 6 13
     52 6 14
     43 6 15
     38 6 16
     49 6 17
     59 6 18
     81 6 19
     50 6 20
     63 6 21
     48 6 22
     34 6 23
     26 7 00
     15 7 01
     17 7 02
     11 7 03
     11 7 04
     12 7 05
      9 7 06
     22 7 07
     35 7 08
     38 7 09
     65 7 10
     67 7 11
     89 7 12
     37 7 13
     52 7 14
     42 7 15
     76 7 16
     56 7 17
     76 7 18
    102 7 19
     60 7 20
     49 7 21
     50 7 22
     49 7 23
