      4 1 00
      4 1 18
      5 1 19
      5 1 20
      2 1 21
      1 1 22
      2 1 23
      1 2 00
      5 2 01
      1 2 02
      8 2 03
      1 2 04
      3 2 16
      1 2 17
      2 2 18
      3 2 20
      1 2 21
      6 2 23
      7 3 00
      4 3 03
      2 3 04
     10 3 05
     11 3 06
      1 3 17
      1 3 20
      3 3 23
      2 4 00
      5 4 02
      9 4 03
      1 4 05
      1 4 08
      1 4 10
      3 4 19
      1 4 21
      3 4 22
      3 4 23
      1 5 00
      1 5 04
      3 5 05
      7 5 09
      2 5 14
      1 5 22
      3 5 23
      1 6 00
      1 6 03
      8 6 05
      1 6 06
      7 6 23
      4 7 00
      3 7 01
      4 7 02
      1 7 03
      1 7 04
      2 7 05
      3 7 06
      3 7 19
      5 7 20
      3 7 21
      2 7 22
      2 7 23
