      1 1 18
      4 1 19
      1 2 00
      1 2 01
      1 2 04
      2 2 05
      2 2 07
      3 2 08
      3 2 09
      2 2 16
      6 2 17
     10 2 18
      4 2 19
      1 2 20
      1 2 21
      2 2 22
      6 3 01
      1 3 02
      1 3 03
      1 3 04
      4 3 06
      1 3 07
      2 3 09
      1 3 17
      1 3 18
      2 3 19
     13 3 20
      1 3 21
      1 3 23
      1 4 01
      1 4 02
      1 4 03
      2 4 05
      1 4 06
      1 4 07
      3 4 08
      3 4 19
      3 4 20
      4 4 21
      4 4 22
      2 4 23
      1 5 00
      2 5 01
      1 5 02
      1 5 04
      3 5 05
      1 5 06
      4 5 07
      3 5 08
      2 5 09
      3 5 19
      1 5 20
      4 5 21
      2 5 22
      4 5 23
      1 6 01
      1 6 04
      1 6 05
      2 6 06
      3 6 08
      1 6 16
      2 6 18
      1 6 19
      1 6 20
