      1 1 00
      1 1 04
      7 1 05
      2 1 07
      2 1 10
      2 1 11
      4 1 13
      1 1 14
      8 1 15
      6 1 16
      6 1 17
      7 1 18
      8 1 19
      4 1 21
      4 1 22
      7 1 23
      4 2 00
      3 2 01
      4 2 02
      1 2 03
      2 2 04
      2 2 05
      3 2 06
      2 2 11
      1 2 13
      3 2 14
     18 2 15
      6 2 16
      3 2 22
      1 3 02
      3 3 05
      6 3 11
      1 3 12
      6 3 13
      1 3 14
      4 3 15
     15 3 16
      1 3 18
      1 3 20
      1 3 21
      9 3 22
      5 4 00
      6 4 01
      7 4 02
      2 4 03
      1 4 07
      1 4 09
      2 4 10
      2 4 11
      1 4 12
      2 4 14
      2 4 15
      2 4 16
      2 4 17
     12 4 19
      2 4 21
      2 4 22
      1 4 23
      2 5 00
      1 5 01
      2 5 05
      1 5 08
      6 5 11
      3 5 12
      1 5 14
     11 5 15
      1 5 16
      1 5 17
      1 5 18
      3 5 20
      5 5 21
      4 5 22
      2 5 23
      2 6 00
      1 6 02
      1 6 03
      4 6 13
      7 6 15
      5 6 16
      2 6 17
      4 6 18
      2 6 19
      2 6 20
      2 6 21
      2 6 22
      2 7 02
      3 7 03
      1 7 04
      1 7 05
      7 7 11
      1 7 13
      7 7 15
      6 7 16
      2 7 17
      6 7 18
      4 7 19
      2 7 20
      2 7 21
      7 7 22
