
031ba61147e3bbc16d796e70e4f915cd4a9229d0,1 ,1 ,0,1,68,5249,Jack000, 1449271196
80e2084f3267af9f5b5fe8732c19e47b23a6df8a,26 ,24 ,2,4,68,5249,GSI2015, 1447450782
76bf0493e03779b8c2626c1d0ca765396c0eea72,4 ,7 ,-3,1,68,5245,Jack000, 1446832779
c6d5f6dc0ca22af8dd3036c005c9d306d0c757d2,2 , ,2,1,68,5248,Jack000, 1446800875
06b4da2b8e761b829f5c1807df5a707114a232d1,26 ,8 ,18,2,68,5246,Jack000, 1446800541
63e6dbe9983ffc66eb71f99e0ba99afe5667a3c0,4 ,13 ,-9,1,68,5228,Jack000, 1445499524
406465c2dbb25a289df53fdaa15b3a8ac37da20b,18 ,18 ,0,1,68,5237,Jack000, 1445465877
5ef0201b6f5111a8d100106af0e6822c941ea454,5 ,12 ,-7,1,68,5237,Jack000, 1445418562
7efa065fe707bf809a33d4335029be91bda82062,2 ,2 ,0,1,68,5244,Jack000, 1445416679
633f75264f3d30bfdae1c50b1922397e2c7f5b34,2 ,2 ,0,2,68,5244,Jack000, 1445226920
263d042710fb0d5a9f98c6fd8f62a25fcf8abee3,1 ,1 ,0,1,68,5244,Jack000, 1445222166
97b8d4664a26c7e0bf1eba4fc5185af0144a745c,2 , ,2,1,68,5244,Jack000, 1445221093
d3f16a8912cec9154e56aefe7114be9d208939ae,13 ,13 ,0,1,68,5242,Jack000, 1445220944
b15ebe5e3634228dab864bb5b0b5bf2298b77515,1 ,1 ,0,1,68,5242,Jack000, 1445220393
3c2ff53ec1419c207f3663a2ac26a08638f6149f,28 ,16 ,12,1,68,5231,Jack000, 1445159198
8e776efbed202dca000c765dfbae80e0a0c1aa0d,1 ,1 ,0,1,68,5219,Jack000, 1445158100
bdeb95fb06111dd56876cff3112cc6b7ca363b12,5 ,5 ,0,1,68,5219,Jack000, 1445150557
9ccfcaf802f40726e9d5296462f0a4c13c3059a7,2 , ,2,2,68,5219,Jack000, 1445145423
24e08da6c6d596d92f0cce67f891f9f630f84342,1 ,1 ,0,1,68,5217,hutcheon, 1445130812
9488c8e00d48fe4b82ca6fdf415efd6b838dc7a3,1 ,1 ,0,1,68,5217,hutcheon, 1445096263
46b25bc139468347a482ccd0dde9482d755851b6,4 ,3 ,1,1,68,5217,hutcheon, 1445095506
2acfd44d220fd86d19269ec02666a37cd4c2ec25,4 ,4 ,0,1,68,5198,Jack000, 1445086161
1c86104b2f59203a042225b0df34be96be753be3,1 ,1 ,0,1,68,5198,Jack000, 1445064863
8ddb44265f19e77ae66d2d3af6972ee09c6d281d,21 ,3 ,18,1,68,5216,hutcheon, 1445054257
ee72ebe1ba2019b38673050d4202128df9247f73,5 ,5 ,0,1,68,5198,Csaba Palfi, 1445033125
b486b8dc0ecf86f713cad73a0cac338a209079bb,11 ,3 ,8,2,68,5198,Jack000, 1444952614
c2f12014d328307fefa92c84991af058e131fef9,15 ,4 ,11,1,68,5201,Stephen Brown II, 1444925922
39db4c0e80a78106aa238bf668686c1b308f6c0f,16 ,16 ,0,1,68,5141,Pierre Cazenave, 1444902551
49c985a1b0b9bc1c2a39f00d2847a89a51ec53b0,1 , ,1,1,68,5190,Jack000, 1444893774
f538fff541afaeecc16d1b0fbeaa78d05a592bc8,3 ,3 ,0,1,68,5189,Jack000, 1444893647
eafe750e75c04cc1f1f91be737f05cdb828d0888,6 ,1 ,5,1,68,5189,Jack000, 1444893458
d07bbbb73c57d0ed8ca5043115e54cb1e5b546f8,3 ,3 ,0,1,68,5184,Jack000, 1444892505
f1f72af6c12ea7c6852e44dd5f069e71ccce60a6,44 , ,44,1,68,5184,Jack000, 1444892381
36dfc9a89d2943f88ef7b0614f3d53f85b3bf3c7,1 ,1 ,0,1,68,5141,Jack000, 1444864198
5f4a4d411c2c9e691a85c9ec3805753ba0c937c6,1 ,1 ,0,1,68,5141,hutcheon, 1444859822
bdb5a9c17034b1bfa4f4f2564e862e4114d4ce2d,29 ,21 ,8,1,68,5141,Jack000, 1444824177
91c8dc0f6ba5d2750a405d048dcb9a8077d6525f,14 ,5 ,9,1,68,5133,Jack000, 1444818154
29aa625701e8cfb823eaf72cb37b1a677235c272,1 ,1 ,0,1,68,5124,Richard Fletcher, 1444810236
3dbc1ceddcd98f09ebabcd12e641c7e8857c50b8,5 , ,5,1,68,5124,Jack000, 1444765973
788298a2e090004faadf4dec61159eef0ff5efbd,7 ,1 ,6,1,68,5129,Jack000, 1444765003
22c27c6edf5f9ab449aa9072fbad387f7db313e1,1 ,1 ,0,1,68,5123,Brad Parbs, 1444742877
ccf8eb78fd4b158a84eef67883acd57140a3c462,1 ,1 ,0,1,68,5123,Jack000, 1444681232
5dd83fc485175ef62f1526a3b81c1c29c93c5904,21 , ,21,1,68,5123,Jack000, 1444681156
93e1924eaea6abb18bbf7dc8ff3f9ef8d73e8e1b,1 ,1 ,0,1,67,5103,Jack000, 1444639736
f986da8ee34a11a0215423150b719d2f5558d43c,1 ,1 ,0,1,67,5103,Jack000, 1443391266
041a270ff1016fa2501ed35439c6544cea5b9a3a,4 ,4 ,0,2,67,5103,Jack000, 1442885386
b79fc71f2a66ff4e8adb4d0c2832797bd773c9c6,3 ,1 ,2,1,67,5103,Jack000, 1442281710
81f0818dbc4076b3a16bb3144a904bbceaddb9cc,2 ,2 ,0,1,67,5101,Jack000, 1441544164
1b267ecd191eb8a826a13e4fa845b46eacb9cb56,7 ,5 ,2,2,67,5101,Jack000, 1441543836
3f1b59dfab69378573044409ced74b75ad676097,2 , ,2,1,67,5099,Jack000, 1441449865
80f5b1ca7d167e243987515ca732c64d1ae616e9,10 ,1 ,9,1,67,5097,Jack000, 1441444272
13c598e26c70f2c7bac9f4010506c87cd3e6cfe3,7 , ,7,1,67,5088,Jack000, 1441443055
fd58134cff20a91c5fc9d9270bf72d2da92869ca,5 ,5 ,0,3,67,5095,Jack000, 1441442912
cd5f8a0a37801a388a4257a5030d639579b9bb42,3 ,3 ,0,1,67,5095,Jack000, 1441261198
2ef9fcd9c5dfa177344766f2bc2ead4b782aeaa9,9 ,24 ,-15,2,67,5095,Jack000, 1441111264
cf932bb712d66d93812a8f01e38963e14fe1db80,1 ,1 ,0,1,67,5110,Jack000, 1441110762
ecafaabacf96d7e0ec8228e47b3d44b32bfb0917,7 ,5 ,2,1,67,5110,Jack000, 1441110449
6694738595484027b691273404be21726e37de02,3 ,1 ,2,1,67,5108,Jack000, 1441109981
f441fec911c53d9dc03fb9ebed2acc24335ac677,2 ,1 ,1,1,67,5106,Jack000, 1441109586
782b37e5335fa30e6ffcbaef1450442ce3b7d876,1 ,14 ,-13,1,67,5105,Jack000, 1441109286
0377a2f51cc32263a706891c6818b2d93641c46b,1 ,1 ,0,1,67,5119,Jack000, 1441107987
2379cc320a65ac7e43fd63abc5458a2835e0b202,7 , ,7,1,67,5119,Jack000, 1441107971
9ce142788d83d63eb79a0ec0fc361d188bedd591,1 ,1 ,0,1,67,5112,Jack000, 1441106662
d06c3a87577beab8ac357c3cd858b22cc9fac132,6 ,3 ,3,1,67,5112,Jack000, 1441106602
1fe66425a0397c26e85d97e3f86cda4113b4debd,10 ,10285 ,-10275,18,67,5109,Jack000, 1441105792
b94bf429a7d76df5a3b87e9d01b6c687ce0879f8,17 ,4 ,13,4,82,16915,Jack000, 1441101508
782106911f1e6244fd7ba8169c29fd8e11e758ec,4 ,4 ,0,2,83,16903,Jack000, 1441101445
9ba6b64c749665b29775e850ddd0c387d4058824,1 , ,1,1,83,16903,Jack000, 1441101351
0cee0b35486724427b1a16287f4ab979647d3891,2 ,10 ,-8,4,83,16904,Jack000, 1441098621
a4b50bb8a3826db3433d5afa483988d5209260b1,3 ,3 ,0,1,85,16910,Jack000, 1441085796
7fd1fedd3578ce3d466cedf7a8088e1a320783b7,4 ,1 ,3,1,85,16910,Jack000, 1441085541
28d2ebf5cd23d9f4d645a2090b3203314b2ddc8c,1 ,1 ,0,1,85,16907,Jack000, 1441080972
6b02a36eb38668a7437de5caef16d4c456a495c8,7 ,7 ,0,2,85,16907,Jack000, 1441080824
b3dba8d7182b68c06afae57571ba51332785acea,19 ,8 ,11,4,85,16907,Jack000, 1441080584
1bcb8384282eb1da901fe551096f70e2bf952080,15 ,1 ,14,2,86,16897,Jack000, 1441076889
580a10e1865fd0aff57fc585b677191905941fc2,1 ,1 ,0,1,86,16883,Jack000, 1441062319
53ce8315bc03d53c8ab4e5e3da5f1a899c3fd740,6 ,4 ,2,2,86,16882,Jack000, 1441015918
c445592d4299aaeca884227e005c8835f12dde6c,21 ,6 ,15,1,86,16880,Jack000, 1440925257
cc43854e43cdd1d5a6804d1a8236ce7e90566072,6 ,5 ,1,1,86,16865,Jack000, 1440921762
8b2a2c50f7956bbb98fd1b814b791be14d8b5ffe,2 ,4 ,-2,2,86,16864,Jack000, 1440841028
3c5f611f9897c1f6dfe3c11fa05063c392c9465d,1 ,1 ,0,1,86,16864,Jack000, 1440838214
f045c8ebc2187686859c378e4cce2b181626b7cc,12 ,10 ,2,1,86,16864,Jack000, 1440836844
874f18cd36fc07c3988155c39e15f5370e41af6f,10 ,9 ,1,1,86,16862,Jack000, 1440831956
eac365e7a7617450bd8dd30e71d2ba01c32ed642,123 ,3 ,120,2,86,16860,Jack000, 1440817502
720384100721c8e6d4c19ccb75e464a33b8c8340,2 ,2 ,0,1,86,16740,Jack000, 1440764902
c67d2272bca45829060ab799cb99713793589c5e,15278 , ,15278,84,86,16740,Jack000, 1440763865
