
0f368e695b18f72eb4493206274e1bf23c8c4540,1 ,1 ,0,1,26,1178,nixon, 1337284763
ec40966ce219cb7b465ba8827d4698f42d8beb5b,2 ,2 ,0,1,26,1178,Miles, 1334774548
3c3217bde735d60099ece232ba2eaa6f4c12eba1,7 ,1 ,6,2,26,1178,Mike Douglas, 1310591282
c8622d556b9d262d0005b9cf12b5a10194827c54,15 ,1 ,14,2,26,1172,Sven Kräuter, 1291754761
5aacd18beb2267a0f95e1140298895b3fd6b0694,2 ,2 ,0,1,26,1158,cloudhead, 1291257213
34d3e4770ca10efaec37ed92ddf1903c4bfcd9fa,1 ,1 ,0,1,26,1158,cloudhead, 1291257149
52bd66f14cd3e32dd6a0a09523dd957b91d79ae1,2 ,2 ,0,1,26,1158,cloudhead, 1291257141
137c170258d63e09e6265291abe9a7941536648a,1 ,1 ,0,1,26,1158,cloudhead, 1291062969
bdebd460b73a9c1931ab2af1a77f23172369f3b9,1 ,1 ,0,1,26,1158,cloudhead, 1291062933
c8801b2caeb09d234884cafc72416703f5944341,1 ,1 ,0,1,26,1158,cloudhead, 1289460254
aa2690de2c960c7e0d3d1a64eed25ac4b005859a,1 ,1 ,0,1,26,1158,cloudhead, 1289448594
bdadbf9afbd68cc54897f6f62987e1a9c8bdfa83,1 ,1 ,0,1,26,1158,cloudhead, 1277658260
35a46637498705c8f424900331ac9e891d15b2e6,6 ,5 ,1,1,26,1158,cloudhead, 1277658094
87fe3d1fcd45c91b436d084f95db55b628328fe2,2 ,2 ,0,1,26,1157,cloudhead, 1273615509
ddb5465f6fe38390f218daebd838d6a087ba4902,1 ,1 ,0,1,26,1157,cloudhead, 1273615504
e6febabcb9139f76a633fc6be12646589b9de7b5,12 ,2 ,10,2,26,1157,cloudhead, 1273615492
973445e50ba6dd2bb8e8f4b4ba78c20600ff268b,1 ,1 ,0,1,26,1147,cloudhead, 1272921885
211e07926a584f5a96c33ee689b319c58520b2f4,7 ,2 ,5,1,26,1147,cloudhead, 1271022546
63b9c6fa7f450e89d6e205cc0e6f6353e9d5f8b6,1 ,1 ,0,1,26,1142,cloudhead, 1271022235
db06befc9e303d29bbadb4ff2aeeded8d50e8c90,36 ,8 ,28,1,26,1142,Colin Shea, 1270330065
e6c61c021cd9a73a6f223808e50fdfe5ee868908,25 ,3 ,22,2,26,1114,Colin Shea, 1270257091
eb87c792d7e79f7c31183830d7de517b763fa3f9,3 ,2 ,1,1,26,1092,Colin Shea, 1268865069
0393dfd1f9f7ad3384f02ac296098fea03e748ea,2 ,2 ,0,1,26,1091,cloudhead, 1270194065
939faefede6392918a34037a347666ce9678ca4d,2 ,1 ,1,2,26,1091,Colin Shea, 1268863400
8455a3b1c1e3504bb896d80650a8e32ecc5a98b3,1 ,1 ,0,1,26,1090,cloudhead, 1270193133
731217269d3607c8fa835bb1e38c73d81941f60d,1 ,1 ,0,1,26,1090,cloudhead, 1270193129
84b8105c76fa477e0b13ccc17d6cd8c698860e25,2 ,1 ,1,1,26,1090,cloudhead, 1270193110
c8d930a1609ad1b400f1daf2e350e47d8127c5db,5 , ,5,1,26,1089,cloudhead, 1270193086
e12d6b8dd2b0435cdca67744c50c4f25cfe760e7,7 ,6 ,1,1,25,1084,cloudhead, 1270192986
97cf5046ce3f3ca3c3b8d1ae8afe224e84f31da0,23 ,18 ,5,1,25,1083,cloudhead, 1270192955
c1fdc2ad6d394fe935497b78a865a18c2127071f,15 ,13 ,2,2,25,1078,Jonathan Matthews, 1269032714
f3a3dc2db0f070eeb1eb57fb522eb055039d6c19,1 ,1 ,0,1,25,1076,cloudhead, 1268803948
7cdb3e923ca5814670fec43bf645d2e3c4f98881,3 ,2 ,1,1,25,1076,cloudhead, 1268803912
d51f08680afb59f8ebb6eaf6f8777108626908d0,1 ,1 ,0,1,25,1075,cloudhead, 1268803909
3514dd6e74fca2313e3558b0787a228ef6870143,2 , ,2,1,25,1075,cloudhead, 1268803854
3228bd775d1d329173e0e5948da620e5dfd0100e,21 , ,21,1,25,1077,cloudhead, 1268803460
2e25a27791d790760328054e0b5254ad7cc16883,3 ,1 ,2,1,24,1056,cloudhead, 1268803794
248ec1d43b344881d0ec4d26d7ffbd4fed3763f5,4 ,1 ,3,1,24,1054,Colin Shea, 1268590913
f42d7644e24b80fee1981fd40f3b56472ca74105,1 ,1 ,0,1,24,1051,cloudhead, 1268802717
3dc6fa62b3cae6f64cb5adcdab742453c91dd17c,4 ,11 ,-7,1,24,1051,cloudhead, 1268802699
f693b4350ec90573f73bcf4e4e0f11252672ed28,2 ,1 ,1,1,24,1058,David North, 1267696147
e68b83d2799ffa12b0b2b81f1c6a1b6010c8aed3,2 ,2 ,0,1,24,1057,cloudhead, 1267495831
4327fccfd3ba3c4ee0023be2e04ff5a5a27ea3a4,1 ,1 ,0,1,24,1057,cloudhead, 1267495825
bdca1316f474e0c0ef366d0b00ef50860be1213c,1 ,1 ,0,1,24,1057,cloudhead, 1267495777
3569f97b1204f91bb443e747288303dacd5b775c,15 , ,15,2,24,1057,Colin Shea, 1267483829
a5d4170a17795d990065f22b16db09b63b9a30fb,2 ,2 ,0,1,24,1042,cloudhead, 1267243567
91ddcebb18547248666d3780f898dc7293ff643a,1 ,1 ,0,1,24,1042,cloudhead, 1267243562
ea924fab63b3341aab5176b24ed1a82dcc36e106,1 ,1 ,0,1,24,1042,cloudhead, 1267243532
836ce9ba9cfacf010580611867f769ef69ff5842,4 ,3 ,1,1,24,1042,cloudhead, 1267243490
eb4c3e79b87a6f9d905e214adde7c7eb8cc2d8c8,1 ,1 ,0,1,24,1041,cloudhead, 1267243477
c9a4fda35af77213e9db106d039dcef3aa47935c,1 ,1 ,0,1,24,1041,Rodrigo Kochenburger, 1267053408
3afb796d75bcb9b26630ead67e4c90fc117f3b99,1 ,1 ,0,1,24,1041,Rodrigo Kochenburger, 1267052983
1407af2637a2da3cf8e5d8e5f37e6148df8b098e,4 ,1 ,3,1,24,1041,S. Christoffer Eliesen, 1267227479
e793772fd78cd93873c7371e6c91b50e4f88a105,2 ,2 ,0,1,24,1038,Sten Christoffer Eliesen, 1267225035
aa17c2668041589780fedbe5e48d6b3da7f7d085,2 ,2 ,0,1,24,1038,cloudhead, 1266534170
66abeb637004d18881e44f6de658fe9dc0263087,2 ,2 ,0,1,24,1038,cloudhead, 1266532953
72440a80aa0a8b4bcf99c0db7ceec039b0dca6c1,1 ,1 ,0,1,24,1038,cloudhead, 1266532947
1c84d4c5ce4228c63fea6d704002aaba0fa97d0d,12 ,2 ,10,2,24,1038,cloudhead, 1266532937
dd106adaee4538ac8a239a45b02877858dd8030e,2 ,2 ,0,1,24,1028,cloudhead, 1266459013
4f2d9a0f68428b2d3ad434bcd35a3883aab6e238,1 ,1 ,0,1,24,1028,cloudhead, 1266459006
487a9c20ee268f338dba31c7bd2f3d698b330058,1 ,1 ,0,1,24,1028,cloudhead, 1266458960
028e295225df1ea681f8b164f9ddd535e30a00b7,3 , ,3,1,24,1028,cloudhead, 1266458951
aba1b6a523e1868e2df4cf4d9904cb5ee695984d,11 ,11 ,0,1,24,1025,cloudhead, 1266458868
5e41466506f8d873c3b4348ab565fe5370767fbe,5 ,10 ,-5,1,24,1025,cloudhead, 1266458817
075613011e8120a4a6a2537b1f47842314a96140,36 ,13 ,23,2,24,1030,cloudhead, 1266458375
77e8968004a10e30c65feb50be1c9d9ff1484f0a,2 ,2 ,0,1,24,1007,cloudhead, 1266034368
fa3dab53cdd7a4100edf8c0ce05d505a0fcc834f,1 ,1 ,0,1,24,1007,cloudhead, 1266034355
210665f1dc4ab7a947937156e8997a504fb4a985,7 ,8 ,-1,1,24,1007,cloudhead, 1266034342
dab52915de90f743d8eaee996afb12f614293e3a,7 ,8 ,-1,1,24,1007,cloudhead, 1265819590
8f09d1aec44f8b65dece2b0dc1382bc2edbc71c9,1 ,1 ,0,1,24,1008,cloudhead, 1265755742
62338555efd4e3f90376ff801e05f69455879dcb,1 ,1 ,0,1,24,1008,cloudhead, 1265755713
fa3dbe23b3210e9db5cd38b5d430393eea4324de,1 ,1 ,0,1,24,1008,cloudhead, 1265755707
6d6339d6a5fa152064ec10f7b30499f5cb824f9b,1 , ,1,1,24,1008,cloudhead, 1265732292
f738a20200ac942bf28d61213c0247c1b8f5a3d7,2 ,2 ,0,1,24,1007,cloudhead, 1265729738
6ac9354b0e96f38afac6dc05c013add4bd20a61a,1 ,1 ,0,1,24,1007,cloudhead, 1265729735
3f8da0193b7d4bd97c1cdd42c53e30ad7579e276,1 ,1 ,0,1,24,1007,cloudhead, 1265729703
02251e410108aaa74d5fedec10b7995dbfbde984,1 ,1 ,0,1,24,1007,cloudhead, 1265685645
e0d332f074744e12dcadbdf00bf878d6edb75511,3 ,2 ,1,1,24,1007,cloudhead, 1265682793
44c5e53abeb26d5ede6c847fa2bd32b80f400832,1 ,1 ,0,1,24,1006,cloudhead, 1265682782
173fa053fbf0fc01f8110acc96c6f72c5b7d6ab2,3 , ,3,1,24,1006,cloudhead, 1265682514
20858fe40130f20e247f53da15ced707ea0489c7,4 ,4 ,0,1,24,1009,cloudhead, 1265682502
b7e53d92c6e8bcc43d8f336cbd51c15e720a24fa,4 , ,4,1,24,1009,cloudhead, 1265682442
68a78c71874a5cad042b0981fb7fb62248fc93a4,8 ,5 ,3,1,24,1005,cloudhead, 1265678092
aeef399d41e746a7358bd33a38a786ca8aa26211,18 ,1 ,17,2,24,1002,cloudhead, 1265677147
3a8045d8ce8d60b66b988ae59dd4692a875b93b3,1 , ,1,1,24,985,cloudhead, 1265675119
791d64ea27218392764d57e24fb07567ce9cb9a7,20 ,2 ,18,2,23,984,cloudhead, 1265675101
b46df8f9ccb8d36c917a4088d3e7549a76e79e27,2 ,2 ,0,1,23,966,cloudhead, 1265675014
f59ecbb779a2867c95b274b750cbd6f0cce753d0,2 ,2 ,0,1,23,966,cloudhead, 1265673818
95d13f44f74fcafd46dfd23b650313c4a4318fd7,35 ,6 ,29,2,23,966,cloudhead, 1265672312
138a4830783965d5259efabb1733d44e1b787813,8 ,10 ,-2,1,23,937,cloudhead, 1265664663
1bd456cfc17357c1ce5538473514e0f523b29cc0,3 ,3 ,0,1,23,939,cloudhead, 1265508003
8adddcb5b2cf6386a513dac03516c1ec3851341e,1 ,1 ,0,1,23,939,cloudhead, 1265507995
f5bed18deb9089e623573715c81c9b50326f9c98,1 ,1 ,0,1,23,939,cloudhead, 1265504727
dde5a6568a48a62f889f3ddfda4fae8cabd583b7,11 ,2 ,9,2,23,939,cloudhead, 1265504713
6ab6c5e19c14e164871da248747b223f15548fa8,26 ,26 ,0,2,23,930,cloudhead, 1265504690
678069fd49c39e3396322cfc1ed59ab0a33a05d6,10 ,3 ,7,1,23,930,cloudhead, 1265503218
0443658f09642441e721d8f401ebbe8439244e7c,11 ,3 ,8,1,23,923,cloudhead, 1265502501
81d7867d9887c5c9352431ec2d5fe96b463e7da1,7 ,7 ,0,1,23,915,cloudhead, 1265501015
5bfaa09eeb39efe0180b909deaef30b5da964cca,2 ,2 ,0,1,23,915,cloudhead, 1265497087
b5ee51702c2e640874c24311b9de0b60dd5ec395,15 ,2 ,13,1,23,915,cloudhead, 1265496824
4f9a0cc7a61d018e3a46740ae73af1751b87112e,1 ,1 ,0,1,23,902,cloudhead, 1265495691
eb1cc4f08e736144f6baec396fa383b20bd03495,3 ,4 ,-1,2,23,902,cloudhead, 1265495675
5153e9463594bfc8d56382c56596991475ea7d12,2 ,1 ,1,1,23,903,cloudhead, 1265495622
4e1905092fea027a015abb1901d51487edac2df2,0 ,0 ,0,1,23,843,cloudhead, 1265494387
2ce60550f272d2cd41c75ae5608f9e88c3cc0163,1 ,1 ,0,1,23,902,Eric Sherman, 1265434754
ce31c5a7bf08de3b9ce93ced806d3194401b84fc,1 , ,1,1,23,902,Eric Sherman, 1265376968
8c2df264106464d85f58d3f0ce9cd856b4d9b496,1 ,1 ,0,1,23,901,Eric Sherman, 1265376632
2252237982405bcb918d317b9bdba280c8c1155a,1 ,1 ,0,1,23,901,cloudhead, 1265319558
7891c3692ea04fc2cc4d18193653b5eb77ba927f,1 ,1 ,0,1,23,901,cloudhead, 1265319531
f0a46e7e11ff6f17972185e9b472508b33dba4ad,5 ,1 ,4,1,23,901,cloudhead, 1265319414
a665190fcd59c8fc865411fa281d698cda5ecbb4,2 ,2 ,0,1,23,897,cloudhead, 1265307323
5ae186a5c6403ddcea3a36d9793bace292c0fb4e,1 ,1 ,0,1,23,897,cloudhead, 1265307309
d0ad2137f74ceff8bb985b1b7087d25138e9d2ac,11 ,1 ,10,3,23,897,cloudhead, 1265307302
2c2ca048c2056334c39fe84489865d6eb5ac7a4b,3 , ,3,1,23,887,Alexis Sellier, 1265133212
3e5b3346644389b394f79f1eb201f6add7873d94,14 ,1 ,13,1,23,884,cloudhead, 1265132876
836a37118168cec2a6ed40410582ee9c22cc28af,1 ,1 ,0,1,23,871,cloudhead, 1264543384
a44261a85d872a812f220b3536a48f8e33c3109f,1 ,1 ,0,1,23,871,cloudhead, 1264543336
98d377d1b621f4233125297c3ad2919c45a1e204,1 ,1 ,0,1,23,871,cloudhead, 1264543330
78d41d767f8a1312bc618a5df2ca619a3c7a2369,2 ,2 ,0,1,23,871,cloudhead, 1264533604
8c3bc03d964c842b438472a23a36394633f9e5a0,1 ,1 ,0,1,23,871,cloudhead, 1264532801
c3c40dbaf9a554e9ade8483dde2cd522001bf2cc,5 ,4 ,1,2,23,871,cloudhead, 1264532766
890f925cc59f6f6e59e2235b32d19d55c276ee45,3 ,2 ,1,1,23,870,cloudhead, 1264446496
e1950c1945ee5ccb023284bd6eecb516c0d625d9,1 ,1 ,0,1,23,869,cloudhead, 1264446444
00d8251b3393cfc8e430ec8070ef487da77d0b86,0 ,0 ,0,1,23,869,cloudhead, 1264446399
950e70e546b64138f8e350bd3787f89585584c33,1 , ,1,1,22,869,cloudhead, 1264446387
1abc0278b61ef2a1019d1d2545eb59497dcb79d9,9 ,7 ,2,3,22,868,cloudhead, 1264446376
034a3d7fdf4850f91bd05ca0ca9a858436d1738a,1 ,1 ,0,1,22,866,cloudhead, 1263840799
c10942458bb7842434668ffff5a0b1f430db7297,5 ,1 ,4,2,22,866,cloudhead, 1263840791
f14050a835ddeef09d1a99f47a89330ef0e2975e,2 ,2 ,0,1,22,862,cloudhead, 1263835929
d3ed51bb399a63d20e92c9c8ce36c1a81d4f015e,1 ,1 ,0,1,22,862,cloudhead, 1263835924
aa1249f93c39b0184ab24dd10032486d02c8e675,3 ,1 ,2,1,22,862,cloudhead, 1263835916
6521efbbd7d242583ce6b209a29a5afb5f100faf,20 ,3 ,17,2,22,860,cloudhead, 1263835585
50664bb7d9b42155625fda2269e1d748fe18c4bc,1 ,1 ,0,1,22,843,cloudhead, 1263770768
7e7cd51b62bbb0c82d6d4f682fe15f8d55cdefd2,1 ,1 ,0,1,22,843,cloudhead, 1263770763
87fc5c30fede06f02400af7652e8aa48b8c4ccbe,1 ,1 ,0,1,22,843,cloudhead, 1263770749
ba478a5e7d1690a779e31562dcaf29ed7687f630,17 ,13 ,4,2,22,843,cloudhead, 1263770733
4d982614d4e2e9fd585048d637daf3e80fce3f0d,3 ,2 ,1,1,22,839,cloudhead, 1263764904
542b09b9aa60d967c1d417085822f97ef02437c3,12 ,12 ,0,1,22,838,cloudhead, 1263764401
7126954244ad430ff68095a95457e0e9d6c829c1,2 ,2 ,0,1,22,838,cloudhead, 1263761877
ffd3cc5b81ad8d91a32fc461e74c6547d5260539,1 ,1 ,0,1,22,838,cloudhead, 1263761874
ef1584fb3298dff1ceaba6a47a28de7a7bb3a6e0,7 ,6 ,1,3,22,838,cloudhead, 1263761866
5d114bc20f75fdf65a4cf4fc4c56b7b2fc113c51,2 ,2 ,0,1,22,837,cloudhead, 1263686108
aaaead6e4fd45c913c1eb79f311096c0a5ae6917,1 ,1 ,0,1,22,837,cloudhead, 1263686105
820091311238c1a154e9825f9f930c333e71f912,1 ,1 ,0,1,22,837,cloudhead, 1263686098
92cae45973b3525f14e6000f017246aefccc3966,1 ,1 ,0,1,22,837,cloudhead, 1263686060
f8b32a263271306877bc60e69becf9572de814a3,2 ,2 ,0,1,22,837,cloudhead, 1262629387
81c07de83c69e7b0b871a5963245fdc335448117,1 ,1 ,0,1,22,837,cloudhead, 1262629381
985e0e4f5fa0e94be21707ad0ef67607e7719f5e,14 ,8 ,6,1,22,837,cloudhead, 1262629374
0824e46f1701779c6bfd98435dbc04ba80c0b313,9 ,2 ,7,1,22,831,cloudhead, 1261012886
505954a72b21bb45f1c5de71834916b6842eb81f,2 ,2 ,0,1,22,824,cloudhead, 1261011879
c359e42595771ff8b883a6e6f33b3f246a695dca,1 ,1 ,0,1,22,824,cloudhead, 1261011876
bd349f604202d08056cf75e69dbbab19de3c7239,13 ,7 ,6,2,22,824,cloudhead, 1261011849
e9900143e365c56f58b4472eb80ebc37df36eb6c,7 ,4 ,3,1,22,818,cloudhead, 1259125073
af46c6cb57b6939e8763e8c1a8599e852ec7b835,1 ,1 ,0,1,22,815,cloudhead, 1259124405
83773914f634f7a02e902bb8df804aa3a1e2254c,1 ,1 ,0,1,22,815,cloudhead, 1259124401
2eb9dc6a7e1aaa9b8f4f0906af788d67cf886b0a,3 , ,3,1,22,815,cloudhead, 1259124391
d9e9d26c23c4676fad77c0a28cb7a9d2fb1b3d93,1 ,1 ,0,1,22,812,cloudhead, 1259123444
91e5a534940f32ec739185d65fb0aaf847da31df,1 ,1 ,0,1,22,812,cloudhead, 1259123442
fccedf96271bd598da88f28dd9ec650b0e57ef49,1 ,1 ,0,1,22,812,cloudhead, 1259123431
32517f6e7cb2d1737792c7874bba706187d811e1,5 ,5 ,0,1,22,812,cloudhead, 1259123419
d666e130777804978447d7cf42bbf7e684e38e6b,7 ,6 ,1,2,22,812,cloudhead, 1259123387
c87e9b24b4e7f78c515f5c4479f3d02f971e31b8,1 , ,1,1,22,811,cloudhead, 1259123341
8cfdd6d89963036bfeb82bfbef8279bb39fcdba7,14 ,4 ,10,1,22,810,cloudhead, 1259116385
1c7876a31d4eaa58ad4d86afa68fa04b7a8c2072,70 ,1 ,69,2,22,800,cloudhead, 1259116380
404504bfa305e98ebddb015423630694d05e65a4,1 ,1 ,0,1,21,731,cloudhead, 1259116181
340a88062c7300280a6580cd54e8c7598b6fb42a,1 , ,1,1,21,731,cloudhead, 1259116164
49d946f0155d30601fcf30dad684d6ffe69390ff,5 ,1 ,4,1,20,730,cloudhead, 1258868621
dc0583a16db01dcb8a2109db8f2652341444481b,1 ,1 ,0,1,20,726,cloudhead, 1258868587
78a04f8e746a82ed319aa5c582763c9f171febdf,12 ,11 ,1,1,20,726,cloudhead, 1258868561
cc6098b37d175c946e7a7e778cc529d7cd417181,1 ,1 ,0,1,20,725,cloudhead, 1258864980
000b6652e931d6bcdbbda08ec5c75e0dc27180a2,53 ,6 ,47,1,20,725,cloudhead, 1258864913
471aadeb1b4aae526aac12c1e3aa5f63130bff48,22 ,10 ,12,1,20,678,cloudhead, 1258861325
edfd2b5b41b8c57db2e24b3c04b22c8df22663ce,5 , ,5,1,20,666,cloudhead, 1258756611
50a022310f0733cbe09f7c0a51eed2537b33bb70,14 ,8 ,6,1,20,661,cloudhead, 1258756604
df4d938ff819e9eaadcf00483b935ec17670abfc,16 ,18 ,-2,2,20,655,cloudhead, 1258689253
eb0639eb7597202cd4db4d4ed0fb6064013dcc17,29 , ,29,6,20,657,cloudhead, 1258521547
feca42069df60afea9ec95b5b4b4e6fdf0eff184,35 ,2 ,33,1,14,628,cloudhead, 1258521520
72173429a2147ab47879a6a4b147e95f644f5859,69 ,31 ,38,5,14,595,cloudhead, 1258521510
81b382670f0c295d721335dae6e329edb8604d24,70 ,7 ,63,2,15,557,cloudhead, 1258314400
3ef765c1d7c0427f7d7dad19d94b61dd27ad898b,3 ,2 ,1,1,15,494,cloudhead, 1258314386
cdaeb94cea20085092c48fc591f98680df2d27b8,10 ,3 ,7,1,15,493,cloudhead, 1258314363
88bc5ab35284f12054d180773f06dcc0aa4ad867,30 ,15 ,15,1,15,486,cloudhead, 1258314347
c197572e3cffa379a9def5913612e6a52cc79696,10 ,16 ,-6,1,15,471,cloudhead, 1258314270
ecc92741fef104d6a505ca4a3c1a70ae2e20dbd8,27 , ,27,1,15,477,cloudhead, 1258086982
8af5f90c750fd6e1d210cca7c9c3bd2685059887,73 , ,73,6,14,450,cloudhead, 1258086952
75de13994a25df605181bc0c2e679fc945837c98,207 ,74 ,133,3,8,377,cloudhead, 1258086930
9d0557f8071268fe2f8c545a0cf27b55ffc5c3f2,30 ,7 ,23,1,8,244,cloudhead, 1256700169
e6d3de21e8e238b5457228e35b30da66d25a2d11,2 ,2 ,0,1,8,221,cloudhead, 1256700089
5c499733e17ef733122301ca72a2c9536b36ad61,6 ,5 ,1,1,8,221,cloudhead, 1256687263
fa93971c04f7408a5667405e4dc0621769aec5cc,54 ,18 ,36,2,8,220,cloudhead, 1256686994
00fb0b59b59125659c7b3f83dcbbf24ab9070ba2,108 ,18 ,90,3,8,184,cloudhead, 1256685469
33d5118bb33c2b882b698f79864f4bcf6aacd230,2 ,31 ,-29,1,8,94,cloudhead, 1256685105
