
c59ba29b579e762774000917ea403ada394d18c7,7 ,3 ,4,2,10,3757,Tim Caswell, 1340644140
47adb13c2e3b5be424722c48651a6d0734ca61dd,8 ,385 ,-377,3,10,3753,CrypticSwarm, 1336520907
cf5d49febddd201e4fb4c41bb1397b8d698144d0,1 ,1 ,0,1,11,4130,Tim Caswell, 1325905396
c9740d92ede8d4fc2fbe26a37f7e5b202e483a8c,4 ,4 ,0,1,11,4130,woloski, 1325888977
d2f477fa84d7ab551c55d7541b153c0e16a683db,2 ,2 ,0,1,11,4130,woloski, 1325574357
d564bf894af374a9290280b2ac5f5810919bd61c,1 ,1 ,0,1,11,4130,Tim Caswell, 1323798685
07004d92eb25f52cdc36959e97fb38c4e03e5440,1 ,2 ,-1,1,11,4130,Tim Caswell, 1323798668
03571319c1167a6d12adaf022216ac6d8bdaf3ca,1 ,1 ,0,1,11,4131,Tim Caswell, 1317108050
3be458aca15d2d1ae7b67f54dbf03159f359dbcd,3 ,4 ,-1,2,11,4131,Tim Caswell, 1317108032
63cca77cfb28e2865012d8540cfcd6d9943d922b,2 ,2 ,0,2,11,4132,Tim Caswell, 1317107343
92d1206ef1ffcb54e4eb7e5f3020a2fc527836dc,1 ,1 ,0,1,11,4132,Tim Caswell, 1317106021
0ae026609d6e9af22f89be5400cec2237875852b,7 ,80 ,-73,2,11,4132,CrypticSwarm, 1317104592
946deaa1aa4f1ad4db608ada694330483eed1232,1 ,1 ,0,1,11,4205,Tim Caswell, 1299310036
d131dfe7c96c564e0e2b5be162a0b413feabaaa7,4 ,4 ,0,1,11,4205,Tim Caswell, 1299309957
609959d0f88224be499969c360f062cfbaf39211,11 ,8 ,3,2,11,4204,Tim Caswell, 1299309892
2774aca31ef7ea02cb50694f76d694f539fb3dc5,28 ,8 ,20,1,11,4201,Tim Caswell, 1298440127
a18531638bd953debb234934b31b702db5ff2dd7,1 ,1 ,0,1,11,4182,Pero Pejovic, 1296805263
a19367ff441b3177b04c80ab133a104fb0b77379,1 , ,1,1,11,4182,Pero Pejovic, 1296805067
8006e18cf64642dd97bf37c395915de105d511d3,4 ,5 ,-1,2,11,4180,Nathan Rajlich, 1288714670
241540515840c0326c159a9f596e33f968589fbc,1 ,1 ,0,1,11,4181,Nathan Rajlich, 1288714125
2600dae6115025ac38bab605ca489e60cf0d5ab6,11 ,9 ,2,2,11,4181,Nathan Rajlich, 1288713864
c99456157abb943940c81c3c29f8c55a5ccabdc2,1 ,1 ,0,1,11,4179,Tim Caswell, 1288667543
e5438a4a74d70ffe399db3f081d2ae4f05c3481a,4 ,3 ,1,2,11,4179,Antonio Marques, 1288460503
b5851b8331692752a7eb197fd3ddb3d5e0db9a23,7 ,4 ,3,1,11,4178,Antonio Marques, 1288383802
80a1bab6c04055d8b78648cb252c9bd56546052c,74 ,2 ,72,3,11,4175,Antonio Marques, 1288309642
cb36f6fdf98c140afe848bb68fd0e1f081fdad23,24 , ,24,1,11,4103,Tim Caswell, 1286258063
04114d79eb889647724e7c9187e40682db3b3dc8,2 ,2 ,0,1,10,4079,Tim Caswell, 1285183296
40e8d379fea9e1bc6dd4c30173f7b4ce762e6860,3 ,2 ,1,1,10,4079,Nathan Rajlich, 1285179639
bb34cffba606fa3f61647d2a99811b646560bbd3,1 ,1 ,0,1,10,4078,Tim Caswell, 1283366331
e371ab2040458bf2ccbfe5c2af5ab25655d6b1da,2 , ,2,1,10,4078,isaacs, 1283366147
1535bc5ebeb2ef81d714417a9e77256c963abbba,4 ,1 ,3,1,10,4076,isaacs, 1283366122
c9893f4fd3846bc56db5ade5bad8bbf4f65bb728,2 , ,2,1,10,4073,isaacs, 1283366078
968389b41e745d1a6c120bfddfd4ee80411eb6ed,5 ,2 ,3,1,10,4071,isaacs, 1283366027
5e923023847ebaefce02557ff6a33a5b09219a75,2 ,2 ,0,1,10,4068,isaacs, 1283365939
e35ddf089c49e18f7648f3b6a74b58cb9807deb8,3 ,4 ,-1,1,10,4068,Tim Caswell, 1283326982
1bdc7eb1cc52e403ff32ac593777b3d0f9f0b857,25 ,4 ,21,5,10,4069,Tim Caswell, 1283325935
3926c86e46bfc33b881b7ae0d045a9e30fefc038,20 ,36 ,-16,3,9,4049,Tim Caswell, 1280274984
4875f76e825e0619e5cad96113f785e1199fa8a7,3 ,4 ,-1,2,9,4064,Tim Caswell, 1280271875
5f9dd7f47a5a5f26c6aa31fbf9f97de2249ad0b1,31 , ,31,1,9,4065,Tim Caswell, 1278631716
929f7970634e15f4328b348cd2f1d82d3045a6f9,24 ,56 ,-32,5,10,4096,Tim Caswell, 1278629789
1ec2a1a55ecdf7f3e5a80ca4cecdfad1f47a0acc,197 , ,197,11,11,4127,Tim Caswell, 1278521178
694aab2d97bbbd5dd2f8bb7231da22256da4c96d,1 ,1 ,0,1,22,4314,Tim Caswell, 1276892346
f5d16db685861757b2c140e3decf8bd6c7583e82,5 , ,5,3,22,4314,Tim Caswell, 1276713482
6e208a6098d4dd4e8735eee2d3012eb71ed91597,20 ,8 ,12,1,20,4311,Tim Caswell, 1276713104
795d29fbf9cc8778b2ff3ca11f74f099d5aadfc4,188 ,1 ,187,2,20,4298,Tim Caswell, 1276713094
b8927c915f35f2f88b168fe3a912d103bf3eabea,820 ,840 ,-20,6,19,4111,Tim Caswell, 1276710347
40cb7b050cad318b4c90696dfa9fef3265f5ceb9,3 , ,3,1,18,4130,Tim Caswell, 1274242917
31a564bf710e8c6317af693af3bb8aefe857f9ce,1 ,1 ,0,1,18,4127,Tim Caswell, 1272687702
a00db37ce059ccc30069419f1036d16a6b2ca0a6,17 ,3 ,14,2,18,4127,Tim Caswell, 1272469189
1a143a90f78027972d77d1c70cfcddce9aaf0fcf,15 ,49 ,-34,2,18,4113,Tim Caswell, 1272412059
e0149274a93375e7346bf1d315a0c1a024bd4278,891 ,891 ,0,2,18,4147,Tim Caswell, 1272338111
59b532251f8a7e68fdee31e0b37fe09f8456702a,891 ,891 ,0,2,18,4147,Tim Caswell, 1272304157
40bae85caaf027dcd5fa400feac91f037196650f,6 ,3 ,3,1,18,4147,Tim Caswell, 1272303704
9af44d2050ea98ba654ed6098e36ae17260b4c1d,15 ,8 ,7,2,18,4144,Tim Caswell, 1272303325
a883ffa23e41e8daad267419f222938819700274,11 ,3 ,8,2,18,4137,Tim Caswell, 1272298282
0c61de5d5b1ba92dd1d84189aff7a555fd7e84fe,1 ,1 ,0,1,18,4129,Tim Caswell, 1272083558
8c5ec564d341b35802895bf07d0a34d0f0adfb76,17 ,7 ,10,2,18,4129,Tim Caswell, 1271446748
938a5742aff7f0783a9c381d47c356f52e79e089,4 ,4 ,0,2,18,4119,Tim Caswell, 1271439012
234da6931fdeb99b632b29b0b2f4ae71d3629d6d,1 ,1 ,0,1,18,4119,Tim Caswell, 1271438995
7ff54e592181f38568345705f90f01ca3dfa0c24,34 , ,34,1,18,4119,Tim Caswell, 1271402354
a5ceb1fbc0ff8de43e2b2c929ead1927ea105d20,210 ,94 ,116,1,18,4085,Tim Caswell, 1271401543
8bb68d4378538752e408988bc2cb6a408320d725,85 ,54 ,31,1,18,3969,Tim Caswell, 1271392571
7532f232cdbaa8ec3e172f2efba0f106ea92de5f,1 ,8 ,-7,1,18,3938,Tim Caswell, 1271387095
b360063da5ab2964b37c4d3f79d6fd7e0cd0c2e6,10 ,4 ,6,2,18,3945,Tim Caswell, 1271386813
48f637150deed629254cc666d6acef9a82734487,12 ,4 ,8,1,18,3939,Tim Caswell, 1271386800
3075afbc2d32847b20a950d599586963a88ecf84,3 ,1 ,2,1,18,3931,Tim Caswell, 1271377126
acc367d336aa93e8e17eecf0db1dbb7d56b23ac4,7 ,4 ,3,2,18,3929,Tim Caswell, 1271363889
dd816c41882fd86a03d3cf6805f7126cd04dc2fd,20 ,2 ,18,1,18,3926,Tim Caswell, 1271360858
d318f2bb669659f668f8373ff931c7adc9670931,1 ,1 ,0,1,18,3908,Tim Caswell, 1271357483
c0ce37cc14be68746f49b5d64cc0dc355e824c28,1 ,4 ,-3,1,18,3908,Tim Caswell, 1271353332
d4bf5d5d839f4c981a7c3715e347f6cc1e398f40,9 ,9 ,0,1,18,3911,Tim Caswell, 1271313523
cb1ceced1b8bf9ff21367906120c76b98e944993,4 ,1 ,3,1,18,3911,Tim Caswell, 1271312620
6e75cc19d32b46c0b0aac2b3d9d76306428cba10,20 ,19 ,1,1,18,3908,Tim Caswell, 1271312173
895563e91f5c237490cb5ea36672f96c8bbc65aa,9 ,2 ,7,1,18,3907,Tim Caswell, 1271310553
052effee76d2234cfaf1978ae0e48beb95dffb50,29 ,21 ,8,1,18,3900,Tim Caswell, 1271305578
b8587cdfebb26e2ca3abb4479fa8cf7e0aa486e2,1 , ,1,1,18,3892,Tim Caswell, 1271302084
5580a4cada8fcc332c216ee19838c26a3762f3b6,14 ,1 ,13,1,18,3891,Tim Caswell, 1271301852
2c25f9f69acde0362d0125f3f0f3d8988cd4b901,6 ,5 ,1,1,18,3878,Tim Caswell, 1271293713
316135167c6d59273fd407877f021edaf49b532f,15 ,5 ,10,1,18,3877,Tim Caswell, 1271289717
bacdb74035909269997e44728837aa1ac5567725,46 ,10 ,36,1,18,3867,Tim Caswell, 1271288399
319ec75ff45a3bfc26677111f945200ce45b8ac5,154 ,119 ,35,1,18,3831,Tim Caswell, 1271281301
70e8205cd74d5d8f50b5600ca71dce17771a4398,1 ,1 ,0,1,18,3796,Tim Caswell, 1271270662
8d070cc1316b41ee2451dc3ffdd96fcff780fc9b,2 ,2 ,0,1,18,3796,Tim Caswell, 1271270250
6f21e61e6b07582c563f94253c0cb8d86c877cbd,1 ,2 ,-1,1,18,3796,Tim Caswell, 1271269365
51abe7299c78177236a2196f96a0b65b102dd684,119 ,55 ,64,1,18,3797,Tim Caswell, 1271267436
a3d9f2448cfd07734a3bfa5a0433d5606ca95e5f,16 ,2 ,14,1,18,3733,Tim Caswell, 1271222217
36240cc1151a4f7b402d92caeb807d7dc0741db6,152 ,141 ,11,2,18,3719,Tim Caswell, 1271218034
96be7ce7f2ae15d819252bbfa1b00fc7c28628f9,1 ,1 ,0,1,19,3708,Tim Caswell, 1271210452
65c218a3bb6212420491275e3653853b4bae870c,2 ,2 ,0,2,19,3708,Tim Caswell, 1271207650
4eedd848d0adf791122cb3c42633b7387195de34,2 ,2 ,0,2,19,3708,Tim Caswell, 1271202613
53b8937d0953563d88558e10832f5114418176db,5 ,4 ,1,1,19,3708,Tim Caswell, 1271200331
9dffb8a8a9b6eaa4f38942a06b16a60546a90499,57 ,232 ,-175,2,19,3707,Tim Caswell, 1271190753
a5f610f664971a6ce36e26cef3d4175cd1cf1bc4,37 ,58 ,-21,2,19,3881,Tim Caswell, 1271186203
f94231d6827cbdee20562e7de8e4a042261069d8,20 ,5 ,15,2,19,3902,Tim Caswell, 1271184123
d6e3274526f9c4e4533df37147e41b8af9acef86,38 ,18 ,20,1,19,3887,Tim Caswell, 1271181428
7a8e7bf435b07c9f0f39aa8f8f9edae6e30ecc30,112 ,73 ,39,1,19,3867,Tim Caswell, 1271180294
5fda259ba883702a2556a39c597ace0e26ee66b6,19 ,10 ,9,1,19,3828,Tim Caswell, 1271178153
13c8b9b06f37ad07378c106245b152c493ace273,188 ,96 ,92,2,19,3819,Tim Caswell, 1271172276
4201f400714bc4f4d596d406fa09c3b79863bf74,2 ,6 ,-4,1,19,3728,Tim Caswell, 1271172228
22cd377bfba3e6b344ca2926bee1de74a5d24f6c,31 ,55 ,-24,2,19,3732,Tim Caswell, 1271137067
cb5c92234a84610aeeef246f24df8daf0e010ed0,57 ,17 ,40,2,19,3756,Tim Caswell, 1271111539
dd78b153132309f02aee0489c9e31d68f32ee9e2,7 ,4 ,3,1,19,3716,Tim Caswell, 1270922575
bcded076707a2659b167f6765656416733b1deaf,2 ,1 ,1,1,19,3713,Tim Caswell, 1270916549
abb88dbb9cfe0910379ee9dddcb685291f7b6406,25 ,4 ,21,1,19,3712,Tim Caswell, 1270915853
d3c5b394c995633beb46ec5b562516ef6304f45e,1 ,1 ,0,1,19,3691,Tim Caswell, 1270910382
76a6f1e75ef8613852bee3255dd8e95860db359a,5 ,2 ,3,1,19,3691,Tim Caswell, 1270868471
35f4992f1c6dfc379bdb89f8201c82cb91cdab98,414 ,32 ,382,2,19,3688,Tim Caswell, 1270855297
559dd800d8f27d5a1c6102419de4590498155215,3 ,1 ,2,1,18,3306,Tim Caswell, 1270848552
9ddede7e4d5239f644d7d14a2907d9cf4277744a,8 ,2 ,6,1,18,3304,Tim Caswell, 1270848101
1f9538de9650eed562b5b579e5fce307c6afb0db,5 ,1 ,4,1,18,3298,Tim Caswell, 1270847217
dd9ad6488ee201882e89d6c68a65d970a95e493e,7 ,1 ,6,1,18,3294,Tim Caswell, 1270843057
bb69c1fecdb7553d03b3ea9bb9ba75aea2016512,1 ,1 ,0,1,18,3288,Tim Caswell, 1270842239
27e0d5035d0c824ea141411ebd57fe0d21b45032,26 ,1 ,25,1,18,3288,Tim Caswell, 1270841241
3a3f51ae0c727983b83b3c7edbeb22b4184d6096,18 ,21 ,-3,2,18,3263,Tim Caswell, 1270836275
6d3c3b3b6d113bf55f2ab4c617ec3cf7980624bd,2 ,2 ,0,2,18,3266,Tim Caswell, 1270835013
4533aa3fd245ad2e0d80c12930898a5a5827ca29,14 , ,14,2,18,3266,Tim Caswell, 1270795668
3f8abee71976dc9b3504fef5a1b6c268953213da,10 ,12 ,-2,1,17,3253,Tim Caswell, 1270792403
46a7647b35430b8da2f0a9e7973884f3b7e07dc5,1 ,1 ,0,1,17,3255,Tim Caswell, 1270791778
e3c6e5b6621e535c2d754755d88ad87a7dbbde28,3 ,2 ,1,2,17,3255,Tim Caswell, 1270791687
9b44eaa034f7ced8ba658eb08cdbcae042ffc2f8,117 ,118 ,-1,4,17,3254,Tim Caswell, 1270791119
4b76f3e1ff3434c0083570988a6c2c824043b217,1 ,1 ,0,1,17,3255,Tim Caswell, 1270781245
bba6f94d87f5368adce3ca9023608aa51f493e82,1 ,1 ,0,1,17,3255,Tim Caswell, 1270613654
190a54ff8a234cc4035e1e97220ca159c514cb0e,64 ,24 ,40,3,17,3255,Tim Caswell, 1270601323
56a9f2f345340e3f36c56b34cbe3761be01360e5,33 ,24 ,9,2,17,3215,Tim Caswell, 1270585633
5aebc1f5fbd108d88c11109a526837342a9d83a8,1 ,1 ,0,1,16,3206,Tim Caswell, 1270575408
dd0b8fe4d99b28967cc6e6b7e6e3e44c79825152,1 ,1 ,0,1,16,3206,Tim Caswell, 1270572840
6c943791d8dddcdcb65197c8cc044309047961e3,1 ,1 ,0,1,16,3206,Tim Caswell, 1270572200
66933a0d1b791ee438445c381cc3c6aae04e5244,1 ,1 ,0,1,16,3206,Tim Caswell, 1270571954
bedda72e8e3503e95c1f603ae28f3f1ce179ba88,25 ,5 ,20,4,16,3206,Tim Caswell, 1270571503
c8fba7b0cd4fe1f92be2a17ba90c538889603d88,15 , ,15,1,19,3186,Tim Caswell, 1270571109
13dc8119bb3d972fc84713d5e8fbb2ef5d5825db,16 ,1 ,15,1,19,3171,Tim Caswell, 1270570746
0491fc4c95c78d0b4c52137310d29d8860daaa79,21 ,1 ,20,7,19,3156,Tim Caswell, 1270570055
6188bb617cfad30b5fac4fb6b4a3476c69e199ce,2850 ,2822 ,28,22,13,3141,Tim Caswell, 1270569645
a4ec951f410b46b6ada12732343358638820062a,3 ,5 ,-2,2,18,3109,Tim Caswell, 1270567562
2dc2b38ca686788d71ccadad3bf6e263314d0f01,5 ,195 ,-190,3,18,3110,Tim Caswell, 1270564299
07659e86aea85a7b9d0f3103df34239df2b929ba,5 ,57 ,-52,3,17,3302,Tim Caswell, 1270563658
1fa48ff930a23683a2fd00abc8be06bdf1132c71,1 ,1 ,0,1,16,3356,Tim Caswell, 1270525790
81fa48ce7188cdc96aa29981d0d4c29776edfbee,3086 ,227 ,2859,14,16,3356,Tim Caswell, 1270508434
14b040220beb7f60906f9edc06948f5f46ee596a,6 ,8 ,-2,1,7,502,Tim Caswell, 1270158091
7b4e809716869375cace29dfc1c9676f85f37938,132 ,16 ,116,1,7,504,Tim Caswell, 1270157633
b34135c5b1584584249f6cd5ff40ba3de16e5f37,2 ,4 ,-2,1,7,388,Tim Caswell, 1270154288
356a5da4131e92d59166926849d9eddb89b73986,46 ,5 ,41,1,7,390,Tim Caswell, 1270154187
04fa7974066155caf084dbebf3be29098dd36faa,47 ,9 ,38,3,7,349,Tim Caswell, 1270152762
effbd4810cd2cc41faaaa725bb700ff7e5941aff,23 ,18 ,5,1,7,311,Tim Caswell, 1270149917
71925a3adb17d2ff18bd4714f6f47cc15d35978f,1 ,1 ,0,1,7,306,Tim Caswell, 1270149902
57e11fac64c6d337dd20dd7df22ef89e41b0d8b9,59 ,12 ,47,2,7,306,Tim Caswell, 1270148410
7de438b3e1829287d044fc5440bb068af73d37ab,2 ,1 ,1,1,7,259,Tim Caswell, 1270146821
34b05b8b76e21458d3f041140355557a91484bc2,81 ,23 ,58,3,7,258,Tim Caswell, 1270146095
e7d1f639a2669a90c10a24d20d483b6992054963,28 ,82 ,-54,2,6,201,Tim Caswell, 1270142982
43cd0707a10023c45bd778e70748fedb2cdca146,256 , ,256,3,6,255,Tim Caswell, 1270142769
