
2015 12 29 53 2 05
2015 12 29 53 2 05
2015 12 28 53 1 23
2015 12 28 53 1 23
2015 12 28 53 1 23
2015 12 28 53 1 23
2015 12 28 53 1 23
2015 12 28 53 1 22
2015 12 28 53 1 22
2015 12 28 53 1 22
2015 12 28 53 1 22
2015 12 28 53 1 22
2015 12 28 53 1 22
2015 12 28 53 1 22
2015 12 28 53 1 22
2015 12 28 53 1 22
2015 12 28 53 1 01
2015 12 27 52 7 10
2015 12 27 52 7 09
2015 12 27 52 7 09
2015 12 27 52 7 09
2015 12 27 52 7 09
2015 12 27 52 7 09
2015 12 27 52 7 09
2015 12 27 52 7 09
2015 12 27 52 7 07
2015 12 27 52 7 07
2015 12 23 52 3 02
2015 12 23 52 3 02
2015 12 23 52 3 02
2015 12 23 52 3 02
2015 12 22 52 2 01
2015 12 21 52 1 11
2015 12 21 52 1 11
2015 12 21 52 1 11
2015 12 20 51 7 01
2015 12 20 51 7 01
2015 12 20 51 7 01
2015 12 20 51 7 01
2015 12 20 51 7 01
2015 12 20 51 7 01
2015 12 20 51 7 00
2015 11 10 46 2 13
2015 11 10 46 2 01
2015 11 10 46 2 01
2015 11 10 46 2 01
2015 11 10 46 2 01
2015 11 10 46 2 00
2015 10 16 42 5 22
2015 10 16 42 5 22
2015 10 16 42 5 22
2015 10 16 42 5 22
2015 10 14 42 3 11
2015 10 14 42 3 11
2015 10 14 42 3 11
2015 10 14 42 3 11
2015 10 10 41 6 22
2015 10 10 41 6 21
2015 10 10 41 6 21
2015 10 10 41 6 21
2015 10 10 41 6 20
2015 10 10 41 6 20
2015 10 10 41 6 20
2015 10 10 41 6 20
2015 10 10 41 6 20
2015 10 10 41 6 20
2015 10 10 41 6 20
2015 10 10 41 6 20
2015 10 10 41 6 20
2015 10 10 41 6 20
2015 10 10 41 6 17
2015 10 10 41 6 17
2015 10 05 41 1 16
2015 10 04 40 7 21
2015 10 04 40 7 21
2015 10 04 40 7 21
2015 10 04 40 7 21
2015 09 30 40 3 07
2015 09 30 40 3 07
2015 09 30 40 3 07
2015 09 30 40 3 07
2015 09 30 40 3 07
2015 09 30 40 3 07
2015 09 30 40 3 06
2015 09 30 40 3 06
2015 09 28 40 1 14
2015 09 28 40 1 14
2015 09 24 39 4 00
2015 09 24 39 4 00
2015 09 24 39 4 00
2015 09 24 39 4 00
2015 09 24 39 4 00
2015 09 24 39 4 00
2015 09 23 39 3 23
2015 09 23 39 3 17
2015 09 23 39 3 17
2015 09 23 39 3 17
2015 09 23 39 3 17
2015 09 23 39 3 17
2015 09 23 39 3 01
2015 09 21 39 1 10
2015 09 18 38 5 07
2015 09 18 38 5 07
2015 09 18 38 5 07
2015 09 18 38 5 05
2015 09 18 38 5 05
2015 09 18 38 5 05
2015 09 18 38 5 04
2015 09 18 38 5 04
2015 09 18 38 5 04
2015 09 17 38 4 03
2015 09 17 38 4 03
2015 09 14 38 1 01
2015 09 13 37 7 21
2015 09 13 37 7 21
2015 09 13 37 7 04
2015 09 13 37 7 04
2015 09 12 37 6 23
2015 09 12 37 6 23
2015 09 12 37 6 22
2015 09 12 37 6 22
2015 09 12 37 6 22
2015 09 12 37 6 22
2015 09 12 37 6 21
2015 09 12 37 6 21
2015 09 12 37 6 21
2015 09 12 37 6 21
2015 09 12 37 6 21
2015 09 12 37 6 18
2015 09 12 37 6 18
2015 09 12 37 6 18
2015 09 11 37 5 22
2015 09 11 37 5 20
2015 09 11 37 5 20
2015 09 11 37 5 20
2015 09 11 37 5 20
2015 09 11 37 5 20
2015 09 11 37 5 19
2015 09 11 37 5 19
2015 09 11 37 5 19
2015 09 11 37 5 22
2015 09 11 37 5 19
2015 09 11 37 5 19
2015 09 11 37 5 19
2015 09 11 37 5 18
2015 09 11 37 5 18
2015 09 11 37 5 17
2015 09 11 37 5 17
2015 09 11 37 5 16
2015 09 11 37 5 16
2015 09 11 37 5 14
2015 09 11 37 5 14
2015 09 11 37 5 06
2015 09 11 37 5 05
2015 09 11 37 5 05
2015 09 11 37 5 05
2015 09 10 37 4 23
2015 09 10 37 4 23
2015 09 10 37 4 22
2015 09 05 36 6 07
2015 09 05 36 6 07
2015 09 02 36 3 20
2015 08 29 35 6 16
2015 08 29 35 6 16
2015 08 29 35 6 16
2015 08 27 35 4 00
2015 08 26 35 3 23
2015 08 26 35 3 21
2015 06 05 23 5 02
2015 05 04 19 1 04
2015 05 04 19 1 04
2015 05 04 19 1 04
2015 05 04 19 1 04
2015 05 04 19 1 04
2015 05 04 19 1 04
2015 05 04 19 1 04
2015 05 04 19 1 04
2015 05 04 19 1 04
2015 05 04 19 1 04
2015 05 04 19 1 04
2015 05 04 19 1 04
2015 05 04 19 1 04
2015 05 04 19 1 04
2015 05 04 19 1 03
2015 05 04 19 1 03
2015 05 04 19 1 03
2015 05 04 19 1 03
2015 05 04 19 1 03
2015 05 04 19 1 03
2015 05 04 19 1 03
2015 05 04 19 1 02
2015 05 03 18 7 23
2015 05 03 18 7 23
2015 05 03 18 7 23
2015 05 03 18 7 23
2015 05 03 18 7 23
2015 05 03 18 7 23
2015 05 03 18 7 23
2015 04 30 18 4 06
2015 04 30 18 4 05
2015 04 30 18 4 05
2015 04 30 18 4 05
2015 04 30 18 4 05
2015 04 30 18 4 05
2015 04 30 18 4 05
2015 04 30 18 4 05
2015 04 30 18 4 05
2015 04 30 18 4 05
2015 04 30 18 4 05
2015 04 30 18 4 02
2015 04 30 18 4 02
2015 04 30 18 4 01
2015 04 30 18 4 01
2015 04 29 18 3 21
2015 04 29 18 3 21
2015 04 29 18 3 21
2015 04 29 18 3 21
2015 04 29 18 3 21
2015 04 29 18 3 21
2015 04 29 18 3 21
2015 04 29 18 3 21
2015 04 29 18 3 21
2015 04 29 18 3 21
2015 04 29 18 3 21
2015 04 29 18 3 11
2015 04 29 18 3 11
2015 04 29 18 3 11
2015 04 29 18 3 06
2015 04 29 18 3 06
2015 04 29 18 3 06
2015 04 29 18 3 06
2015 04 29 18 3 06
2015 04 29 18 3 06
2015 04 29 18 3 06
2015 04 29 18 3 06
2015 04 29 18 3 06
2015 04 29 18 3 06
2015 04 29 18 3 06
2015 04 29 18 3 06
2015 04 29 18 3 05
2015 04 29 18 3 05
2015 04 29 18 3 05
2015 04 29 18 3 05
2015 04 29 18 3 05
2015 04 29 18 3 05
2015 04 29 18 3 05
2015 04 29 18 3 05
2015 04 29 18 3 05
2015 04 29 18 3 05
2015 04 29 18 3 04
2015 04 29 18 3 04
2015 04 29 18 3 04
2015 04 29 18 3 04
2015 04 29 18 3 04
2015 04 29 18 3 04
2015 04 29 18 3 04
2015 04 29 18 3 04
2015 04 29 18 3 04
2015 04 29 18 3 04
2015 04 29 18 3 04
2015 04 29 18 3 04
2015 03 30 14 1 01
2015 03 30 14 1 01
2015 03 30 14 1 01
2015 03 30 14 1 01
2015 03 30 14 1 00
2015 03 23 13 1 04
2015 03 23 13 1 04
2015 03 19 12 4 19
2015 03 17 12 2 22
2015 03 17 12 2 22
2015 03 17 12 2 22
2015 03 17 12 2 22
2015 03 17 12 2 21
2015 03 17 12 2 15
2015 03 16 12 1 23
2015 03 16 12 1 23
2015 03 16 12 1 11
2015 03 16 12 1 11
2015 03 16 12 1 11
2015 03 16 12 1 11
2015 03 16 12 1 22
2015 03 16 12 1 04
2015 03 16 12 1 04
2015 03 16 12 1 03
2015 03 16 12 1 03
2015 03 16 12 1 02
2015 03 16 12 1 02
2015 03 15 11 7 23
2015 03 13 11 5 02
2015 03 13 11 5 02
2015 03 13 11 5 02
2015 03 06 10 5 11
2015 02 23 09 1 12
2015 02 23 09 1 12
2015 02 23 09 1 16
2015 02 20 08 5 21
2015 02 18 08 3 03
2015 02 18 08 3 03
2015 02 18 08 3 02
2015 02 17 08 2 21
2015 02 15 07 7 12
2015 02 15 07 7 12
2015 02 13 07 5 14
2015 02 13 07 5 14
2015 02 13 07 5 14
2015 02 13 07 5 14
2015 02 13 07 5 14
2015 02 13 07 5 14
2015 02 13 07 5 14
2015 02 13 07 5 14
2015 02 13 07 5 14
2015 02 13 07 5 14
2015 02 13 07 5 13
2015 02 13 07 5 13
2015 02 13 07 5 13
2015 02 13 07 5 13
2015 02 13 07 5 13
2015 02 13 07 5 13
2015 02 13 07 5 13
2015 02 13 07 5 13
2015 02 13 07 5 12
2015 02 13 07 5 12
2015 02 13 07 5 12
2015 02 13 07 5 12
2015 02 13 07 5 06
2015 02 13 07 5 06
2015 01 26 05 1 17
2015 01 26 05 1 17
2015 01 14 03 3 17
2015 01 14 03 3 17
2015 01 14 03 3 17
2015 01 14 03 3 17
2015 01 13 03 2 21
2015 01 13 03 2 21
2014 12 20 51 6 21
2014 12 20 51 6 21
2014 12 20 51 6 21
2014 12 20 51 6 18
2014 12 20 51 6 18
2014 12 20 51 6 18
2014 12 20 51 6 18
2014 12 20 51 6 18
2014 12 20 51 6 18
2014 12 20 51 6 18
2014 12 20 51 6 18
2014 12 20 51 6 10
2014 12 20 51 6 10
2014 12 20 51 6 10
2014 12 20 51 6 10
2014 12 17 51 3 07
2014 12 16 51 2 23
2014 12 16 51 2 22
2014 12 16 51 2 22
2014 12 16 51 2 22
2014 12 16 51 2 18
2014 12 16 51 2 18
2014 12 15 51 1 18
2014 12 14 50 7 10
2014 12 12 50 5 19
2014 12 12 50 5 19
2014 12 12 50 5 16
2014 12 12 50 5 09
2014 12 12 50 5 09
2014 12 12 50 5 09
2014 12 12 50 5 09
2014 12 12 50 5 09
2014 12 12 50 5 08
2014 12 12 50 5 07
2014 12 12 50 5 07
2014 12 12 50 5 07
2014 12 12 50 5 07
2014 12 12 50 5 06
2014 12 11 50 4 23
2014 12 09 50 2 22
2014 12 09 50 2 22
2014 12 09 50 2 22
2014 12 09 50 2 22
2014 12 09 50 2 22
2014 12 09 50 2 22
2014 12 09 50 2 22
2014 12 09 50 2 22
2014 12 09 50 2 22
2014 12 09 50 2 22
2014 12 09 50 2 22
2014 12 09 50 2 22
2014 12 08 50 1 07
2014 12 08 50 1 07
2014 12 08 50 1 07
2014 12 08 50 1 02
2014 12 05 49 5 19
2014 12 01 49 1 20
2014 11 25 48 2 23
2014 11 24 48 1 19
2014 11 21 47 5 19
2014 11 21 47 5 06
2014 11 19 47 3 22
2014 11 14 46 5 19
2014 11 14 46 5 18
2014 11 13 46 4 22
2014 11 12 46 3 21
2014 11 12 46 3 21
2014 11 12 46 3 20
2014 11 12 46 3 20
2014 11 12 46 3 20
2014 11 11 46 2 18
2014 11 09 45 7 08
2014 11 09 45 7 08
2014 11 07 45 5 12
2014 11 07 45 5 09
2014 11 07 45 5 09
2014 11 07 45 5 09
2014 11 06 45 4 18
2014 11 06 45 4 18
2014 11 06 45 4 17
2014 11 06 45 4 17
2014 11 06 45 4 16
2014 11 06 45 4 15
2014 11 06 45 4 15
2014 11 06 45 4 14
2014 11 06 45 4 14
2014 11 06 45 4 06
2014 11 06 45 4 06
2014 11 06 45 4 06
2014 11 06 45 4 04
2014 11 06 45 4 04
2014 11 05 45 3 23
2014 11 05 45 3 05
2014 11 04 45 2 20
2014 11 04 45 2 19
2014 11 04 45 2 19
2014 10 24 43 5 01
2014 10 22 43 3 18
2014 10 22 43 3 05
2014 10 22 43 3 02
2014 10 22 43 3 01
2014 10 22 43 3 01
2014 10 22 43 3 01
2014 10 22 43 3 01
2014 10 22 43 3 01
2014 10 22 43 3 01
2014 10 22 43 3 01
2014 10 06 41 1 22
2014 10 03 40 5 20
2014 09 29 40 1 18
2014 09 29 40 1 05
2014 09 12 37 5 17
2014 09 10 37 3 22
2014 09 08 37 1 20
2014 09 08 37 1 18
2014 09 08 37 1 18
2014 09 06 36 6 15
2014 08 31 35 7 10
2014 08 31 35 7 10
2014 08 30 35 6 03
2014 08 30 35 6 01
2014 08 29 35 5 20
2014 08 29 35 5 18
2014 08 28 35 4 09
2014 08 27 35 3 20
2014 08 23 34 6 15
2014 08 22 34 5 20
2014 08 22 34 5 20
2014 08 22 34 5 19
2014 08 22 34 5 19
2014 08 22 34 5 19
2014 08 22 34 5 16
2014 08 22 34 5 14
2014 08 21 34 4 19
2014 08 21 34 4 02
2014 08 21 34 4 02
2014 08 21 34 4 00
2014 08 21 34 4 00
2014 08 21 34 4 00
2014 08 20 34 3 23
2014 08 20 34 3 23
2014 08 20 34 3 23
2014 08 20 34 3 23
2014 08 20 34 3 23
2014 08 20 34 3 23
2014 08 20 34 3 21
2014 08 20 34 3 21
2014 08 20 34 3 21
2014 08 20 34 3 19
2014 08 20 34 3 00
2014 08 19 34 2 22
2014 08 19 34 2 21
2014 08 19 34 2 21
2014 08 19 34 2 21
2014 08 19 34 2 20
2014 08 19 34 2 15
2014 08 19 34 2 09
2014 08 19 34 2 09
2014 08 19 34 2 09
2014 08 19 34 2 04
2014 08 19 34 2 04
2014 08 18 34 1 22
2014 08 18 34 1 22
2014 08 18 34 1 22
2014 08 18 34 1 20
2014 08 18 34 1 20
2014 08 18 34 1 18
2014 08 18 34 1 17
2014 08 18 34 1 17
2014 08 17 33 7 22
2014 08 17 33 7 21
2014 08 16 33 6 04
2014 08 16 33 6 03
2014 08 16 33 6 03
2014 08 15 33 5 18
2014 08 15 33 5 17
2014 08 15 33 5 16
2014 08 15 33 5 16
2014 08 15 33 5 16
2014 08 15 33 5 15
2014 08 15 33 5 15
2014 08 15 33 5 14
2014 08 14 33 4 23
2014 08 14 33 4 23
2014 08 14 33 4 21
2014 08 14 33 4 17
2014 08 14 33 4 17
2014 08 14 33 4 17
2014 08 14 33 4 17
2014 08 14 33 4 16
2014 08 14 33 4 00
2014 08 14 33 4 00
2014 08 13 33 3 23
2014 08 13 33 3 23
2014 08 13 33 3 23
2014 08 13 33 3 23
2014 08 13 33 3 22
2014 08 13 33 3 22
2014 08 13 33 3 21
2014 08 13 33 3 21
2014 08 13 33 3 20
2014 08 13 33 3 19
2014 08 13 33 3 18
2014 08 13 33 3 17
2014 08 13 33 3 16
2014 08 13 33 3 15
2014 08 13 33 3 15
2014 08 13 33 3 15
2014 08 13 33 3 14
2014 08 13 33 3 06
2014 08 13 33 3 06
2014 08 13 33 3 06
2014 08 13 33 3 02
2014 08 12 33 2 21
2014 08 12 33 2 19
2014 08 12 33 2 19
2014 08 12 33 2 18
2014 08 12 33 2 00
2014 08 11 33 1 20
2014 08 11 33 1 18
2014 08 11 33 1 18
2014 08 11 33 1 17
2014 08 11 33 1 17
2014 08 11 33 1 17
2014 08 11 33 1 17
2014 08 11 33 1 17
2014 08 11 33 1 16
2014 08 11 33 1 16
2014 08 11 33 1 16
2014 08 11 33 1 15
2014 08 11 33 1 15
2014 08 11 33 1 15
2014 08 11 33 1 15
2014 08 08 32 5 02
2014 08 06 32 3 18
2014 08 06 32 3 17
2014 08 05 32 2 11
2014 08 05 32 2 11
2014 08 05 32 2 05
2014 08 04 32 1 19
2014 08 04 32 1 17
2014 08 04 32 1 02
2014 08 04 32 1 02
2014 08 03 31 7 23
2014 08 02 31 6 21
2014 08 01 31 5 22
2014 08 01 31 5 21
2014 08 01 31 5 21
2014 08 01 31 5 09
2014 08 01 31 5 09
2014 08 01 31 5 09
2014 07 31 31 4 23
2014 07 31 31 4 23
2014 07 31 31 4 21
2014 07 31 31 4 19
2014 07 31 31 4 18
2014 07 31 31 4 02
2014 07 31 31 4 02
2014 07 31 31 4 01
2014 07 31 31 4 00
2014 07 30 31 3 23
2014 07 30 31 3 22
2014 07 30 31 3 22
2014 07 30 31 3 18
2014 07 30 31 3 18
2014 07 30 31 3 18
2014 07 30 31 3 18
2014 07 30 31 3 18
2014 07 30 31 3 18
2014 07 30 31 3 17
2014 07 30 31 3 17
2014 07 30 31 3 05
2014 07 30 31 3 05
2014 07 30 31 3 05
2014 07 30 31 3 05
2014 07 30 31 3 05
2014 07 30 31 3 05
2014 07 30 31 3 05
2014 07 30 31 3 05
2014 07 30 31 3 05
2014 07 30 31 3 05
2014 07 30 31 3 05
2014 07 30 31 3 05
2014 07 30 31 3 05
2014 07 30 31 3 04
2014 07 30 31 3 02
2014 07 30 31 3 00
2014 07 29 31 2 20
2014 07 29 31 2 20
2014 07 29 31 2 02
2014 07 28 31 1 20
2014 07 28 31 1 20
2014 07 28 31 1 18
2014 07 27 30 7 05
2014 07 26 30 6 05
2014 07 26 30 6 04
2014 07 26 30 6 04
2014 07 26 30 6 04
2014 07 26 30 6 03
2014 07 26 30 6 03
2014 07 26 30 6 03
2014 07 26 30 6 03
2014 07 26 30 6 03
2014 07 26 30 6 03
2014 07 26 30 6 03
2014 07 26 30 6 03
2014 07 26 30 6 01
2014 07 26 30 6 01
2014 07 26 30 6 00
2014 07 25 30 5 22
2014 07 25 30 5 20
2014 07 25 30 5 17
2014 07 25 30 5 17
2014 07 25 30 5 11
2014 07 25 30 5 10
2014 07 25 30 5 10
2014 07 25 30 5 09
2014 07 25 30 5 09
2014 07 25 30 5 09
2014 07 25 30 5 07
2014 07 25 30 5 07
2014 07 25 30 5 07
2014 07 25 30 5 07
2014 07 25 30 5 05
2014 07 25 30 5 04
2014 07 25 30 5 02
2014 07 25 30 5 02
2014 07 25 30 5 02
2014 07 25 30 5 02
2014 07 25 30 5 02
2014 07 24 30 4 22
2014 07 24 30 4 19
2014 07 24 30 4 19
2014 07 24 30 4 18
2014 07 24 30 4 18
2014 07 24 30 4 18
2014 07 24 30 4 17
2014 07 24 30 4 06
2014 07 24 30 4 06
2014 07 24 30 4 02
2014 07 23 30 3 22
2014 07 23 30 3 17
2014 07 23 30 3 14
2014 07 23 30 3 12
2014 07 23 30 3 11
2014 07 23 30 3 11
2014 07 23 30 3 10
2014 07 23 30 3 04
2014 07 23 30 3 04
2014 07 23 30 3 04
2014 07 22 30 2 21
2014 07 22 30 2 21
2014 07 22 30 2 21
2014 07 22 30 2 20
2014 07 22 30 2 19
2014 07 22 30 2 19
2014 07 22 30 2 18
2014 07 22 30 2 17
2014 07 22 30 2 17
2014 07 22 30 2 17
2014 07 22 30 2 17
2014 07 22 30 2 17
2014 07 22 30 2 17
2014 07 22 30 2 16
2014 07 22 30 2 16
2014 07 22 30 2 16
2014 07 22 30 2 01
2014 07 22 30 2 01
2014 07 22 30 2 00
2014 07 21 30 1 22
2014 07 21 30 1 21
2014 07 21 30 1 20
2014 07 21 30 1 20
2014 07 21 30 1 20
2014 07 21 30 1 00
2014 07 21 30 1 00
2014 07 21 30 1 00
2014 07 20 29 7 23
2014 07 20 29 7 21
2014 07 20 29 7 21
2014 07 20 29 7 21
2014 07 20 29 7 21
2014 07 20 29 7 19
2014 07 19 29 6 16
2014 07 19 29 6 16
2014 07 19 29 6 15
2014 07 19 29 6 13
2014 07 19 29 6 13
2014 07 19 29 6 13
2014 07 19 29 6 12
2014 07 19 29 6 11
2014 07 19 29 6 09
2014 07 19 29 6 09
2014 07 19 29 6 09
2014 07 19 29 6 09
2014 07 19 29 6 00
2014 07 19 29 6 00
2014 07 19 29 6 00
2014 07 18 29 5 20
2014 07 18 29 5 20
2014 07 18 29 5 20
2014 07 18 29 5 20
2014 07 18 29 5 20
2014 07 18 29 5 19
2014 07 18 29 5 19
2014 07 18 29 5 19
2014 07 18 29 5 02
2014 07 18 29 5 02
2014 07 18 29 5 02
2014 07 18 29 5 02
2014 07 18 29 5 02
2014 07 18 29 5 01
2014 07 18 29 5 00
2014 07 18 29 5 00
2014 07 17 29 4 23
2014 07 17 29 4 23
2014 07 17 29 4 22
2014 07 17 29 4 20
2014 07 17 29 4 20
2014 07 17 29 4 13
2014 07 17 29 4 11
2014 07 17 29 4 11
2014 07 17 29 4 00
2014 07 16 29 3 23
2014 07 16 29 3 23
2014 07 16 29 3 21
2014 07 16 29 3 17
2014 07 16 29 3 14
2014 07 16 29 3 04
2014 07 16 29 3 03
2014 07 16 29 3 00
2014 07 15 29 2 20
2014 07 15 29 2 16
2014 07 15 29 2 13
2014 07 15 29 2 13
2014 07 15 29 2 13
2014 07 15 29 2 12
2014 07 15 29 2 12
2014 07 15 29 2 09
2014 07 15 29 2 09
2014 07 15 29 2 09
2014 07 15 29 2 09
2014 07 15 29 2 01
2014 07 15 29 2 00
2014 07 15 29 2 00
2014 07 14 29 1 21
2014 07 14 29 1 20
2014 07 14 29 1 19
2014 07 14 29 1 19
2014 07 14 29 1 19
2014 07 14 29 1 18
2014 07 14 29 1 17
2014 07 13 28 7 21
2014 07 13 28 7 21
2014 07 13 28 7 21
2014 07 13 28 7 21
2014 07 13 28 7 21
2014 07 13 28 7 04
2014 07 13 28 7 04
2014 07 13 28 7 04
2014 07 12 28 6 00
2014 07 12 28 6 00
2014 07 11 28 5 23
2014 07 11 28 5 23
2014 07 11 28 5 23
2014 07 11 28 5 23
2014 07 11 28 5 23
2014 07 11 28 5 22
2014 07 11 28 5 22
2014 07 11 28 5 22
2014 07 11 28 5 20
2014 07 11 28 5 20
2014 07 11 28 5 20
2014 07 11 28 5 17
2014 07 11 28 5 17
2014 07 11 28 5 17
2014 07 11 28 5 17
2014 07 11 28 5 17
2014 07 11 28 5 17
2014 07 11 28 5 17
2014 07 11 28 5 05
2014 07 11 28 5 03
2014 07 11 28 5 01
2014 07 11 28 5 01
2014 07 10 28 4 21
2014 07 10 28 4 20
2014 07 10 28 4 20
2014 07 10 28 4 19
2014 07 10 28 4 00
2014 07 09 28 3 22
2014 07 09 28 3 22
2014 07 09 28 3 17
2014 07 09 28 3 17
2014 07 09 28 3 17
2014 07 09 28 3 03
2014 07 08 28 2 23
2014 07 08 28 2 23
2014 07 08 28 2 15
2014 07 08 28 2 15
2014 07 08 28 2 15
2014 07 08 28 2 11
2014 07 08 28 2 09
2014 07 08 28 2 07
2014 07 08 28 2 06
2014 07 08 28 2 05
2014 07 08 28 2 05
2014 07 08 28 2 05
2014 07 07 28 1 22
2014 07 07 28 1 22
2014 07 07 28 1 22
2014 07 07 28 1 22
2014 07 07 28 1 22
2014 07 07 28 1 21
2014 07 07 28 1 18
2014 07 07 28 1 16
2014 07 07 28 1 16
2014 07 07 28 1 16
2014 07 07 28 1 03
2014 07 06 27 7 20
2014 07 06 27 7 20
2014 07 06 27 7 20
2014 07 06 27 7 11
2014 07 06 27 7 11
2014 07 06 27 7 10
2014 07 06 27 7 10
2014 07 06 27 7 10
2014 07 03 27 4 19
2014 07 02 27 3 01
2014 07 02 27 3 00
2014 07 02 27 3 00
2014 07 02 27 3 00
2014 07 01 27 2 23
2014 07 01 27 2 23
2014 06 30 27 1 17
2014 06 30 27 1 16
2014 06 30 27 1 16
2014 06 27 26 5 21
2014 06 26 26 4 17
2014 06 26 26 4 17
2014 06 25 26 3 21
2014 06 24 26 2 18
2014 06 24 26 2 17
2014 06 14 24 6 01
2014 06 14 24 6 00
2014 06 14 24 6 00
2014 06 14 24 6 00
2014 06 14 24 6 00
2014 06 14 24 6 00
2014 06 14 24 6 00
2014 06 14 24 6 00
2014 06 14 24 6 00
2014 06 14 24 6 00
2014 06 14 24 6 00
2014 06 14 24 6 00
2014 06 13 24 5 21
2014 06 13 24 5 21
2014 06 13 24 5 21
2014 06 13 24 5 14
2014 05 16 20 5 22
2014 05 16 20 5 22
2014 05 16 20 5 22
2014 04 25 17 5 03
2014 04 23 17 3 07
2014 04 23 17 3 05
2014 04 01 14 2 04
2014 03 10 11 1 18
2014 03 10 11 1 18
2014 02 27 09 4 17
2014 02 27 09 4 16
2014 02 20 08 4 17
2014 02 20 08 4 17
2014 02 18 08 2 13
2014 02 18 08 2 13
2014 01 30 05 4 16
2014 01 22 04 3 10
2014 01 17 03 5 22
2014 01 14 03 2 16
2014 01 14 03 2 16
2014 01 14 03 2 14
2013 12 15 50 7 06
2013 12 15 50 7 06
2013 12 06 49 5 01
2013 12 05 49 4 14
2013 12 05 49 4 14
2013 12 05 49 4 14
2013 12 04 49 3 08
2013 12 04 49 3 07
2013 12 02 49 1 16
2013 12 02 49 1 15
2013 11 30 48 6 13
2013 11 30 48 6 10
2013 11 30 48 6 10
2013 11 30 48 6 10
2013 11 30 48 6 10
2013 11 26 48 2 18
2013 11 26 48 2 17
2013 11 25 48 1 16
2013 11 25 48 1 16
2013 11 24 47 7 19
2013 11 24 47 7 19
2013 11 15 46 5 12
2013 11 15 46 5 12
2013 11 15 46 5 05
2013 11 15 46 5 05
2013 11 15 46 5 05
2013 11 14 46 4 06
2013 11 14 46 4 05
2013 11 14 46 4 05
2013 11 14 46 4 05
2013 11 11 46 1 10
2013 11 11 46 1 10
2013 11 11 46 1 03
2013 11 11 46 1 01
2013 11 11 46 1 01
2013 11 10 45 7 21
2013 11 10 45 7 21
2013 11 10 45 7 20
2013 11 10 45 7 20
2013 11 10 45 7 20
2013 11 10 45 7 20
2013 11 10 45 7 20
2013 11 08 45 5 06
2013 11 08 45 5 06
2013 11 08 45 5 04
2013 11 08 45 5 04
2013 11 08 45 5 03
2013 11 08 45 5 03
2013 11 08 45 5 03
2013 11 04 45 1 10
2013 11 04 45 1 10
2013 11 04 45 1 10
2013 11 04 45 1 10
2013 11 04 45 1 10
2013 10 31 44 4 20
2013 10 31 44 4 20
2013 10 26 43 6 06
2013 10 26 43 6 02
2013 10 25 43 5 04
2013 10 25 43 5 04
2013 10 25 43 5 04
2013 10 25 43 5 04
2013 10 25 43 5 04
2013 10 25 43 5 02
2013 10 23 43 3 05
2013 10 22 43 2 05
2013 10 22 43 2 04
2013 10 22 43 2 04
2013 10 22 43 2 04
2013 10 22 43 2 03
2013 10 17 42 4 05
2013 10 13 41 7 06
2013 10 13 41 7 06
2013 10 13 41 7 06
2013 10 11 41 5 15
2013 10 11 41 5 12
2013 10 09 41 3 01
2013 10 07 41 1 16
2013 10 07 41 1 16
2013 10 07 41 1 16
2013 10 05 40 6 11
2013 10 05 40 6 11
2013 10 05 40 6 10
2013 10 05 40 6 09
2013 10 05 40 6 09
2013 10 05 40 6 07
2013 10 03 40 4 22
2013 10 03 40 4 22
2013 10 03 40 4 07
2013 10 03 40 4 07
2013 10 03 40 4 07
2013 10 03 40 4 07
2013 10 03 40 4 07
2013 10 03 40 4 06
2013 10 02 40 3 09
2013 10 02 40 3 06
2013 10 02 40 3 06
2013 10 02 40 3 06
2013 10 02 40 3 06
2013 10 02 40 3 04
2013 10 02 40 3 04
2013 10 01 40 2 22
2013 10 01 40 2 22
2013 10 01 40 2 19
2013 10 01 40 2 17
2013 09 30 40 1 19
2013 09 30 40 1 17
2013 09 30 40 1 17
2013 09 30 40 1 17
2013 09 30 40 1 17
2013 09 30 40 1 08
2013 09 30 40 1 08
2013 09 30 40 1 03
2013 09 30 40 1 01
2013 09 30 40 1 00
2013 09 30 40 1 00
2013 09 30 40 1 00
2013 09 29 39 7 23
2013 09 26 39 4 15
2013 09 21 38 6 01
2013 09 21 38 6 01
2013 09 21 38 6 01
2013 09 20 38 5 13
2013 09 17 38 2 06
2013 09 17 38 2 06
2013 09 17 38 2 06
2013 09 16 38 1 17
2013 09 16 38 1 17
2013 09 16 38 1 17
2013 09 16 38 1 17
2013 09 16 38 1 03
2013 09 16 38 1 02
2013 09 16 38 1 01
2013 09 16 38 1 01
2013 09 03 36 2 22
2013 09 03 36 2 22
2013 09 03 36 2 16
2013 09 03 36 2 16
2013 09 03 36 2 16
2013 09 02 36 1 21
2013 08 31 35 6 22
2013 08 31 35 6 20
2013 08 31 35 6 19
2013 08 14 33 3 23
2013 08 12 33 1 05
2013 08 12 33 1 05
2013 08 12 33 1 02
2013 08 12 33 1 02
2013 08 10 32 6 08
2013 08 10 32 6 07
2013 08 09 32 5 06
2013 08 08 32 4 07
2013 08 08 32 4 07
2013 08 08 32 4 07
2013 08 08 32 4 06
2013 08 08 32 4 05
2013 08 08 32 4 05
2013 08 08 32 4 02
2013 08 07 32 3 05
2013 08 06 32 2 07
2013 08 06 32 2 06
2013 08 05 32 1 02
2013 08 03 31 6 16
2013 08 03 31 6 16
2013 08 01 31 4 09
2013 08 01 31 4 09
2013 07 31 31 3 22
2013 07 31 31 3 17
2013 07 30 31 2 13
2013 07 30 31 2 13
2013 07 30 31 2 12
2013 07 30 31 2 12
2013 07 27 30 6 21
2013 07 27 30 6 20
2013 07 26 30 5 20
2013 07 26 30 5 20
2013 07 24 30 3 07
2013 07 24 30 3 05
2013 07 24 30 3 05
2013 07 24 30 3 05
2013 07 24 30 3 05
2013 07 24 30 3 05
2013 07 22 30 1 09
2013 07 22 30 1 09
2013 07 22 30 1 09
2013 07 18 29 4 05
2013 07 18 29 4 05
2013 07 17 29 3 06
2013 07 17 29 3 06
2013 07 17 29 3 06
2013 07 17 29 3 05
2013 07 17 29 3 05
2013 07 15 29 1 06
2013 07 15 29 1 06
2013 07 09 28 2 18
2013 07 09 28 2 18
2013 07 01 27 1 10
2013 07 01 27 1 09
2013 07 01 27 1 09
2013 06 23 25 7 16
2013 06 23 25 7 16
2013 06 23 25 7 08
2013 06 23 25 7 08
2013 06 22 25 6 14
2013 06 21 25 5 09
2013 06 21 25 5 02
2013 06 21 25 5 01
2013 06 21 25 5 00
2013 06 20 25 4 05
2013 06 20 25 4 05
2013 06 19 25 3 04
2013 06 19 25 3 04
2013 06 19 25 3 04
2013 06 17 25 1 02
2013 06 17 25 1 02
2013 06 16 24 7 22
2013 06 16 24 7 17
2013 06 16 24 7 09
2013 06 16 24 7 09
2013 06 14 24 5 16
2013 06 16 24 7 09
2013 06 16 24 7 07
2013 06 16 24 7 04
2013 06 14 24 5 16
2013 06 14 24 5 16
2013 06 11 24 2 01
2013 06 11 24 2 00
2013 06 10 24 1 14
2013 06 10 24 1 14
2013 06 10 24 1 01
2013 06 10 24 1 01
2013 06 10 24 1 01
2013 06 08 23 6 09
2013 06 08 23 6 09
2013 06 08 23 6 09
2013 06 08 23 6 09
2013 06 08 23 6 09
2013 06 08 23 6 07
2013 06 06 23 4 02
2013 06 06 23 4 01
2013 06 06 23 4 01
2013 06 06 23 4 00
2013 06 06 23 4 00
2013 06 05 23 3 23
2013 06 02 22 7 11
2013 06 02 22 7 10
2013 06 02 22 7 08
2013 06 02 22 7 07
2013 05 30 22 4 14
2013 05 26 21 7 18
2013 05 26 21 7 18
2013 05 26 21 7 18
2013 05 26 21 7 18
2013 05 26 21 7 14
2013 05 26 21 7 04
2013 05 26 21 7 04
2013 05 26 21 7 04
2013 05 26 21 7 03
2013 05 25 21 6 22
2013 05 25 21 6 22
2013 05 25 21 6 22
2013 05 25 21 6 21
2013 05 24 21 5 19
2013 05 23 21 4 17
2013 05 23 21 4 17
2013 05 22 21 3 23
2013 05 22 21 3 22
2013 05 22 21 3 22
2013 05 22 21 3 22
2013 05 22 21 3 22
2013 05 22 21 3 03
2013 05 21 21 2 06
2013 05 21 21 2 06
2013 05 21 21 2 06
2013 05 19 20 7 18
2013 05 19 20 7 17
2013 05 18 20 6 10
2013 05 13 20 1 06
2013 05 13 20 1 06
2013 05 13 20 1 05
2013 05 13 20 1 05
2013 05 13 20 1 01
2013 05 13 20 1 00
2013 05 10 19 5 20
2013 05 10 19 5 19
2013 05 10 19 5 19
2013 05 10 19 5 03
2013 05 08 19 3 07
2013 05 08 19 3 04
2013 05 07 19 2 03
2013 05 07 19 2 02
2013 05 07 19 2 02
2013 05 06 19 1 02
2013 05 06 19 1 02
2013 05 06 19 1 00
2013 05 05 18 7 07
2013 05 05 18 7 06
2013 05 05 18 7 00
2013 05 04 18 6 21
2013 05 04 18 6 12
2013 05 04 18 6 11
2013 05 04 18 6 09
2013 05 04 18 6 04
2013 05 04 18 6 03
2013 05 04 18 6 03
2013 05 04 18 6 01
2013 05 03 18 5 07
2013 05 02 18 4 04
2013 05 02 18 4 04
2013 05 01 18 3 08
2013 05 01 18 3 04
2013 05 01 18 3 03
2013 05 01 18 3 03
2013 05 01 18 3 03
2013 05 01 18 3 02
2013 04 29 18 1 02
2013 04 29 18 1 02
2013 04 29 18 1 02
2013 04 29 18 1 02
2013 04 29 18 1 02
2013 04 29 18 1 01
2013 04 27 17 6 17
2013 04 27 17 6 17
2013 04 27 17 6 17
2013 04 23 17 2 04
2013 04 22 17 1 04
2013 04 21 16 7 21
2013 04 21 16 7 21
2013 04 20 16 6 21
2013 04 20 16 6 21
2013 04 20 16 6 21
2013 04 20 16 6 21
2013 04 20 16 6 21
2013 04 20 16 6 21
2013 04 20 16 6 21
2013 04 20 16 6 21
2013 04 20 16 6 06
2013 04 20 16 6 06
2013 04 20 16 6 06
2013 04 20 16 6 06
2013 04 20 16 6 06
2013 04 20 16 6 05
2013 04 19 16 5 05
2013 04 19 16 5 05
2013 04 19 16 5 05
2013 04 19 16 5 05
2013 04 19 16 5 05
2013 04 19 16 5 04
2013 04 19 16 5 04
2013 04 19 16 5 04
2013 04 19 16 5 04
2013 04 18 16 4 06
2013 04 18 16 4 06
2013 04 18 16 4 06
2013 04 18 16 4 06
2013 04 18 16 4 06
2013 04 18 16 4 06
2013 04 17 16 3 06
2013 04 17 16 3 06
2013 04 17 16 3 05
2013 04 16 16 2 15
2013 04 16 16 2 14
2013 04 16 16 2 05
2013 04 16 16 2 05
2013 04 16 16 2 05
2013 04 15 16 1 03
2013 04 15 16 1 03
2013 04 15 16 1 03
2013 04 15 16 1 03
2013 04 15 16 1 01
2013 04 13 15 6 16
2013 04 13 15 6 15
2013 04 13 15 6 15
2013 04 12 15 5 17
2013 04 12 15 5 16
2013 04 12 15 5 16
2013 04 12 15 5 16
2013 04 12 15 5 15
2013 04 12 15 5 15
2013 04 12 15 5 04
2013 04 12 15 5 04
2013 04 11 15 4 22
2013 04 09 15 2 08
2013 04 09 15 2 06
2013 04 09 15 2 06
2013 04 07 14 7 06
2013 04 07 14 7 05
2013 04 07 14 7 04
2013 04 07 14 7 01
2013 04 07 14 7 01
2013 04 06 14 6 23
2013 04 06 14 6 23
2013 04 06 14 6 20
2013 04 06 14 6 20
2013 04 06 14 6 06
2013 04 06 14 6 05
2013 04 06 14 6 05
2013 04 06 14 6 05
2013 04 05 14 5 02
2013 04 03 14 3 17
2013 04 03 14 3 06
2013 04 03 14 3 06
2013 04 03 14 3 06
2013 04 03 14 3 06
2013 04 03 14 3 06
2013 04 03 14 3 06
2013 04 03 14 3 05
2013 04 03 14 3 05
2013 04 02 14 2 04
2013 04 01 14 1 06
2013 03 31 13 7 22
2013 03 31 13 7 21
2013 03 31 13 7 21
2013 03 31 13 7 21
2013 03 30 13 6 22
2013 03 30 13 6 04
2013 03 30 13 6 04
2013 03 30 13 6 02
2013 03 30 13 6 02
2013 03 26 13 2 19
2013 03 23 12 6 18
2013 03 23 12 6 04
2013 03 23 12 6 04
2013 03 23 12 6 01
2013 03 22 12 5 13
2013 03 22 12 5 13
2013 03 22 12 5 13
2013 03 21 12 4 21
2013 03 21 12 4 20
2013 03 21 12 4 19
2013 03 21 12 4 19
2013 03 21 12 4 19
2013 03 21 12 4 19
2013 03 21 12 4 04
2013 03 21 12 4 03
2013 03 18 12 1 07
2013 03 18 12 1 07
2013 03 18 12 1 07
2013 03 17 11 7 01
2013 03 17 11 7 01
2013 03 16 11 6 21
2013 03 16 11 6 21
2013 03 16 11 6 04
2013 03 16 11 6 03
2013 03 16 11 6 03
2013 03 16 11 6 03
2013 03 15 11 5 22
2013 03 15 11 5 20
2013 03 15 11 5 20
2013 03 15 11 5 03
2013 03 14 11 4 21
2013 03 13 11 3 07
2013 03 13 11 3 06
2013 03 13 11 3 05
2013 03 13 11 3 04
2013 03 13 11 3 04
2013 03 13 11 3 02
2013 03 13 11 3 02
2013 03 13 11 3 02
2013 03 12 11 2 21
2013 03 12 11 2 20
2013 03 12 11 2 20
2013 03 12 11 2 19
2013 03 12 11 2 19
2013 03 12 11 2 07
2013 03 12 11 2 07
2013 03 12 11 2 06
2013 03 12 11 2 01
2013 03 10 10 7 03
2013 03 07 10 4 11
2013 03 07 10 4 10
2013 03 07 10 4 09
2013 03 07 10 4 09
2013 03 07 10 4 09
2013 03 07 10 4 08
2013 03 07 10 4 06
2013 03 06 10 3 21
2013 03 06 10 3 21
2013 03 06 10 3 21
2013 03 06 10 3 08
2013 03 06 10 3 08
2013 03 04 10 1 16
2013 03 04 10 1 15
2013 03 04 10 1 15
2013 03 03 09 7 17
2013 03 03 09 7 17
2013 03 03 09 7 17
2013 03 03 09 7 00
2013 03 02 09 6 06
2013 03 01 09 5 06
2013 02 27 09 3 21
2013 02 27 09 3 21
2013 02 27 09 3 21
2013 02 27 09 3 20
2013 02 27 09 3 19
2013 02 27 09 3 19
2013 02 27 09 3 19
2013 02 27 09 3 19
2013 02 27 09 3 19
2013 02 27 09 3 19
2013 02 27 09 3 13
2013 02 27 09 3 12
2013 02 27 09 3 06
2013 02 27 09 3 06
2013 02 27 09 3 03
2013 02 27 09 3 03
2013 02 27 09 3 03
2013 02 27 09 3 03
2013 02 27 09 3 03
2013 02 27 09 3 03
2013 02 26 09 2 05
2013 02 25 09 1 11
2013 02 24 08 7 20
2013 02 24 08 7 20
2013 02 24 08 7 20
2013 02 24 08 7 20
2013 02 24 08 7 20
2013 02 24 08 7 20
2013 02 24 08 7 20
2013 02 24 08 7 19
2013 02 24 08 7 16
2013 02 24 08 7 16
2013 02 24 08 7 01
2013 02 24 08 7 01
2013 02 24 08 7 01
2013 02 24 08 7 01
2013 02 24 08 7 01
2013 02 22 08 5 09
2013 02 22 08 5 09
2013 02 22 08 5 09
2013 02 22 08 5 09
2013 02 22 08 5 09
2013 02 22 08 5 09
2013 02 22 08 5 09
2013 02 22 08 5 09
2013 02 22 08 5 09
2013 02 22 08 5 08
2013 02 22 08 5 08
2013 02 22 08 5 08
2013 02 22 08 5 08
2013 02 22 08 5 08
2013 02 22 08 5 08
2013 02 22 08 5 08
2013 02 22 08 5 08
2013 02 22 08 5 08
2013 02 22 08 5 08
2013 02 22 08 5 07
2013 02 22 08 5 07
2013 02 22 08 5 07
2013 02 22 08 5 07
2013 02 22 08 5 07
2013 02 22 08 5 07
2013 02 22 08 5 07
2013 02 22 08 5 07
2013 02 22 08 5 07
2013 02 22 08 5 07
2013 02 22 08 5 07
2013 02 22 08 5 06
2013 02 22 08 5 06
2013 02 22 08 5 06
2013 02 22 08 5 06
2013 02 22 08 5 06
2013 02 22 08 5 06
2013 02 22 08 5 06
2013 02 22 08 5 06
2013 02 22 08 5 04
2013 02 22 08 5 04
2013 02 22 08 5 04
2013 02 22 08 5 04
2013 02 22 08 5 04
2013 02 20 08 3 04
2013 02 20 08 3 04
2013 02 20 08 3 03
2013 02 20 08 3 03
2013 02 20 08 3 03
2013 02 20 08 3 02
2013 02 20 08 3 02
2013 02 20 08 3 00
2013 02 20 08 3 00
2013 02 19 08 2 16
2013 02 19 08 2 16
2013 02 19 08 2 16
2013 02 19 08 2 15
2013 02 19 08 2 15
2013 02 19 08 2 15
2013 02 19 08 2 15
2013 02 19 08 2 14
2013 02 19 08 2 13
2013 02 19 08 2 11
2013 02 19 08 2 07
2013 02 19 08 2 05
2013 02 19 08 2 05
2013 02 19 08 2 05
2013 02 19 08 2 04
2013 02 19 08 2 03
2013 02 18 08 1 01
2013 02 18 08 1 01
2013 02 18 08 1 00
2013 02 17 07 7 07
2013 02 17 07 7 06
2013 02 17 07 7 05
2013 02 17 07 7 04
2013 02 17 07 7 03
2013 02 17 07 7 01
2013 02 16 07 6 23
2013 02 16 07 6 22
2013 02 16 07 6 21
2013 02 15 07 5 19
2013 02 15 07 5 19
2013 02 15 07 5 19
2013 02 15 07 5 19
2013 02 15 07 5 19
2013 02 03 05 7 11
2013 01 21 04 1 07
2013 01 21 04 1 00
2013 01 21 04 1 00
2013 01 20 03 7 00
2013 01 19 03 6 19
2013 01 19 03 6 19
2012 10 06 40 6 02
2012 10 03 40 3 06
2012 10 03 40 3 06
2012 10 03 40 3 06
2012 09 27 39 4 07
2012 09 24 39 1 04
2012 09 23 38 7 22
2012 09 23 38 7 21
