
2015 10 26 44 1 15
2015 10 25 43 7 13
2015 10 22 43 4 08
2015 10 19 43 1 07
2015 10 18 42 7 18
2015 10 18 42 7 18
2015 10 18 42 7 18
2015 10 18 42 7 17
2015 10 17 42 6 16
2015 10 17 42 6 16
2015 10 17 42 6 04
2015 10 17 42 6 03
2015 10 17 42 6 03
2015 10 17 42 6 03
2015 10 17 42 6 03
2015 10 17 42 6 03
2015 10 17 42 6 03
2015 10 17 42 6 03
2015 10 12 42 1 00
2015 10 10 41 6 09
2015 10 06 41 2 21
2015 10 06 41 2 21
2015 10 06 41 2 21
2015 10 06 41 2 21
2015 10 06 41 2 21
2015 10 06 41 2 21
2015 10 06 41 2 20
2015 09 12 37 6 13
2015 09 12 37 6 12
2015 09 08 37 2 11
2015 09 07 37 1 18
2015 09 07 37 1 18
2015 09 06 36 7 14
2015 09 06 36 7 14
2015 09 06 36 7 14
2015 04 19 16 7 11
2015 01 19 04 1 10
2015 01 19 04 1 10
2015 01 19 04 1 10
2015 01 19 04 1 10
2015 01 19 04 1 10
2015 01 19 04 1 10
2015 01 19 04 1 10
2015 01 19 04 1 10
2015 01 19 04 1 10
2015 01 19 04 1 10
2015 01 19 04 1 10
2015 01 19 04 1 10
2015 01 19 04 1 09
2015 01 19 04 1 10
2015 01 19 04 1 10
2015 01 19 04 1 10
2015 09 06 36 7 13
2015 09 06 36 7 13
2015 05 09 19 6 14
2015 09 01 36 2 06
2015 08 27 35 4 17
2015 06 28 26 7 18
2015 06 28 26 7 17
2015 06 28 26 7 17
2015 06 03 23 3 20
2015 05 09 19 6 15
2015 05 13 20 3 03
2015 05 12 20 2 21
2015 05 09 19 6 14
2015 04 16 16 4 23
2015 04 05 14 7 15
2015 04 05 14 7 15
2015 03 31 14 2 22
2015 03 27 13 5 03
2015 01 29 05 4 21
2015 01 29 05 4 21
2015 01 19 04 1 09
2015 01 13 03 2 21
2014 11 24 48 1 16
2014 11 24 48 1 16
2014 07 26 30 6 10
2014 06 28 26 6 21
2014 06 27 26 5 07
2014 04 14 16 1 07
2014 02 14 07 5 16
2014 02 14 07 5 16
2014 02 14 07 5 16
2014 02 14 07 5 16
2014 02 11 07 2 13
2014 02 10 07 1 14
2014 02 10 07 1 14
2014 02 07 06 5 17
2014 02 07 06 5 14
2014 02 07 06 5 14
2014 02 05 06 3 10
2014 02 04 06 2 11
2014 02 02 05 7 15
2014 02 02 05 7 15
2014 02 02 05 7 14
2014 01 20 04 1 16
2014 01 20 04 1 15
2014 01 20 04 1 15
2014 01 14 03 2 16
2014 01 14 03 2 16
2014 01 14 03 2 16
2014 01 14 03 2 16
2014 01 09 02 4 16
2014 01 07 02 2 13
2014 01 07 02 2 13
2013 12 06 49 5 22
2013 12 06 49 5 22
2013 12 06 49 5 11
2013 12 01 48 7 16
2013 12 01 48 7 16
2013 11 28 48 4 14
2013 11 28 48 4 14
2013 11 27 48 3 00
2013 11 26 48 2 22
2013 11 26 48 2 22
2013 11 26 48 2 23
2013 11 20 47 3 17
2013 11 18 47 1 18
2013 11 18 47 1 18
2013 11 14 46 4 15
2013 11 08 45 5 11
2013 11 08 45 5 11
2013 11 08 45 5 11
2013 11 06 45 3 16
2013 11 06 45 3 15
2013 11 05 45 2 18
2013 11 05 45 2 18
2013 11 05 45 2 18
2013 11 05 45 2 18
2013 11 05 45 2 17
2013 11 05 45 2 11
2013 11 04 45 1 16
2013 11 04 45 1 11
2013 11 04 45 1 11
2013 10 29 44 2 18
2013 10 29 44 2 17
2013 10 29 44 2 17
2013 10 29 44 2 17
2013 10 29 44 2 17
2013 10 29 44 2 17
2013 10 29 44 2 17
2013 10 28 44 1 17
2013 10 27 43 7 13
2013 10 23 43 3 19
2013 10 22 43 2 16
2013 10 17 42 4 01
2013 10 07 41 1 00
2013 10 06 40 7 17
2013 10 06 40 7 17
2013 10 06 40 7 17
2013 10 06 40 7 16
2013 10 06 40 7 16
2013 10 06 40 7 16
2013 10 06 40 7 15
2013 10 06 40 7 15
2013 10 05 40 6 03
2013 10 03 40 4 10
2013 10 03 40 4 07
2013 10 03 40 4 07
2013 09 28 39 6 12
2013 09 28 39 6 12
2013 09 28 39 6 12
2013 09 28 39 6 12
2013 09 08 36 7 17
2013 09 08 36 7 17
2013 09 08 36 7 17
2013 09 08 36 7 14
2013 09 08 36 7 14
2013 09 08 36 7 14
2013 09 08 36 7 14
2013 09 08 36 7 14
2013 09 08 36 7 11
2013 09 08 36 7 11
2013 08 12 33 1 23
2013 07 22 30 1 20
2013 07 22 30 1 04
2013 07 22 30 1 04
2013 07 22 30 1 04
2013 07 21 29 7 23
2013 07 21 29 7 22
2013 07 21 29 7 22
2013 07 21 29 7 20
2013 07 21 29 7 20
2013 07 21 29 7 20
2013 07 21 29 7 20
2013 07 16 29 2 20
2013 07 16 29 2 20
2013 07 16 29 2 08
2013 07 16 29 2 08
2013 07 16 29 2 08
2013 07 16 29 2 08
2013 07 16 29 2 05
2013 07 16 29 2 05
2013 07 16 29 2 05
2013 07 15 29 1 21
2013 07 15 29 1 21
2013 07 13 28 6 04
2013 07 13 28 6 03
2013 07 13 28 6 03
2013 07 13 28 6 03
2013 07 13 28 6 01
2013 07 13 28 6 00
2013 07 13 28 6 00
2013 07 13 28 6 00
2013 07 13 28 6 00
2013 07 12 28 5 23
2013 07 12 28 5 20
2013 07 11 28 4 23
2013 07 16 29 2 00
2013 07 16 29 2 05
2013 07 16 29 2 05
2013 07 16 29 2 00
2013 07 09 28 2 08
2013 07 08 28 1 22
2013 07 08 28 1 22
2013 07 08 28 1 22
2013 07 08 28 1 22
2013 07 08 28 1 21
2013 07 07 27 7 21
2013 07 07 27 7 21
2013 07 07 27 7 21
2013 07 07 27 7 21
2013 07 07 27 7 20
2013 07 06 27 6 09
2013 07 06 27 6 08
2013 07 06 27 6 07
2013 07 06 27 6 07
2013 07 06 27 6 02
2013 07 06 27 6 02
2013 07 06 27 6 02
2013 07 05 27 5 23
2013 07 05 27 5 23
2013 07 05 27 5 01
2013 07 04 27 4 19
2013 07 03 27 3 22
2013 07 03 27 3 19
2013 07 03 27 3 19
2013 07 03 27 3 19
2013 07 03 27 3 18
2013 05 03 18 5 08
2013 04 22 17 1 18
2013 07 02 27 2 17
2013 07 02 27 2 17
2013 07 02 27 2 07
2013 07 02 27 2 07
2013 07 02 27 2 07
2013 07 02 27 2 07
2013 07 02 27 2 06
2013 07 01 27 1 07
2013 07 01 27 1 17
2013 07 01 27 1 17
2013 07 01 27 1 08
2013 07 01 27 1 08
2013 07 01 27 1 07
2013 07 01 27 1 07
2013 06 29 26 6 03
2013 06 29 26 6 03
2013 06 29 26 6 03
2013 06 29 26 6 03
2013 06 29 26 6 03
2013 06 29 26 6 03
2013 06 29 26 6 03
2013 06 29 26 6 03
2013 06 29 26 6 03
2013 06 29 26 6 03
2013 06 25 26 2 02
2013 06 25 26 2 02
2013 06 24 26 1 04
2013 06 23 25 7 23
2013 06 22 25 6 01
2013 06 22 25 6 01
2013 06 22 25 6 01
2013 06 20 25 4 22
2013 06 20 25 4 20
2013 06 20 25 4 19
2013 06 20 25 4 19
2013 06 20 25 4 18
2013 06 14 24 5 14
2013 06 08 23 6 13
2013 06 08 23 6 13
2013 06 08 23 6 10
2013 06 08 23 6 06
2013 06 07 23 5 11
2013 06 07 23 5 10
2013 06 07 23 5 10
2013 05 21 21 2 22
2013 05 21 21 2 22
2013 05 08 19 3 04
2013 05 08 19 3 04
2013 05 08 19 3 02
2013 05 08 19 3 02
2013 05 08 19 3 02
2013 05 08 19 3 01
2013 05 08 19 3 01
2013 05 08 19 3 00
2013 05 07 19 2 23
2013 05 07 19 2 23
2013 05 07 19 2 23
2013 05 07 19 2 10
2013 05 07 19 2 07
2013 05 07 19 2 05
2013 05 07 19 2 04
2013 05 07 19 2 03
2013 05 07 19 2 03
2013 05 04 18 6 21
2013 05 04 18 6 21
2013 05 04 18 6 21
2013 05 04 18 6 05
2013 05 04 18 6 05
2013 05 03 18 5 11
2013 05 03 18 5 08
2013 05 03 18 5 08
2013 05 03 18 5 08
2013 05 02 18 4 23
2013 04 27 17 6 02
2013 04 22 17 1 18
2013 04 20 16 6 01
2013 04 20 16 6 01
2013 04 18 16 4 23
2013 04 18 16 4 22
2013 04 18 16 4 22
2013 04 15 16 1 08
2013 04 07 14 7 05
2013 04 15 16 1 07
2013 04 15 16 1 07
2013 04 14 15 7 20
2013 04 11 15 4 01
2013 04 11 15 4 00
2013 04 09 15 2 17
2013 04 09 15 2 17
2013 04 08 15 1 07
2013 04 05 14 5 20
2013 04 05 14 5 19
2013 04 05 14 5 03
2013 04 05 14 5 02
2013 04 05 14 5 02
2013 04 05 14 5 01
2013 04 05 14 5 01
2013 04 05 14 5 01
2013 04 03 14 3 04
2013 04 03 14 3 04
2013 04 03 14 3 04
2013 04 01 14 1 02
2013 03 24 12 7 05
2013 03 22 12 5 07
2013 03 22 12 5 07
2013 03 08 10 5 16
2013 03 08 10 5 16
2013 03 08 10 5 16
2013 03 08 10 5 16
2013 03 08 10 5 00
2013 02 21 08 4 18
2013 02 16 07 6 20
2013 02 16 07 6 20
2013 02 16 07 6 19
2013 02 16 07 6 06
2013 01 31 05 4 02
2013 01 31 05 4 02
2012 12 29 52 6 00
2012 12 08 49 6 22
2012 12 06 49 4 21
2012 12 06 49 4 19
2012 12 06 49 4 16
2012 12 06 49 4 16
2012 12 06 49 4 16
2012 12 06 49 4 09
2012 12 05 49 3 23
2012 12 05 49 3 22
2012 12 04 49 2 09
2012 12 03 49 1 18
2012 12 03 49 1 17
2012 12 03 49 1 15
2012 12 03 49 1 14
2012 12 03 49 1 08
2012 12 03 49 1 07
2012 12 03 49 1 07
2012 12 03 49 1 02
2012 12 02 48 7 22
2012 12 02 48 7 00
2012 12 01 48 6 22
2012 12 01 48 6 02
2012 12 01 48 6 02
2012 12 01 48 6 01
2012 11 18 46 7 22
2012 11 18 46 7 22
2012 11 18 46 7 22
2012 11 18 46 7 22
2012 11 18 46 7 22
2012 11 18 46 7 22
2012 11 18 46 7 22
2012 10 24 43 3 20
2012 10 10 41 3 06
2012 10 10 41 3 06
2012 09 30 39 7 03
2012 09 23 38 7 21
2012 09 18 38 2 08
2012 09 18 38 2 08
2012 09 17 38 1 01
2012 09 17 38 1 01
2012 09 16 37 7 22
2012 09 14 37 5 23
2012 09 11 37 2 08
2012 09 10 37 1 18
2012 09 10 37 1 18
2012 09 10 37 1 18
2012 09 10 37 1 18
2012 09 08 36 6 22
2012 09 01 35 6 22
2012 09 01 35 6 21
2012 09 01 35 6 21
2012 09 01 35 6 21
2012 09 01 35 6 21
2012 09 01 35 6 21
2012 09 01 35 6 21
2012 09 01 35 6 21
2012 08 29 35 3 22
2012 08 29 35 3 20
2012 08 29 35 3 20
2012 08 29 35 3 20
2012 08 28 35 2 09
2012 08 28 35 2 07
2012 08 24 34 5 20
2012 08 24 34 5 20
2012 08 24 34 5 20
2012 08 24 34 5 20
2012 08 24 34 5 09
2012 08 24 34 5 09
2012 08 17 33 5 22
2012 08 07 32 2 02
2012 08 07 32 2 02
2012 08 07 32 2 02
2012 08 06 32 1 09
2012 08 06 32 1 08
2012 08 06 32 1 08
2012 08 06 32 1 08
2012 08 06 32 1 08
2012 08 06 32 1 08
2012 08 06 32 1 07
2012 08 06 32 1 07
2012 08 06 32 1 07
2012 08 06 32 1 07
2012 08 06 32 1 07
2012 08 06 32 1 07
2012 08 06 32 1 07
2012 08 06 32 1 07
2012 08 06 32 1 06
2012 08 06 32 1 06
2012 08 06 32 1 06
2012 08 06 32 1 06
2012 07 22 29 7 22
2012 07 22 29 7 22
2012 07 22 29 7 22
2012 07 22 29 7 22
2012 07 22 29 7 22
2012 07 22 29 7 22
2012 07 22 29 7 22
2012 07 22 29 7 22
2012 06 26 26 2 08
2012 06 24 25 7 09
2012 06 24 25 7 09
2012 06 24 25 7 09
2012 06 24 25 7 09
2012 06 24 25 7 09
2012 06 24 25 7 08
2012 06 24 25 7 08
2012 06 24 25 7 08
2012 06 24 25 7 08
2012 06 24 25 7 06
2012 06 24 25 7 05
2012 06 24 25 7 01
2012 06 24 25 7 01
2012 06 24 25 7 01
2012 06 24 25 7 01
2012 06 24 25 7 01
2012 06 24 25 7 01
2012 06 21 25 4 00
2012 06 21 25 4 00
2012 06 21 25 4 00
2012 06 20 25 3 06
2012 06 20 25 3 06
2012 06 20 25 3 06
2012 06 20 25 3 06
2012 06 20 25 3 06
2012 06 20 25 3 06
2012 06 20 25 3 06
2012 06 20 25 3 06
2012 06 20 25 3 05
2012 06 20 25 3 05
2012 06 15 24 5 01
2012 06 14 24 4 09
2012 06 13 24 3 08
2012 06 13 24 3 06
2012 06 13 24 3 06
2012 06 13 24 3 06
2012 06 12 24 2 17
2012 06 12 24 2 09
2012 06 11 24 1 18
2012 04 29 17 7 23
2012 04 29 17 7 23
2011 12 08 49 4 04
2011 10 18 42 2 22
2011 10 17 42 1 22
2011 10 17 42 1 19
2011 10 17 42 1 05
2011 10 17 42 1 02
2011 10 17 42 1 02
2011 10 17 42 1 02
2011 10 17 42 1 02
2011 10 17 42 1 02
2011 10 17 42 1 02
2011 10 02 39 7 23
2011 10 02 39 7 22
2011 09 01 35 4 17
2011 08 19 33 5 11
2011 08 19 33 5 07
2011 07 20 29 3 13
2011 07 19 29 2 15
2011 07 19 29 2 12
2011 07 19 29 2 12
2011 07 15 28 5 12
2011 07 15 28 5 12
2011 04 27 17 3 07
2011 04 21 16 4 15
2011 04 21 16 4 14
2011 04 17 15 7 19
2011 04 17 15 7 18
2011 04 15 15 5 14
2011 04 15 15 5 14
2011 03 31 13 4 14
2011 03 12 10 6 23
2011 03 07 10 1 12
2011 03 07 10 1 12
2011 03 07 10 1 12
2011 03 07 10 1 10
2011 03 07 10 1 10
2011 03 06 09 7 15
2011 03 05 09 6 15
2011 03 05 09 6 14
2011 03 02 09 3 14
2011 03 02 09 3 14
2011 03 01 09 2 11
2011 02 28 09 1 23
2011 02 28 09 1 22
2011 02 28 09 1 22
2011 02 28 09 1 22
2011 02 28 09 1 22
2011 02 28 09 1 22
2011 02 28 09 1 21
2011 02 28 09 1 19
2011 02 28 09 1 17
2011 02 28 09 1 16
2011 02 28 09 1 16
2011 02 28 09 1 16
2011 02 28 09 1 15
2011 02 28 09 1 15
2011 02 28 09 1 15
2011 02 28 09 1 15
2011 02 28 09 1 15
2011 02 28 09 1 13
2011 02 28 09 1 12
2011 02 28 09 1 12
2011 02 26 08 6 22
2011 02 26 08 6 21
