
2015 09 26 39 6 10
2015 09 25 39 5 13
2015 09 25 39 5 12
2015 09 25 39 5 09
2015 09 25 39 5 07
2015 09 24 39 4 16
2015 09 24 39 4 16
2015 09 24 39 4 13
2015 09 19 38 6 14
2015 09 19 38 6 13
2015 09 19 38 6 13
2015 09 19 38 6 09
2015 09 18 38 5 15
2015 09 18 38 5 11
2015 09 16 38 3 14
2015 09 16 38 3 12
2015 09 16 38 3 12
2015 09 16 38 3 12
2015 09 16 38 3 12
2015 09 16 38 3 12
2015 09 16 38 3 12
2015 09 16 38 3 12
2015 09 16 38 3 11
2015 09 08 37 2 22
2015 09 08 37 2 22
2015 09 06 36 7 02
2015 09 05 36 6 14
2015 09 04 36 5 20
2015 09 04 36 5 20
2015 09 04 36 5 19
2015 09 04 36 5 18
2015 09 03 36 4 21
2015 09 02 36 3 09
2015 09 02 36 3 09
2015 08 28 35 5 15
2015 08 27 35 4 17
2015 08 27 35 4 17
2015 08 26 35 3 14
2015 08 26 35 3 13
2015 08 21 34 5 16
2015 08 21 34 5 15
2015 08 21 34 5 11
2015 08 21 34 5 11
2015 08 21 34 5 11
2015 08 21 34 5 10
2015 08 21 34 5 10
2015 08 21 34 5 10
2015 08 21 34 5 09
2015 08 21 34 5 09
2015 08 21 34 5 09
2015 08 21 34 5 09
2015 08 21 34 5 09
2015 08 21 34 5 09
2015 08 21 34 5 07
2015 08 21 34 5 06
2015 08 20 34 4 18
2015 08 20 34 4 17
2015 08 20 34 4 17
2015 08 20 34 4 17
2015 08 20 34 4 09
2015 08 19 34 3 20
2015 08 19 34 3 17
2015 08 19 34 3 16
2015 08 18 34 2 13
2015 08 17 34 1 17
2015 06 11 24 4 15
2015 06 10 24 3 14
2015 06 04 23 4 20
2015 06 03 23 3 07
2015 06 03 23 3 05
2015 05 21 21 4 20
2015 05 21 21 4 20
2015 05 21 21 4 20
2015 05 21 21 4 20
2015 05 21 21 4 19
2015 05 21 21 4 19
2015 05 21 21 4 19
2015 05 21 21 4 19
2015 05 21 21 4 19
2015 05 21 21 4 19
2015 05 21 21 4 19
2015 05 21 21 4 19
2015 05 21 21 4 19
2015 05 21 21 4 19
2015 05 21 21 4 19
2015 05 21 21 4 19
2015 05 21 21 4 19
2015 05 21 21 4 19
2015 05 21 21 4 19
2015 05 21 21 4 19
2015 05 21 21 4 19
2015 05 21 21 4 19
2015 05 21 21 4 19
2015 04 16 16 4 17
2015 04 16 16 4 17
2015 04 16 16 4 17
2015 04 16 16 4 17
2015 04 16 16 4 04
2015 04 16 16 4 03
2015 04 16 16 4 03
2015 04 02 14 4 06
2015 03 20 12 5 08
2015 03 20 12 5 06
2015 03 20 12 5 06
2015 03 18 12 3 15
2015 03 18 12 3 15
2015 03 18 12 3 09
2015 03 17 12 2 17
2015 03 17 12 2 15
2015 03 16 12 1 18
2015 03 16 12 1 18
2015 03 16 12 1 15
2015 03 16 12 1 15
2015 03 16 12 1 14
2015 03 16 12 1 14
2015 03 16 12 1 14
2015 03 16 12 1 14
2015 03 16 12 1 08
2015 03 15 11 7 08
2015 02 26 09 4 15
2015 02 24 09 2 08
2015 02 23 09 1 15
2015 02 23 09 1 14
2015 02 20 08 5 15
2015 02 20 08 5 15
2015 02 20 08 5 14
2015 02 20 08 5 14
2015 02 20 08 5 14
2015 02 20 08 5 14
2015 02 20 08 5 14
2015 02 20 08 5 14
2015 02 20 08 5 14
2015 02 20 08 5 14
2015 02 20 08 5 12
2015 02 20 08 5 12
2015 02 20 08 5 12
2015 02 20 08 5 12
2015 02 20 08 5 12
2015 02 20 08 5 12
2015 02 20 08 5 12
2015 02 20 08 5 12
2015 02 20 08 5 12
2015 02 20 08 5 12
2015 02 20 08 5 12
2015 02 20 08 5 11
2015 02 20 08 5 11
2015 02 20 08 5 11
2015 02 20 08 5 10
2015 02 20 08 5 10
2015 02 20 08 5 10
2015 02 20 08 5 09
2015 02 19 08 4 21
2015 02 19 08 4 20
2015 02 19 08 4 19
2015 02 18 08 3 19
2015 02 18 08 3 18
2015 02 18 08 3 17
2015 02 18 08 3 17
2015 02 18 08 3 17
2015 02 18 08 3 17
2015 02 18 08 3 17
2015 02 18 08 3 14
2015 02 18 08 3 09
2015 02 18 08 3 09
2015 02 18 08 3 08
2015 02 18 08 3 07
2015 02 18 08 3 07
2015 02 18 08 3 05
2015 02 17 08 2 18
2015 02 17 08 2 10
2015 02 12 07 4 11
2015 02 12 07 4 11
2015 01 15 03 4 22
2015 01 15 03 4 21
2015 01 10 02 6 21
2015 01 10 02 6 21
2015 01 10 02 6 21
2015 01 10 02 6 21
2014 12 17 51 3 05
2014 12 11 50 4 07
2014 12 11 50 4 07
2014 12 11 50 4 05
2014 11 25 48 2 18
2014 10 23 43 4 23
2014 10 23 43 4 23
2014 09 29 40 1 04
2014 09 18 38 4 03
2014 09 13 37 6 20
2014 08 07 32 4 22
2014 06 16 25 1 16
2014 06 16 25 1 14
2014 06 16 25 1 13
2014 06 16 25 1 12
2014 06 14 24 6 16
2014 06 13 24 5 05
2014 06 11 24 3 21
2014 06 11 24 3 20
2014 06 04 23 3 19
2014 06 04 23 3 19
2014 06 01 22 7 07
2014 06 01 22 7 05
2014 06 01 22 7 05
2014 05 23 21 5 11
2014 05 23 21 5 07
2014 05 23 21 5 06
2014 05 17 20 6 13
2014 05 17 20 6 13
2014 05 17 20 6 13
2014 05 17 20 6 12
2014 05 17 20 6 11
2014 05 17 20 6 08
2014 05 17 20 6 08
2014 05 16 20 5 22
2014 05 15 20 4 20
2014 05 15 20 4 16
2014 05 04 18 7 07
2014 04 29 18 2 23
2014 04 21 17 1 08
2014 04 21 17 1 08
2014 04 09 15 3 00
2014 03 04 10 2 06
2014 02 25 09 2 16
2014 02 21 08 5 03
2014 02 21 08 5 03
2014 02 21 08 5 03
2014 02 21 08 5 02
2014 02 21 08 5 02
2014 02 18 08 2 12
2014 02 18 08 2 10
2014 02 18 08 2 09
2014 01 30 05 4 18
2014 01 30 05 4 08
2014 01 30 05 4 08
2014 01 28 05 2 22
2014 01 28 05 2 21
2014 01 28 05 2 00
2014 01 28 05 2 00
2014 01 27 05 1 23
2014 01 27 05 1 19
2014 01 27 05 1 19
2014 01 27 05 1 16
2014 01 18 03 6 19
2014 01 17 03 5 14
2014 01 16 03 4 17
2014 01 16 03 4 16
2014 01 16 03 4 16
2014 01 13 03 1 04
2013 12 27 52 5 13
2013 12 20 51 5 04
2013 12 20 51 5 03
2013 12 20 51 5 01
2013 12 20 51 5 00
2013 12 19 51 4 06
2013 12 19 51 4 03
2013 12 19 51 4 02
2013 12 19 51 4 02
2013 12 18 51 3 02
2013 12 18 51 3 02
2013 12 17 51 2 04
2013 12 16 51 1 10
2013 12 16 51 1 09
2013 12 16 51 1 09
2013 12 16 51 1 09
2013 12 16 51 1 06
2013 12 16 51 1 06
2013 12 16 51 1 01
2013 12 16 51 1 01
2013 12 15 50 7 15
2013 12 13 50 5 06
2013 12 12 50 4 10
2013 12 12 50 4 04
2013 12 11 50 3 03
2013 12 09 50 1 06
2013 12 05 49 4 21
2013 12 03 49 2 19
2013 11 29 48 5 22
2013 11 29 48 5 21
2013 11 28 48 4 11
2013 11 28 48 4 11
2013 11 28 48 4 11
2013 11 28 48 4 11
2013 11 27 48 3 17
2013 11 27 48 3 12
2013 11 27 48 3 11
2013 11 27 48 3 11
2013 11 26 48 2 18
2013 11 26 48 2 15
2013 11 26 48 2 15
2013 11 26 48 2 15
2013 11 26 48 2 13
2013 11 26 48 2 13
2013 11 26 48 2 13
2013 11 26 48 2 12
2013 11 26 48 2 12
2013 11 26 48 2 12
2013 11 26 48 2 12
2013 11 26 48 2 11
2013 11 25 48 1 17
2013 11 25 48 1 17
2013 11 25 48 1 16
2013 11 25 48 1 16
2013 11 25 48 1 15
2013 11 25 48 1 15
2013 11 24 47 7 19
2013 11 24 47 7 18
2013 11 24 47 7 17
2013 11 24 47 7 16
2013 11 24 47 7 16
2013 11 24 47 7 15
2013 11 24 47 7 15
2013 11 24 47 7 15
2013 11 24 47 7 15
2013 11 24 47 7 14
2013 11 24 47 7 11
2013 11 24 47 7 11
2013 11 23 47 6 18
2013 11 23 47 6 00
2013 11 22 47 5 22
2013 11 22 47 5 22
2013 11 22 47 5 21
2013 11 22 47 5 21
2013 11 22 47 5 21
2013 11 22 47 5 11
2013 11 22 47 5 10
2013 11 21 47 4 11
2013 11 21 47 4 01
2013 11 19 47 2 12
2013 11 18 47 1 17
2013 11 17 46 7 16
2013 11 12 46 2 22
2013 11 12 46 2 22
2013 11 12 46 2 22
2013 11 12 46 2 22
2013 11 09 45 6 01
2013 11 07 45 4 17
2013 11 07 45 4 03
2013 11 07 45 4 03
2013 11 07 45 4 03
2013 11 07 45 4 03
2013 11 07 45 4 02
2013 11 07 45 4 02
2013 11 06 45 3 14
2013 11 01 44 5 09
2013 10 31 44 4 23
2013 10 30 44 3 02
2013 10 30 44 3 02
2013 10 29 44 2 17
2013 10 27 43 7 23
2013 10 27 43 7 23
2013 10 27 43 7 23
2013 10 27 43 7 23
2013 10 27 43 7 23
2013 10 27 43 7 20
2013 10 27 43 7 23
2013 10 27 43 7 01
2013 10 27 43 7 01
2013 10 27 43 7 01
2013 10 27 43 7 00
2013 10 27 43 7 00
2013 10 27 43 7 00
2013 10 26 43 6 23
2013 10 26 43 6 13
2013 10 26 43 6 13
2013 10 26 43 6 11
2013 10 26 43 6 09
2013 10 26 43 6 09
2013 10 26 43 6 09
2013 08 19 34 1 19
2013 10 26 43 6 09
2013 10 26 43 6 08
2013 09 09 37 1 12
2013 08 20 34 2 23
2013 08 20 34 2 23
2013 10 26 43 6 08
2013 10 26 43 6 07
2013 10 26 43 6 07
2013 10 26 43 6 07
2013 10 24 43 4 16
2013 10 24 43 4 03
2013 10 23 43 3 14
2013 10 23 43 3 06
2013 10 16 42 3 08
2013 10 16 42 3 08
2013 10 16 42 3 07
2013 10 16 42 3 07
2013 10 16 42 3 07
2013 10 16 42 3 07
2013 10 10 41 4 15
2013 10 10 41 4 14
2013 10 10 41 4 07
2013 10 10 41 4 06
2013 10 09 41 3 18
2013 10 09 41 3 17
2013 10 02 40 3 08
2013 10 02 40 3 05
2013 09 17 38 2 14
2013 09 17 38 2 08
2013 09 17 38 2 08
2013 09 17 38 2 08
2013 09 17 38 2 07
2013 09 16 38 1 08
2013 09 07 36 6 19
2013 09 07 36 6 18
2013 09 07 36 6 18
2013 09 07 36 6 16
2013 09 07 36 6 16
2013 09 02 36 1 10
2013 09 02 36 1 08
2013 09 02 36 1 07
2013 09 01 35 7 22
2013 09 01 35 7 21
2013 09 01 35 7 20
2013 08 30 35 5 05
2013 08 30 35 5 04
2013 08 29 35 4 19
2013 08 29 35 4 12
2013 08 29 35 4 11
2013 08 29 35 4 08
2013 08 29 35 4 08
2013 08 29 35 4 01
2013 08 29 35 4 01
2013 08 22 34 4 15
2013 08 22 34 4 12
2013 08 20 34 2 15
2013 08 20 34 2 06
2013 08 20 34 2 06
2013 08 20 34 2 05
2013 08 14 33 3 04
2013 08 13 33 2 22
2013 08 12 33 1 05
2013 08 12 33 1 05
2013 08 12 33 1 04
2013 08 06 32 2 19
2013 08 09 32 5 00
2013 08 05 32 1 02
2013 08 05 32 1 02
2013 08 05 32 1 01
2013 07 31 31 3 20
2013 07 28 30 7 23
2013 07 27 30 6 07
2013 07 26 30 5 10
2013 07 26 30 5 10
2013 07 25 30 4 22
2013 07 25 30 4 07
2013 07 25 30 4 07
2013 07 24 30 3 19
2013 07 23 30 2 22
2013 07 23 30 2 21
2013 07 23 30 2 21
2013 07 23 30 2 21
2013 07 23 30 2 21
2013 07 23 30 2 18
2013 07 23 30 2 17
2013 07 23 30 2 16
2013 07 23 30 2 16
2013 07 23 30 2 16
2013 07 23 30 2 16
2013 07 19 29 5 07
2013 07 19 29 5 03
2013 07 19 29 5 00
2013 07 17 29 3 22
2013 07 17 29 3 22
2013 07 17 29 3 22
2013 07 17 29 3 22
2013 07 17 29 3 22
2013 07 17 29 3 20
2013 07 17 29 3 20
2013 07 17 29 3 20
2013 07 17 29 3 20
2013 07 17 29 3 19
2013 07 17 29 3 19
2013 07 17 29 3 19
2013 07 16 29 2 20
2013 07 12 28 5 19
2013 07 06 27 6 04
2013 07 05 27 5 04
2013 07 02 27 2 12
2013 07 02 27 2 10
2013 07 02 27 2 10
2013 07 02 27 2 10
2013 07 01 27 1 20
2013 06 30 26 7 21
2013 06 30 26 7 05
2013 06 29 26 6 17
2013 06 29 26 6 17
2013 06 29 26 6 16
2013 06 29 26 6 16
2013 06 29 26 6 01
2013 06 29 26 6 01
2013 06 29 26 6 01
2013 06 29 26 6 00
2013 06 28 26 5 21
2013 06 26 26 3 06
2013 06 26 26 3 00
2013 06 25 26 2 22
2013 06 25 26 2 22
2013 06 25 26 2 20
2013 06 25 26 2 19
2013 06 25 26 2 19
2013 06 25 26 2 19
2013 06 25 26 2 15
2013 06 25 26 2 15
2013 06 25 26 2 14
2013 06 25 26 2 13
2013 06 25 26 2 13
2013 06 25 26 2 12
2013 06 25 26 2 12
2013 06 25 26 2 12
2013 06 25 26 2 01
2013 06 25 26 2 01
2013 06 25 26 2 01
2013 06 25 26 2 01
2013 06 24 26 1 23
2013 06 24 26 1 23
2013 06 24 26 1 14
2013 06 24 26 1 08
2013 06 24 26 1 08
2013 06 20 25 4 04
2013 06 14 24 5 04
2013 06 14 24 5 04
2013 06 07 23 5 13
2013 05 30 22 4 07
2013 05 30 22 4 07
2013 05 29 22 3 14
2013 05 29 22 3 12
2013 05 28 22 2 14
2013 05 28 22 2 14
2013 05 28 22 2 08
2013 05 25 21 6 14
2013 05 25 21 6 11
2013 05 21 21 2 19
2013 05 13 20 1 04
2013 05 09 19 4 08
2013 05 08 19 3 15
2013 05 06 19 1 13
2013 05 02 18 4 03
2013 05 02 18 4 03
2013 04 29 18 1 05
2013 04 26 17 5 05
2013 04 26 17 5 05
2013 04 25 17 4 17
2013 04 25 17 4 05
2013 04 24 17 3 20
2013 04 24 17 3 19
2013 04 24 17 3 18
2013 04 24 17 3 17
2013 04 24 17 3 13
2013 04 24 17 3 10
2013 04 24 17 3 10
2013 04 24 17 3 10
2013 04 24 17 3 10
2013 04 23 17 2 02
2013 04 22 17 1 20
2013 04 16 16 2 14
2013 04 10 15 3 11
2013 04 10 15 3 08
2013 04 09 15 2 04
2013 04 09 15 2 04
2013 04 09 15 2 04
2013 04 09 15 2 04
2013 04 07 14 7 07
2013 04 06 14 6 16
2013 04 06 14 6 09
2013 04 05 14 5 13
2013 04 01 14 1 12
2013 03 25 13 1 06
2013 03 25 13 1 02
2013 03 23 12 6 07
2013 03 16 11 6 00
2013 03 11 11 1 23
2013 03 11 11 1 23
2013 03 10 10 7 08
2013 03 09 10 6 22
2013 03 07 10 4 16
2013 03 07 10 4 15
2013 03 07 10 4 08
2013 03 06 10 3 13
2013 03 06 10 3 12
2013 03 06 10 3 12
2013 03 06 10 3 12
2013 03 06 10 3 11
2013 03 06 10 3 10
2013 03 06 10 3 10
2013 03 06 10 3 10
2013 03 06 10 3 10
2013 02 24 08 7 06
2013 02 16 07 6 15
2013 02 16 07 6 12
2013 02 16 07 6 11
2013 02 16 07 6 00
2013 02 14 07 4 06
2013 02 14 07 4 04
2013 02 11 07 1 14
2013 02 08 06 5 01
2013 02 06 06 3 04
2013 02 06 06 3 02
2013 02 06 06 3 01
2013 02 06 06 3 01
2013 02 05 06 2 09
2013 02 04 06 1 02
2013 02 04 06 1 02
2013 02 04 06 1 01
2013 02 03 05 7 05
2013 01 27 04 7 04
2013 01 25 04 5 13
2013 01 25 04 5 13
2013 01 24 04 4 05
2013 01 24 04 4 03
2013 01 16 03 3 08
2013 01 09 02 3 01
2013 01 08 02 2 22
2013 01 08 02 2 07
2013 01 08 02 2 07
2013 01 07 02 1 19
2013 01 06 01 7 07
2013 01 02 01 3 13
2012 12 30 52 7 16
2012 12 24 52 1 09
2012 12 24 52 1 05
2012 12 17 51 1 05
2012 12 15 50 6 14
2012 12 14 50 5 08
2012 12 05 49 3 09
2012 12 05 49 3 09
2012 12 05 49 3 00
2012 12 04 49 2 12
2012 12 04 49 2 12
2012 12 04 49 2 11
2012 12 04 49 2 01
2012 12 03 49 1 13
2012 12 03 49 1 04
2012 12 02 48 7 08
2012 12 01 48 6 07
2012 12 01 48 6 07
2012 12 01 48 6 07
2012 12 01 48 6 07
2012 11 30 48 5 06
2012 11 30 48 5 06
2012 11 29 48 4 05
2012 11 29 48 4 04
2012 11 29 48 4 03
2012 11 29 48 4 02
2012 11 28 48 3 05
2012 11 28 48 3 03
2012 11 28 48 3 01
2012 11 27 48 2 00
2012 11 26 48 1 03
2012 11 26 48 1 03
2012 11 26 48 1 03
2012 11 23 47 5 06
2012 11 23 47 5 02
2012 11 19 47 1 02
2012 11 16 46 5 06
2012 11 05 45 1 08
2012 10 29 44 1 02
2012 10 26 43 5 00
2012 10 26 43 5 00
2012 10 25 43 4 23
2012 10 25 43 4 06
2012 10 25 43 4 02
2012 10 25 43 4 02
2012 10 25 43 4 02
2012 10 25 43 4 02
2012 10 25 43 4 02
2012 10 25 43 4 01
2012 10 25 43 4 01
2012 10 24 43 3 19
2012 10 22 43 1 14
2012 10 22 43 1 03
2012 10 19 42 5 11
2012 10 19 42 5 06
2012 10 19 42 5 02
2012 10 19 42 5 02
2012 10 18 42 4 18
2012 10 18 42 4 12
2012 10 18 42 4 07
2012 10 16 42 2 18
2012 10 11 41 4 13
2012 10 11 41 4 11
2012 10 10 41 3 11
2012 10 10 41 3 10
2012 10 08 41 1 06
2012 10 08 41 1 05
2012 10 03 40 3 09
2012 10 03 40 3 09
2012 10 02 40 2 09
2012 10 02 40 2 09
2012 10 02 40 2 08
2012 10 02 40 2 04
2012 10 02 40 2 04
2012 10 02 40 2 04
2012 10 01 40 1 08
2012 10 01 40 1 08
2012 09 29 39 6 04
2012 09 28 39 5 23
2012 09 28 39 5 23
2012 09 28 39 5 23
2012 09 28 39 5 05
2012 09 24 39 1 10
2012 09 18 38 2 10
2012 09 13 37 4 05
2012 09 04 36 2 04
2012 09 04 36 2 04
2012 09 03 36 1 02
2012 08 28 35 2 16
2012 08 28 35 2 16
2012 08 28 35 2 16
2012 08 28 35 2 15
2012 08 26 34 7 08
2012 08 26 34 7 07
2012 08 26 34 7 07
2012 08 26 34 7 06
2012 08 26 34 7 05
2012 08 18 33 6 16
2012 08 10 32 5 13
2012 08 10 32 5 12
2012 08 10 32 5 12
2012 08 10 32 5 11
2012 08 10 32 5 11
2012 08 10 32 5 09
2012 08 10 32 5 09
2012 08 10 32 5 08
2012 08 10 32 5 08
2012 08 09 32 4 16
2012 08 07 32 2 02
2012 07 24 30 2 13
2012 07 21 29 6 02
2012 07 21 29 6 02
2012 07 19 29 4 07
2012 07 19 29 4 06
2012 07 19 29 4 06
2012 07 19 29 4 06
2012 07 19 29 4 06
2012 07 19 29 4 06
2012 07 19 29 4 06
2012 07 19 29 4 06
2012 07 19 29 4 05
2012 07 19 29 4 05
2012 07 19 29 4 04
2012 07 19 29 4 04
2012 07 19 29 4 03
2012 07 18 29 3 13
2012 07 18 29 3 10
2012 07 18 29 3 07
2012 07 18 29 3 03
2012 07 18 29 3 03
2012 07 16 29 1 15
2012 07 16 29 1 15
2012 07 15 28 7 17
2012 07 15 28 7 16
2012 07 15 28 7 05
2012 07 13 28 5 04
2012 07 12 28 4 10
2012 07 12 28 4 08
2012 07 12 28 4 08
2012 07 12 28 4 05
2012 07 12 28 4 02
2012 07 11 28 3 23
2012 07 10 28 2 03
2012 07 09 28 1 23
2012 07 08 27 7 18
2012 07 08 27 7 18
2012 07 08 27 7 13
2012 07 08 27 7 07
2012 07 07 27 6 20
2012 07 07 27 6 19
2012 07 07 27 6 18
2012 07 07 27 6 17
2012 07 07 27 6 12
2012 07 04 27 3 17
2012 07 04 27 3 17
2012 07 02 27 1 20
2012 07 02 27 1 20
2012 06 28 26 4 10
2012 06 28 26 4 02
2012 06 27 26 3 06
2012 06 26 26 2 20
2012 06 26 26 2 12
2012 06 25 26 1 14
2012 06 23 25 6 19
2012 06 23 25 6 19
2012 06 22 25 5 06
2012 06 22 25 5 06
2012 06 21 25 4 16
2012 06 21 25 4 03
2012 06 21 25 4 03
2012 06 21 25 4 03
2012 06 21 25 4 02
2012 06 21 25 4 02
2012 06 21 25 4 02
2012 06 20 25 3 12
2012 06 19 25 2 19
2012 06 19 25 2 12
2012 06 19 25 2 11
2012 06 19 25 2 05
2012 06 19 25 2 04
2012 06 11 24 1 13
2012 06 11 24 1 11
2012 06 11 24 1 10
2012 06 11 24 1 09
2012 06 07 23 4 02
2012 05 29 22 2 01
2012 05 28 22 1 02
2012 05 25 21 5 02
2012 05 24 21 4 10
2012 05 24 21 4 09
2012 05 23 21 3 09
2012 05 18 20 5 04
2012 05 17 20 4 13
2012 05 17 20 4 13
2012 05 17 20 4 12
2012 05 17 20 4 12
2012 05 17 20 4 12
2012 05 08 19 2 03
2012 05 07 19 1 16
2012 05 05 18 6 09
2012 05 05 18 6 09
2012 05 05 18 6 08
2012 05 05 18 6 04
2012 05 04 18 5 12
2012 05 04 18 5 07
2012 05 04 18 5 06
2012 05 04 18 5 06
2012 05 04 18 5 03
2012 05 04 18 5 01
2012 05 02 18 3 04
2012 04 30 18 1 14
2012 04 29 17 7 12
2012 04 26 17 4 02
2012 04 25 17 3 11
2012 04 25 17 3 11
2012 04 25 17 3 10
2012 04 24 17 2 15
2012 04 24 17 2 15
2012 04 24 17 2 14
2012 04 22 16 7 21
2012 04 22 16 7 21
2012 04 22 16 7 20
2012 04 20 16 5 05
2012 04 20 16 5 05
2012 04 20 16 5 05
2012 04 20 16 5 04
2012 04 20 16 5 04
2012 04 20 16 5 02
2012 04 20 16 5 02
2012 04 20 16 5 02
2012 04 20 16 5 02
2012 04 20 16 5 02
2012 04 20 16 5 02
2012 04 20 16 5 02
2012 04 20 16 5 02
2012 04 20 16 5 02
2012 04 20 16 5 02
2012 04 20 16 5 02
2012 04 20 16 5 02
2012 04 20 16 5 02
2012 04 20 16 5 02
2012 04 20 16 5 02
2012 04 20 16 5 02
2012 04 20 16 5 02
2012 04 20 16 5 02
2012 04 20 16 5 02
2012 04 20 16 5 02
2012 04 20 16 5 02
2012 04 20 16 5 02
2012 04 20 16 5 02
2012 04 20 16 5 02
2012 04 20 16 5 02
2012 04 20 16 5 02
2012 04 20 16 5 02
2012 04 19 16 4 03
2012 04 19 16 4 03
2012 04 14 15 6 17
2012 04 14 15 6 17
2012 04 14 15 6 15
2012 04 14 15 6 15
2012 04 14 15 6 14
2012 04 14 15 6 14
2012 04 14 15 6 13
2012 04 14 15 6 12
2012 04 14 15 6 08
2012 04 14 15 6 05
2012 04 14 15 6 05
2012 04 13 15 5 18
2012 04 13 15 5 13
2012 04 12 15 4 16
2012 04 10 15 2 16
2012 04 10 15 2 12
2012 04 10 15 2 12
2012 04 10 15 2 12
2012 04 10 15 2 12
2012 04 10 15 2 12
2012 04 09 15 1 08
2012 04 09 15 1 08
2012 04 09 15 1 07
2012 04 09 15 1 06
2012 04 06 14 5 12
2012 04 05 14 4 18
2012 04 05 14 4 18
2012 04 05 14 4 12
2012 04 05 14 4 07
2012 04 05 14 4 06
2012 04 04 14 3 16
2012 04 04 14 3 06
2012 04 02 14 1 02
2012 04 02 14 1 01
2012 03 31 13 6 12
2012 03 18 11 7 08
2012 03 18 11 7 07
2012 02 29 09 3 10
2012 02 27 09 1 19
2012 02 26 08 7 08
2012 02 17 07 5 15
2012 02 15 07 3 11
2012 02 15 07 3 10
2012 02 15 07 3 09
2012 02 15 07 3 06
2012 02 15 07 3 05
2012 02 15 07 3 05
2012 02 15 07 3 05
2012 02 15 07 3 05
2012 02 15 07 3 04
2012 02 15 07 3 03
2012 02 15 07 3 03
2012 02 15 07 3 03
2012 02 15 07 3 02
2012 02 15 07 3 01
2012 02 15 07 3 01
2012 02 15 07 3 00
2012 02 14 07 2 11
2012 02 14 07 2 09
2012 02 14 07 2 04
2012 02 14 07 2 03
2012 02 11 06 6 12
2012 02 08 06 3 10
2012 02 08 06 3 09
2012 02 08 06 3 09
2012 02 08 06 3 09
2012 02 07 06 2 22
2012 02 07 06 2 14
2012 02 03 05 5 08
2012 02 02 05 4 10
2012 02 02 05 4 08
2012 02 01 05 3 12
2012 01 31 05 2 10
2012 01 30 05 1 16
2012 01 30 05 1 08
2012 01 25 04 3 08
2012 01 19 03 4 09
2012 01 18 03 3 10
2012 01 18 03 3 10
2012 01 18 03 3 08
2012 01 16 03 1 07
2012 01 05 01 4 08
2012 01 04 01 3 08
2012 01 04 01 3 08
2012 01 04 01 3 08
2012 01 02 01 1 07
2012 01 02 01 1 07
2012 01 02 01 1 07
2012 01 02 01 1 06
2012 01 02 01 1 05
2011 12 23 51 5 05
2011 12 15 50 4 11
2011 12 15 50 4 11
2011 11 22 47 2 21
2011 12 07 49 3 05
2011 12 14 50 3 11
2011 11 25 47 5 14
2011 11 22 47 2 22
2011 11 21 47 1 07
2011 11 19 46 6 05
2011 11 19 46 6 05
2011 11 19 46 6 03
2011 11 18 46 5 13
2011 11 18 46 5 12
2011 11 18 46 5 12
2011 11 17 46 4 22
2011 11 14 46 1 09
2011 11 14 46 1 08
2011 11 13 45 7 13
2011 11 13 45 7 13
2011 11 12 45 6 19
2011 11 10 45 4 13
2011 11 10 45 4 11
2011 11 09 45 3 09
2011 11 09 45 3 09
2011 11 08 45 2 11
2011 11 08 45 2 07
2011 11 07 45 1 22
2011 11 07 45 1 13
2011 11 07 45 1 12
2011 11 07 45 1 10
2011 11 07 45 1 10
2011 11 07 45 1 09
2011 11 06 44 7 22
2011 11 06 44 7 14
2011 11 02 44 3 12
2011 11 02 44 3 12
2011 11 02 44 3 09
2011 11 02 44 3 09
2011 11 02 44 3 07
2011 11 01 44 2 22
2011 11 01 44 2 21
2011 11 01 44 2 13
2011 11 01 44 2 13
2011 11 01 44 2 13
2011 10 29 43 6 21
2011 10 21 42 5 18
2011 10 21 42 5 17
2011 10 18 42 2 09
2011 10 17 42 1 23
2011 10 17 42 1 11
2011 10 14 41 5 09
2011 10 13 41 4 21
2011 10 07 40 5 17
2011 10 06 40 4 15
2011 10 06 40 4 15
2011 10 06 40 4 15
2011 10 06 40 4 15
2011 10 06 40 4 15
2011 10 06 40 4 15
2011 10 06 40 4 14
2011 10 06 40 4 14
2011 10 06 40 4 14
2011 10 06 40 4 14
2011 10 06 40 4 14
2011 10 06 40 4 14
2011 10 06 40 4 00
2011 10 05 40 3 14
2011 10 05 40 3 14
2011 10 03 40 1 13
2011 10 03 40 1 11
2011 10 03 40 1 11
2011 10 03 40 1 11
2011 10 03 40 1 10
2011 10 02 39 7 16
2011 10 02 39 7 06
2011 10 02 39 7 02
2011 10 01 39 6 03
2011 09 30 39 5 18
2011 09 30 39 5 11
2011 09 30 39 5 11
2011 09 30 39 5 11
2011 09 29 39 4 14
2011 09 29 39 4 13
2011 09 28 39 3 14
2011 09 28 39 3 13
2011 09 28 39 3 13
2011 09 28 39 3 12
2011 09 28 39 3 12
2011 09 28 39 3 12
2011 09 28 39 3 12
2011 09 28 39 3 11
2011 09 28 39 3 11
2011 09 28 39 3 11
2011 09 28 39 3 11
2011 09 23 38 5 04
2011 09 20 38 2 13
2011 09 20 38 2 13
2011 09 20 38 2 12
2011 09 20 38 2 12
2011 09 20 38 2 11
2011 09 20 38 2 08
2011 09 20 38 2 08
2011 09 20 38 2 08
2011 09 20 38 2 08
2011 09 20 38 2 08
2011 09 20 38 2 08
2011 09 20 38 2 07
2011 09 20 38 2 07
2011 09 20 38 2 07
2011 09 20 38 2 06
2011 09 20 38 2 06
2011 09 20 38 2 06
2011 09 20 38 2 05
2011 09 20 38 2 02
2011 09 20 38 2 02
2011 09 20 38 2 02
2011 09 19 38 1 08
2011 09 19 38 1 08
2011 09 19 38 1 08
2011 09 19 38 1 08
2011 09 19 38 1 06
2011 09 19 38 1 06
2011 09 19 38 1 02
2011 09 19 38 1 01
2011 09 16 37 5 18
2011 09 16 37 5 18
2011 09 16 37 5 12
2011 09 16 37 5 12
2011 09 16 37 5 12
2011 09 16 37 5 12
2011 09 16 37 5 12
2011 09 16 37 5 12
2011 09 16 37 5 12
2011 09 15 37 4 17
2011 09 15 37 4 13
2011 09 15 37 4 01
2011 09 14 37 3 14
2011 09 14 37 3 14
2011 09 14 37 3 14
2011 09 14 37 3 14
2011 09 14 37 3 13
2011 09 14 37 3 12
2011 09 13 37 2 12
2011 08 15 33 1 09
2011 08 15 33 1 08
2011 08 01 31 1 04
2011 07 25 30 1 02
2011 07 19 29 2 02
2011 07 19 29 2 02
2011 07 15 28 5 07
2011 07 15 28 5 06
2011 07 15 28 5 05
2011 07 14 28 4 03
2011 07 13 28 3 07
2011 07 13 28 3 07
2011 07 08 27 5 10
2011 07 08 27 5 04
2011 07 08 27 5 01
2011 07 07 27 4 16
2011 07 07 27 4 15
2011 07 07 27 4 15
2011 07 07 27 4 14
2011 07 07 27 4 14
2011 07 07 27 4 06
2011 07 07 27 4 06
2011 07 07 27 4 05
2011 07 07 27 4 05
2011 07 07 27 4 05
2011 07 06 27 3 12
2011 07 06 27 3 08
2011 07 05 27 2 05
2011 07 05 27 2 05
2011 06 03 22 5 05
2011 05 23 21 1 09
2011 05 23 21 1 08
2011 05 23 21 1 08
2011 05 20 20 5 05
2011 05 20 20 5 03
2011 05 18 20 3 04
2011 05 12 19 4 05
2011 05 12 19 4 02
2011 05 12 19 4 02
2011 05 12 19 4 01
2011 05 12 19 4 01
2011 05 10 19 2 09
2011 05 10 19 2 08
2011 05 10 19 2 08
2011 05 10 19 2 08
2011 05 10 19 2 08
2011 05 10 19 2 08
2011 05 10 19 2 08
2011 05 10 19 2 08
2011 05 10 19 2 08
2011 05 10 19 2 07
2011 05 10 19 2 07
2011 05 10 19 2 07
2011 05 10 19 2 07
2011 05 09 19 1 14
2011 05 09 19 1 14
2011 05 09 19 1 04
2011 05 09 19 1 04
2011 05 09 19 1 00
2011 05 08 18 7 23
2011 05 08 18 7 06
2011 05 08 18 7 06
2011 05 08 18 7 04
2011 05 08 18 7 03
2011 05 07 18 6 14
2011 05 07 18 6 13
2011 05 07 18 6 10
2011 05 06 18 5 01
2011 05 05 18 4 07
2011 05 03 18 2 09
2011 05 03 18 2 09
2011 05 03 18 2 09
2011 05 02 18 1 08
2011 03 23 12 3 21
2011 03 23 12 3 20
2011 03 23 12 3 20
2011 03 23 12 3 19
2011 03 23 12 3 19
