
2015 12 05 49 6 00
2015 11 13 46 5 22
2015 11 06 45 5 18
2015 11 06 45 5 10
2015 11 06 45 5 10
2015 10 22 43 4 09
2015 10 22 43 4 00
2015 10 21 43 3 11
2015 10 21 43 3 10
2015 10 19 43 1 05
2015 10 19 43 1 04
2015 10 19 43 1 04
2015 10 19 43 1 04
2015 10 19 43 1 04
2015 10 18 42 7 11
2015 10 18 42 7 10
2015 10 18 42 7 08
2015 10 18 42 7 07
2015 10 18 42 7 03
2015 10 17 42 6 17
2015 10 17 42 6 17
2015 10 17 42 6 14
2015 10 17 42 6 08
2015 10 17 42 6 05
2015 10 17 42 6 00
2015 10 16 42 5 01
2015 10 15 42 4 18
2015 10 15 42 4 11
2015 10 15 42 4 09
2015 10 15 42 4 09
2015 10 15 42 4 09
2015 10 15 42 4 09
2015 10 15 42 4 08
2015 10 15 42 4 01
2015 10 14 42 3 23
2015 10 14 42 3 14
2015 10 14 42 3 12
2015 10 14 42 3 10
2015 10 13 42 2 21
2015 10 13 42 2 21
2015 10 13 42 2 15
2015 10 12 42 1 22
2015 10 12 42 1 22
2015 10 12 42 1 10
2015 09 28 40 1 00
2015 09 22 39 2 03
2015 09 15 38 2 03
2015 09 06 36 7 14
2015 09 06 36 7 14
2015 09 05 36 6 12
2015 09 05 36 6 11
2015 09 05 36 6 10
2015 09 05 36 6 10
2015 09 03 36 4 08
2015 09 01 36 2 14
2015 09 01 36 2 14
2015 09 01 36 2 14
2015 09 01 36 2 14
2015 09 01 36 2 14
2015 09 01 36 2 14
2015 09 01 36 2 13
2015 09 01 36 2 13
2015 09 01 36 2 13
2015 09 01 36 2 13
2015 09 01 36 2 13
2015 09 01 36 2 11
2015 09 01 36 2 11
2015 09 01 36 2 11
2015 09 01 36 2 11
2015 09 01 36 2 07
2015 09 01 36 2 07
2015 09 01 36 2 06
2015 09 01 36 2 06
2015 09 01 36 2 06
2015 09 01 36 2 05
2015 09 01 36 2 01
2015 08 31 36 1 12
2015 08 30 35 7 11
2015 08 30 35 7 10
2015 08 29 35 6 11
2015 08 29 35 6 10
2015 08 29 35 6 10
2015 08 29 35 6 09
2015 08 29 35 6 05
2015 08 28 35 5 14
2015 08 28 35 5 14
