
2015 11 20 47 5 10
2015 11 20 47 5 10
2015 11 16 47 1 21
2015 11 06 45 5 23
2015 11 06 45 5 23
2015 11 06 45 5 23
2015 10 28 44 3 15
2015 10 20 43 2 02
2015 10 20 43 2 02
2015 10 20 43 2 02
2015 09 18 38 5 03
2015 09 18 38 5 03
2015 09 17 38 4 02
2015 09 10 37 4 03
2015 09 10 37 4 03
2015 09 10 37 4 03
2015 09 10 37 4 03
2015 09 10 37 4 02
2015 09 10 37 4 02
2015 09 10 37 4 01
2015 09 10 37 4 01
2015 09 10 37 4 00
2015 09 10 37 4 00
2015 06 23 26 2 09
2015 06 12 24 5 09
2015 06 12 24 5 09
2015 05 23 21 6 20
2015 05 23 21 6 20
2015 05 23 21 6 20
2015 04 28 18 2 08
2015 04 19 16 7 00
2015 04 19 16 7 00
2015 04 18 16 6 21
2015 04 18 16 6 21
2015 03 18 12 3 21
2015 03 17 12 2 19
2015 03 17 12 2 19
2015 02 28 09 6 22
2015 02 28 09 6 20
2015 02 28 09 6 11
2015 02 28 09 6 10
2015 02 14 07 6 03
2015 02 14 07 6 03
2015 02 13 07 5 00
2015 02 12 07 4 23
2015 02 07 06 6 02
2015 02 07 06 6 02
2014 10 11 41 6 01
2014 10 11 41 6 01
2014 10 11 41 6 01
2014 09 23 39 2 04
2014 09 11 37 4 02
2014 09 11 37 4 01
2014 09 11 37 4 01
2014 09 11 37 4 01
2014 09 11 37 4 01
2014 09 11 37 4 01
2014 09 11 37 4 00
2014 08 18 34 1 19
2014 08 15 33 5 23
2014 08 13 33 3 00
2014 08 13 33 3 00
2014 08 11 33 1 19
2014 07 08 28 2 00
2014 07 07 28 1 23
2014 07 07 28 1 23
2014 07 07 28 1 23
2014 04 16 16 3 18
2014 03 29 13 6 01
2014 03 29 13 6 01
2014 03 27 13 4 23
2014 03 14 11 5 23
2014 03 14 11 5 23
2014 03 14 11 5 19
2014 03 14 11 5 19
2014 02 24 09 1 02
2014 02 23 08 7 06
2014 02 23 08 7 19
2014 02 23 08 7 00
2014 02 16 07 7 06
2014 02 16 07 7 06
2014 02 16 07 7 05
2014 02 14 07 5 23
2014 02 14 07 5 22
2014 02 13 07 4 13
2014 02 13 07 4 05
2014 02 08 06 6 06
2014 02 07 06 5 01
2014 02 06 06 4 20
2014 02 06 06 4 02
2014 02 06 06 4 01
2014 02 06 06 4 01
2014 02 05 06 3 21
2014 01 30 05 4 13
2014 01 30 05 4 12
2014 01 30 05 4 12
2014 01 28 05 2 23
2014 01 28 05 2 23
2014 01 28 05 2 23
2014 01 28 05 2 23
2014 01 28 05 2 23
2014 01 28 05 2 15
2014 01 20 04 1 21
2014 01 20 04 1 20
2014 01 15 03 3 00
2014 01 09 02 4 09
2014 01 09 02 4 08
2014 01 09 02 4 03
2014 01 09 02 4 03
2014 01 09 02 4 01
2014 01 09 02 4 01
2014 01 08 02 3 23
2014 01 03 01 5 01
2014 01 02 01 4 23
2014 01 02 01 4 22
2014 01 08 02 3 23
2014 01 07 02 2 04
2014 01 07 02 2 04
2014 01 03 01 5 01
2014 01 02 01 4 23
2014 01 02 01 4 22
2013 12 27 52 5 22
2013 12 24 52 2 03
2013 12 24 52 2 00
2013 12 20 51 5 01
2013 12 19 51 4 21
2013 12 19 51 4 00
2013 12 18 51 3 23
2013 12 18 51 3 22
2013 12 18 51 3 22
2013 12 17 51 2 02
2013 12 17 51 2 01
2013 12 17 51 2 01
2013 12 16 51 1 12
2013 12 16 51 1 11
2013 12 16 51 1 11
2013 11 26 48 2 02
2013 11 25 48 1 21
2013 11 25 48 1 07
2013 11 20 47 3 00
2013 11 19 47 2 13
2013 11 19 47 2 07
2013 11 13 46 3 23
2013 11 11 46 1 01
2013 11 11 46 1 01
2013 11 11 46 1 00
2013 11 11 46 1 00
2013 11 09 45 6 02
2013 11 09 45 6 01
2013 11 09 45 6 01
2013 11 09 45 6 01
2013 11 09 45 6 01
2013 11 09 45 6 01
2013 10 30 44 3 01
2013 10 21 43 1 12
2013 10 21 43 1 11
2013 10 18 42 5 02
2013 10 18 42 5 01
2013 10 18 42 5 00
2013 10 18 42 5 00
2013 10 17 42 4 23
2013 10 14 42 1 12
2013 10 10 41 4 02
2013 10 09 41 3 14
2013 10 09 41 3 13
2013 10 09 41 3 13
2013 10 09 41 3 13
2013 10 09 41 3 13
2013 10 09 41 3 12
2013 10 09 41 3 12
2013 10 09 41 3 01
2013 10 09 41 3 00
2013 10 08 41 2 23
2013 10 02 40 3 02
2013 10 02 40 3 00
2013 10 02 40 3 00
2013 10 01 40 2 23
2013 09 23 39 1 02
2013 09 23 39 1 02
2013 09 18 38 3 03
2013 09 18 38 3 00
2013 09 18 38 3 00
2013 09 18 38 3 00
2013 09 18 38 3 00
2013 09 18 38 3 00
2013 09 18 38 3 00
2013 09 18 38 3 00
2013 09 17 38 2 23
2013 09 17 38 2 23
2013 09 17 38 2 23
2013 09 17 38 2 23
2013 10 09 41 3 14
2013 10 09 41 3 13
2013 10 09 41 3 13
2013 10 09 41 3 13
2013 10 09 41 3 13
2013 10 09 41 3 12
2013 10 09 41 3 12
2013 10 09 41 3 01
2013 10 09 41 3 00
2013 10 08 41 2 23
2013 10 08 41 2 19
2013 10 08 41 2 18
2013 10 02 40 3 02
2013 10 02 40 3 00
2013 10 02 40 3 00
2013 10 01 40 2 23
2013 09 25 39 3 21
2013 09 23 39 1 02
2013 09 23 39 1 02
2013 09 18 38 3 03
2013 09 18 38 3 00
2013 09 18 38 3 00
2013 09 18 38 3 00
2013 09 18 38 3 00
2013 09 18 38 3 00
2013 09 18 38 3 00
2013 09 18 38 3 00
2013 09 17 38 2 23
2013 09 17 38 2 23
2013 09 17 38 2 23
2013 09 17 38 2 23
2013 09 14 37 6 02
2013 09 13 37 5 23
2013 09 05 36 4 22
2013 09 05 36 4 02
2013 09 05 36 4 02
2013 08 23 34 5 20
2013 08 23 34 5 09
2013 08 23 34 5 09
2013 08 22 34 4 20
2013 08 19 34 1 20
2013 08 19 34 1 20
2013 08 19 34 1 20
2013 08 19 34 1 20
2013 08 18 33 7 02
2013 08 18 33 7 01
2013 08 17 33 6 11
2013 08 17 33 6 10
2013 08 17 33 6 09
2013 08 17 33 6 09
2013 08 17 33 6 09
2013 08 16 33 5 15
2013 08 16 33 5 15
2013 08 16 33 5 14
2013 08 16 33 5 14
2013 08 16 33 5 13
2013 08 16 33 5 11
2013 08 16 33 5 11
2013 08 09 32 5 19
2013 08 09 32 5 19
2013 07 29 31 1 12
2013 07 23 30 2 12
2013 07 23 30 2 11
2013 07 23 30 2 02
2013 07 23 30 2 02
2013 07 19 29 5 21
2013 07 19 29 5 21
2013 07 19 29 5 05
2013 07 19 29 5 05
2013 07 19 29 5 03
2013 07 19 29 5 03
2013 07 19 29 5 03
2013 07 19 29 5 03
2013 07 19 29 5 02
2013 07 19 29 5 02
2013 07 19 29 5 01
2013 07 19 29 5 01
2013 07 19 29 5 00
2013 07 18 29 4 23
2013 07 18 29 4 23
2013 07 18 29 4 23
2013 07 18 29 4 15
2013 07 18 29 4 14
2013 07 18 29 4 14
2013 07 18 29 4 14
2013 07 18 29 4 13
2013 07 18 29 4 13
2013 07 18 29 4 06
2013 07 18 29 4 06
2013 07 18 29 4 04
2013 07 18 29 4 03
2013 07 18 29 4 02
2013 07 18 29 4 02
2013 07 18 29 4 02
2013 07 18 29 4 02
2013 07 18 29 4 01
2013 07 17 29 3 18
2013 07 17 29 3 02
2013 07 17 29 3 02
2013 07 17 29 3 02
2013 07 17 29 3 02
2013 07 17 29 3 02
2013 07 17 29 3 02
2013 07 17 29 3 01
2013 07 16 29 2 10
2013 07 16 29 2 10
2013 07 16 29 2 03
2013 07 16 29 2 03
2013 07 16 29 2 02
2013 07 16 29 2 02
2013 07 16 29 2 02
2013 07 16 29 2 00
2013 07 16 29 2 00
2013 07 15 29 1 15
2013 07 15 29 1 15
2013 07 15 29 1 14
2013 07 14 28 7 02
2013 07 12 28 5 07
2013 07 12 28 5 06
2013 07 12 28 5 06
2013 07 09 28 2 03
2013 07 08 28 1 22
2013 07 08 28 1 11
2013 07 08 28 1 10
2013 07 08 28 1 10
2013 07 08 28 1 01
2013 07 08 28 1 01
2013 07 08 28 1 00
2013 07 08 28 1 00
2013 07 07 27 7 16
2013 07 07 27 7 16
2013 07 04 27 4 00
2013 06 21 25 5 01
2013 06 21 25 5 00
2013 06 21 25 5 00
2013 06 11 24 2 04
2013 06 11 24 2 04
2013 06 11 24 2 03
2013 06 11 24 2 03
2013 06 11 24 2 03
2013 06 11 24 2 03
2013 05 27 22 1 21
2013 05 24 21 5 22
2013 05 11 19 6 01
2013 05 11 19 6 01
2013 05 03 18 5 00
2013 05 03 18 5 00
2013 05 03 18 5 00
2013 05 02 18 4 07
2013 05 02 18 4 07
2013 04 23 17 2 00
2013 04 23 17 2 00
2013 04 23 17 2 00
2013 04 22 17 1 23
2013 04 21 16 7 13
2013 04 21 16 7 11
2013 04 21 16 7 08
2013 04 21 16 7 08
2013 04 21 16 7 07
2013 04 21 16 7 07
2013 04 19 16 5 21
2013 04 19 16 5 21
2013 04 19 16 5 21
2013 04 19 16 5 21
2013 04 19 16 5 21
2013 04 19 16 5 14
2013 04 19 16 5 14
2013 04 19 16 5 14
2013 04 19 16 5 13
2013 04 19 16 5 13
2013 04 19 16 5 13
2013 04 18 16 4 11
2013 04 18 16 4 10
2013 04 18 16 4 05
2013 04 17 16 3 15
2013 04 17 16 3 15
2013 04 17 16 3 15
2013 04 17 16 3 14
2013 04 17 16 3 14
2013 04 15 16 1 13
2013 04 01 14 1 11
2013 04 01 14 1 00
2013 04 01 14 1 00
2013 03 24 12 7 09
2013 03 15 11 5 21
2013 03 15 11 5 21
2013 03 15 11 5 10
2013 03 15 11 5 10
2013 03 15 11 5 02
2013 03 15 11 5 02
2013 03 15 11 5 02
2013 03 15 11 5 02
2013 03 15 11 5 01
2013 03 15 11 5 01
2013 03 15 11 5 01
2013 03 14 11 4 19
2013 03 14 11 4 00
2013 03 13 11 3 23
2013 03 13 11 3 11
2013 03 13 11 3 10
2013 03 13 11 3 07
2013 03 13 11 3 04
2013 03 13 11 3 02
2013 03 13 11 3 00
2013 03 11 11 1 11
2013 03 11 11 1 11
2013 03 11 11 1 11
2013 03 11 11 1 11
2013 03 05 10 2 21
2013 03 05 10 2 20
2013 03 05 10 2 20
2013 03 05 10 2 19
2013 03 05 10 2 19
2013 03 05 10 2 19
2013 03 05 10 2 19
2013 03 05 10 2 19
2013 03 05 10 2 11
2013 03 04 10 1 12
2013 03 03 09 7 03
2013 03 03 09 7 02
2013 03 03 09 7 02
2013 03 03 09 7 01
2013 03 03 09 7 01
2013 03 02 09 6 01
2013 03 01 09 5 23
2013 02 26 09 2 21
2013 02 26 09 2 20
2013 02 22 08 5 01
2013 02 18 08 1 13
2013 02 18 08 1 13
2013 02 18 08 1 13
2013 02 18 08 1 13
2013 02 18 08 1 12
2013 02 14 07 4 19
2013 02 13 07 3 22
2013 02 13 07 3 01
2013 02 13 07 3 00
2013 02 12 07 2 14
2013 02 12 07 2 14
2013 02 12 07 2 14
2013 02 12 07 2 13
2013 02 12 07 2 13
2013 02 12 07 2 13
2013 02 12 07 2 12
2013 02 12 07 2 12
2013 02 12 07 2 11
2013 02 11 07 1 00
2013 02 10 06 7 23
2013 02 08 06 5 21
2013 02 07 06 4 00
2013 02 05 06 2 20
2013 02 02 05 6 12
2013 01 22 04 2 23
2013 01 22 04 2 23
2013 01 20 03 7 00
2013 01 20 03 7 00
2013 01 13 02 7 09
2013 01 12 02 6 00
2013 01 08 02 2 11
2012 12 20 51 4 23
2012 12 17 51 1 04
2012 12 16 50 7 12
2012 12 16 50 7 07
2012 12 16 50 7 07
2012 12 16 50 7 06
2012 12 16 50 7 06
2012 12 16 50 7 04
2012 12 14 50 5 09
2012 12 13 50 4 23
2012 12 13 50 4 23
2012 12 13 50 4 23
2012 12 11 50 2 02
2012 12 11 50 2 02
2012 12 09 49 7 00
2012 12 09 49 7 00
2012 12 08 49 6 13
2012 12 08 49 6 13
2012 12 08 49 6 11
2012 12 08 49 6 11
2012 12 08 49 6 11
2012 12 08 49 6 10
2012 12 08 49 6 10
2012 12 08 49 6 08
2012 12 08 49 6 08
2012 12 08 49 6 08
2012 12 08 49 6 08
2012 12 08 49 6 08
2012 12 08 49 6 07
2012 12 08 49 6 06
2012 12 08 49 6 06
2012 12 08 49 6 05
2012 12 08 49 6 05
2012 12 08 49 6 04
2012 12 08 49 6 04
2012 12 08 49 6 01
2012 12 08 49 6 01
2012 12 08 49 6 01
2012 12 08 49 6 01
2012 12 08 49 6 01
2012 12 08 49 6 00
2012 12 07 49 5 03
2012 12 07 49 5 02
2012 12 06 49 4 03
2012 12 06 49 4 03
2012 12 06 49 4 03
2012 12 06 49 4 02
2012 12 06 49 4 00
2012 12 06 49 4 00
2012 12 05 49 3 02
2012 12 05 49 3 01
2012 12 05 49 3 01
2012 12 04 49 2 09
