
2015 12 20 51 7 09
2015 08 11 33 2 07
2015 12 21 52 1 04
2015 12 21 52 1 04
2015 12 21 52 1 04
2015 12 14 51 1 08
2015 12 06 49 7 13
2015 12 06 49 7 13
2015 12 06 49 7 13
2015 12 06 49 7 06
2015 12 05 49 6 17
2015 12 05 49 6 17
2015 12 05 49 6 10
2015 12 05 49 6 08
2015 12 01 49 2 17
2015 12 01 49 2 17
2015 11 28 48 6 10
2015 11 23 48 1 13
2015 11 23 48 1 06
2015 11 23 48 1 05
2015 11 20 47 5 17
2015 11 20 47 5 17
2015 11 19 47 4 09
2015 11 19 47 4 09
2015 11 11 46 3 12
2015 11 11 46 3 11
2015 11 11 46 3 11
2015 11 11 46 3 09
2015 11 11 46 3 05
2015 11 11 46 3 05
2015 11 07 45 6 17
2015 11 07 45 6 16
2015 11 07 45 6 16
2015 11 07 45 6 16
2015 11 07 45 6 16
2015 11 07 45 6 16
2015 11 06 45 5 15
2015 11 06 45 5 14
2015 11 06 45 5 11
2015 11 04 45 3 11
2015 11 01 44 7 08
2015 10 29 44 4 20
2015 10 23 43 5 14
2015 10 09 41 5 08
2015 10 09 41 5 07
2015 10 09 41 5 01
2015 10 09 41 5 00
2015 10 09 41 5 00
2015 10 08 41 4 16
2015 09 24 39 4 07
2015 09 30 40 3 09
2015 09 28 40 1 14
2015 09 24 39 4 07
2015 09 23 39 3 18
2015 09 23 39 3 18
2015 09 23 39 3 17
2015 09 21 39 1 05
2015 08 29 35 6 14
2015 08 29 35 6 11
2015 08 29 35 6 11
2015 07 11 28 6 18
2015 07 16 29 4 06
2015 06 24 26 3 08
2015 06 24 26 3 07
2015 06 24 26 3 07
2015 06 23 26 2 23
2015 06 23 26 2 23
2015 06 23 26 2 22
2015 06 21 25 7 14
2015 05 31 22 7 15
2015 05 20 21 3 13
2015 05 20 21 3 13
2015 05 20 21 3 12
2015 05 20 21 3 07
2015 05 20 21 3 05
2015 05 20 21 3 05
2015 05 20 21 3 05
2015 05 18 21 1 16
2015 05 15 20 5 05
2015 05 06 19 3 23
2015 05 01 18 5 21
2015 05 01 18 5 21
2015 05 01 18 5 20
2015 05 01 18 5 16
2015 05 01 18 5 16
2015 04 28 18 2 13
2015 04 27 18 1 08
2015 04 27 18 1 07
2015 04 27 18 1 07
2015 04 27 18 1 07
2015 04 25 17 6 22
2015 04 24 17 5 10
2015 04 24 17 5 05
2015 04 22 17 3 18
2015 04 21 17 2 09
2015 04 17 16 5 18
2015 04 17 16 5 17
2015 04 17 16 5 17
2015 04 17 16 5 17
2015 04 17 16 5 17
2015 04 17 16 5 11
2015 04 15 16 3 17
2015 04 15 16 3 14
2015 04 15 16 3 03
2015 04 15 16 3 03
2015 04 15 16 3 03
2015 04 14 16 2 22
2015 04 14 16 2 16
2015 04 08 15 3 12
2015 04 08 15 3 11
2015 04 07 15 2 18
2015 04 07 15 2 18
2015 04 07 15 2 14
2015 04 06 15 1 15
2015 04 06 15 1 15
2015 04 06 15 1 14
2015 04 06 15 1 14
2015 04 03 14 5 12
2015 04 03 14 5 11
2015 04 01 14 3 20
2015 03 27 13 5 00
2015 03 27 13 5 00
2015 03 27 13 5 00
2015 03 23 13 1 04
2015 03 23 13 1 04
2015 03 11 11 3 12
2015 03 05 10 4 03
2015 03 04 10 3 16
2015 02 24 09 2 17
2015 02 24 09 2 12
2015 02 24 09 2 11
2015 02 24 09 2 07
2015 02 24 09 2 06
2015 02 24 09 2 06
2015 02 21 08 6 07
2015 02 14 07 6 08
2015 02 14 07 6 06
2015 02 13 07 5 18
2015 02 13 07 5 16
2015 02 12 07 4 18
2015 02 12 07 4 15
2015 02 12 07 4 15
2015 02 12 07 4 07
2015 02 11 07 3 11
2015 02 10 07 2 04
2015 02 09 07 1 06
2015 02 09 07 1 06
2015 02 08 06 7 14
2015 02 08 06 7 10
2015 02 08 06 7 10
2015 02 08 06 7 08
2015 02 07 06 6 02
2015 02 06 06 5 07
2015 02 05 06 4 10
2015 02 03 06 2 12
2015 02 03 06 2 11
2015 01 31 05 6 08
2015 01 30 05 5 18
2015 01 30 05 5 18
2015 01 30 05 5 16
2015 01 30 05 5 16
2015 01 29 05 4 18
2015 01 29 05 4 18
2015 01 29 05 4 11
2015 01 29 05 4 07
2015 01 27 05 2 16
2015 01 27 05 2 15
2015 01 27 05 2 15
2015 01 26 05 1 17
2015 01 26 05 1 15
2015 01 25 04 7 18
2015 01 25 04 7 18
2015 01 25 04 7 18
2015 01 25 04 7 16
2015 01 25 04 7 07
2015 01 25 04 7 07
2015 01 25 04 7 05
2015 01 24 04 6 19
2015 01 24 04 6 14
2015 01 23 04 5 18
2015 01 23 04 5 02
2015 01 22 04 4 18
2015 01 21 04 3 17
2015 01 18 03 7 17
2015 01 18 03 7 17
2015 01 18 03 7 03
2015 01 18 03 7 03
2015 01 17 03 6 15
2015 01 17 03 6 12
2015 01 17 03 6 11
2015 01 15 03 4 12
2015 01 15 03 4 12
2015 01 14 03 3 12
2015 01 13 03 2 17
2015 01 11 02 7 09
2015 01 09 02 5 16
2015 01 09 02 5 04
2015 01 07 02 3 11
2015 01 06 02 2 17
2015 01 06 02 2 17
2015 01 05 02 1 12
2015 01 05 02 1 11
2014 12 30 01 2 10
2014 12 30 01 2 10
2014 12 30 01 2 10
2014 12 28 52 7 17
2014 12 28 52 7 14
2014 12 27 52 6 16
2014 12 24 52 3 12
2014 12 20 51 6 16
2014 12 20 51 6 10
2014 12 20 51 6 10
2014 12 20 51 6 09
2014 12 18 51 4 04
2014 12 16 51 2 17
2014 12 16 51 2 16
2014 12 14 50 7 10
2014 12 14 50 7 09
2014 12 11 50 4 18
2014 12 11 50 4 16
2014 12 10 50 3 08
2014 12 09 50 2 10
2014 12 08 50 1 16
2014 12 08 50 1 06
2014 12 07 49 7 17
2014 12 06 49 6 09
2014 12 06 49 6 09
2014 12 03 49 3 09
2014 11 25 48 2 16
2014 11 15 46 6 11
2014 10 03 40 5 05
2014 10 02 40 4 13
2014 09 22 39 1 03
2014 09 09 37 2 14
2014 09 07 36 7 17
2014 09 07 36 7 01
2014 09 07 36 7 00
2014 09 06 36 6 22
2014 09 06 36 6 16
2014 09 06 36 6 16
2014 09 06 36 6 15
2014 09 05 36 5 17
2014 09 04 36 4 12
2014 08 30 35 6 18
2014 08 22 34 5 12
2014 08 21 34 4 13
2014 08 21 34 4 12
2014 08 20 34 3 17
2014 08 19 34 2 19
2014 08 03 31 7 19
2014 08 03 31 7 10
2014 08 03 31 7 10
2014 08 03 31 7 10
2014 08 03 31 7 08
2014 08 03 31 7 08
2014 08 03 31 7 07
2014 08 03 31 7 07
2014 08 02 31 6 19
2014 08 02 31 6 15
2014 08 02 31 6 15
2014 08 02 31 6 15
2014 08 02 31 6 12
2014 08 02 31 6 11
2014 08 02 31 6 11
2014 08 02 31 6 11
2014 08 02 31 6 09
2014 08 02 31 6 08
2014 07 30 31 3 08
2014 07 30 31 3 05
2014 07 30 31 3 04
2014 07 30 31 3 04
2014 07 23 30 3 16
2014 07 23 30 3 16
2014 07 23 30 3 15
2014 07 23 30 3 15
2014 07 23 30 3 11
2014 07 23 30 3 11
2014 07 23 30 3 10
2014 07 23 30 3 10
2014 07 23 30 3 08
2014 07 23 30 3 08
2014 07 23 30 3 08
2014 07 23 30 3 08
2014 07 23 30 3 07
2014 07 19 29 6 01
2014 07 18 29 5 08
2014 07 14 29 1 13
2014 07 13 28 7 16
2014 07 13 28 7 09
2014 07 13 28 7 09
2014 07 12 28 6 15
2014 07 12 28 6 15
2014 07 12 28 6 15
2014 07 12 28 6 06
2014 07 11 28 5 19
2014 07 11 28 5 19
2014 07 11 28 5 19
2014 07 06 27 7 19
2014 07 06 27 7 11
2014 07 06 27 7 10
2014 07 06 27 7 09
2014 07 06 27 7 09
2014 07 06 27 7 09
2014 07 06 27 7 09
2014 07 06 27 7 08
2014 07 04 27 5 19
2014 07 04 27 5 19
2014 07 04 27 5 19
2014 07 03 27 4 18
2014 07 03 27 4 17
2014 06 29 26 7 16
2014 06 28 26 6 17
2014 06 25 26 3 17
2014 06 22 25 7 08
2014 06 22 25 7 08
2014 06 21 25 6 18
2014 06 20 25 5 18
2014 06 20 25 5 18
2014 06 20 25 5 17
2014 06 14 24 6 19
2014 06 14 24 6 19
2014 06 14 24 6 03
2014 06 14 24 6 02
2014 06 11 24 3 17
2014 06 10 24 2 16
2014 06 09 24 1 17
2014 06 09 24 1 08
2014 06 09 24 1 08
2014 06 08 23 7 12
2014 06 08 23 7 11
2014 06 08 23 7 11
2014 06 06 23 5 19
2014 06 06 23 5 19
2014 06 06 23 5 19
2014 06 06 23 5 18
2014 06 06 23 5 18
2014 06 06 23 5 18
2014 06 06 23 5 18
2014 05 31 22 6 18
2014 05 31 22 6 10
2014 05 31 22 6 07
2014 05 31 22 6 07
2014 05 31 22 6 06
2014 05 31 22 6 06
2014 05 25 21 7 21
2014 05 25 21 7 14
2014 05 25 21 7 08
2014 05 25 21 7 07
2014 05 25 21 7 07
2014 05 25 21 7 06
2014 05 23 21 5 19
2014 05 23 21 5 19
2014 05 23 21 5 16
2014 05 23 21 5 10
2014 05 18 20 7 07
2014 05 17 20 6 20
2014 05 17 20 6 16
2014 05 14 20 3 17
2014 05 11 19 7 18
2014 05 11 19 7 17
2014 05 11 19 7 10
2014 05 11 19 7 09
2014 05 11 19 7 08
2014 05 10 19 6 19
2014 05 10 19 6 19
2014 05 10 19 6 19
2014 05 10 19 6 19
2014 05 10 19 6 16
2014 05 10 19 6 05
2014 05 10 19 6 05
2014 05 10 19 6 04
2014 05 09 19 5 18
2014 05 09 19 5 17
2014 05 09 19 5 17
2014 05 09 19 5 11
2014 05 09 19 5 11
2014 05 09 19 5 11
2014 05 09 19 5 10
2014 05 09 19 5 10
2014 05 09 19 5 10
2014 05 09 19 5 09
2014 05 09 19 5 10
2014 05 04 18 7 08
2014 05 02 18 5 17
2014 04 28 18 1 17
2014 04 27 17 7 18
2014 04 27 17 7 17
2014 04 27 17 7 17
2014 04 27 17 7 07
2014 04 27 17 7 07
2014 04 26 17 6 17
2014 04 26 17 6 11
2014 04 26 17 6 11
2014 04 26 17 6 11
2014 04 26 17 6 10
2014 04 26 17 6 10
2014 04 25 17 5 07
2014 04 22 17 2 11
2014 04 15 16 2 17
2014 04 15 16 2 15
2014 04 14 16 1 12
2014 04 13 15 7 17
2014 04 13 15 7 17
2014 04 13 15 7 15
2014 04 13 15 7 14
2014 04 07 15 1 08
2014 04 06 14 7 17
2014 03 28 13 5 16
2014 03 27 13 4 16
2014 03 27 13 4 15
2014 03 26 13 3 10
2014 03 21 12 5 06
2014 03 20 12 4 08
2014 03 20 12 4 08
2014 03 20 12 4 07
2014 03 20 12 4 07
2014 03 20 12 4 07
2014 03 19 12 3 17
2014 03 19 12 3 09
2014 03 19 12 3 09
2014 03 19 12 3 08
2014 03 19 12 3 08
2014 03 19 12 3 02
2014 03 18 12 2 16
2014 03 17 12 1 10
2014 03 17 12 1 06
2014 03 17 12 1 06
2014 03 16 11 7 11
2014 03 16 11 7 03
2014 03 16 11 7 03
2014 03 16 11 7 03
2014 03 15 11 6 12
2014 03 15 11 6 11
2014 03 15 11 6 10
2014 03 15 11 6 10
2014 03 15 11 6 10
2014 03 14 11 5 16
2014 03 14 11 5 14
2014 03 14 11 5 14
2014 03 14 11 5 14
2014 03 14 11 5 11
2014 03 14 11 5 08
2014 03 13 11 4 16
2014 03 13 11 4 15
2014 03 13 11 4 15
2014 03 13 11 4 15
2014 03 10 11 1 10
2014 03 10 11 1 10
2014 03 09 10 7 17
2014 03 09 10 7 10
2014 03 09 10 7 10
2014 03 09 10 7 10
2014 03 08 10 6 21
2014 03 07 10 5 07
2014 03 07 10 5 07
2014 03 04 10 2 20
2014 02 25 09 2 08
2014 02 25 09 2 08
2014 02 23 08 7 08
2014 02 16 07 7 16
2014 02 15 07 6 17
2014 02 15 07 6 14
2014 02 15 07 6 14
2014 02 15 07 6 11
2014 02 15 07 6 05
2014 02 11 07 2 09
2014 02 14 07 5 07
2014 02 10 07 1 10
2014 02 10 07 1 10
2014 02 09 06 7 02
2014 02 07 06 5 11
2014 02 07 06 5 10
2014 01 26 04 7 22
2014 01 26 04 7 22
2014 01 26 04 7 18
2014 01 26 04 7 07
2014 01 26 04 7 02
2014 01 25 04 6 17
2014 01 17 03 5 12
2014 01 17 03 5 07
2014 01 15 03 3 08
2014 01 15 03 3 07
2014 01 14 03 2 14
2014 01 14 03 2 08
2014 01 13 03 1 16
2014 01 13 03 1 09
2014 01 13 03 1 09
2014 01 13 03 1 08
2014 01 12 02 7 12
2014 01 12 02 7 03
2014 01 12 02 7 03
2014 01 11 02 6 05
2014 01 11 02 6 05
2014 01 11 02 6 02
2014 01 11 02 6 02
2014 01 09 02 4 08
2014 01 09 02 4 06
2014 01 09 02 4 01
2013 12 29 52 7 15
2013 12 29 52 7 15
2013 12 29 52 7 14
2013 12 29 52 7 14
2013 12 29 52 7 07
2013 12 28 52 6 12
2013 12 28 52 6 16
2013 12 28 52 6 14
2013 12 28 52 6 13
2013 12 28 52 6 04
2013 12 28 52 6 03
2013 12 28 52 6 01
2013 12 28 52 6 00
2013 12 27 52 5 03
2013 12 27 52 5 03
2013 12 27 52 5 03
2013 12 27 52 5 03
2013 12 26 52 4 16
2013 12 26 52 4 16
2013 12 26 52 4 15
2013 12 26 52 4 06
2013 12 25 52 3 16
2013 12 25 52 3 16
2013 12 25 52 3 16
2013 12 24 52 2 10
2013 12 23 52 1 16
2013 12 23 52 1 16
2013 12 23 52 1 16
2013 12 20 51 5 04
2013 12 15 50 7 09
2013 12 15 50 7 06
2013 12 09 50 1 17
2013 12 09 50 1 17
2013 12 08 49 7 14
2013 12 08 49 7 13
2013 12 08 49 7 13
2013 12 08 49 7 13
2013 12 08 49 7 04
2013 11 30 48 6 12
2013 12 03 49 2 13
2013 12 03 49 2 10
2013 12 01 48 7 07
2013 11 30 48 6 05
2013 11 30 48 6 04
2013 11 30 48 6 04
2013 11 30 48 6 03
2013 11 27 48 3 17
2013 11 27 48 3 15
2013 11 27 48 3 01
2013 11 26 48 2 15
2013 11 26 48 2 14
2013 11 26 48 2 14
2013 11 26 48 2 11
2013 11 26 48 2 11
2013 11 26 48 2 10
2013 11 26 48 2 10
2013 11 25 48 1 15
2013 08 27 35 2 03
2013 11 16 46 6 17
2013 11 16 46 6 00
2013 11 14 46 4 21
2013 10 26 43 6 17
2013 10 26 43 6 07
2013 10 26 43 6 07
2013 10 26 43 6 06
2013 10 26 43 6 06
2013 10 26 43 6 06
2013 10 26 43 6 06
2013 10 23 43 3 20
2013 10 23 43 3 20
2013 10 23 43 3 20
2013 10 23 43 3 17
2013 10 16 42 3 13
2013 10 11 41 5 17
2013 10 11 41 5 17
2013 10 11 41 5 17
2013 10 11 41 5 17
2013 10 06 40 7 23
2013 10 06 40 7 23
2013 09 21 38 6 12
2013 09 21 38 6 09
2013 09 21 38 6 09
2013 09 21 38 6 03
2013 09 20 38 5 18
2013 09 20 38 5 17
2013 09 20 38 5 16
2013 09 20 38 5 11
2013 09 20 38 5 10
2013 09 16 38 1 10
2013 09 15 37 7 18
2013 09 15 37 7 03
2013 09 14 37 6 16
2013 09 14 37 6 16
2013 09 14 37 6 16
2013 09 14 37 6 15
2013 09 14 37 6 15
2013 09 14 37 6 12
2013 09 14 37 6 11
2013 09 14 37 6 11
2013 09 11 37 3 21
2013 09 08 36 7 11
2013 09 08 36 7 11
2013 09 08 36 7 11
2013 09 08 36 7 10
2013 09 08 36 7 04
2013 09 07 36 6 03
2013 09 07 36 6 03
2013 09 07 36 6 03
2013 09 05 36 4 18
2013 09 05 36 4 15
2013 09 02 36 1 10
2013 08 31 35 6 18
2013 08 31 35 6 18
2013 08 29 35 4 21
2013 08 29 35 4 21
2013 08 29 35 4 21
2013 08 29 35 4 21
2013 08 28 35 3 19
2013 08 28 35 3 19
2013 08 28 35 3 11
2013 08 27 35 2 16
2013 08 27 35 2 16
2013 08 27 35 2 16
2013 08 27 35 2 15
2013 08 27 35 2 15
2013 08 27 35 2 15
2013 08 27 35 2 03
2013 08 27 35 2 03
2013 08 26 35 1 10
2013 08 26 35 1 10
2013 08 26 35 1 10
2013 08 26 35 1 10
2013 08 26 35 1 10
2013 08 26 35 1 09
2013 08 26 35 1 02
2013 08 26 35 1 02
2013 08 25 34 7 19
2013 08 25 34 7 17
2013 08 25 34 7 07
2013 08 24 34 6 19
2013 08 24 34 6 19
2013 08 24 34 6 17
2013 08 24 34 6 17
2013 08 24 34 6 15
2013 08 24 34 6 15
2013 08 24 34 6 15
2013 08 24 34 6 11
2013 08 24 34 6 08
2013 08 24 34 6 07
2013 08 24 34 6 07
2013 08 24 34 6 07
2013 08 24 34 6 07
2013 08 24 34 6 07
2013 08 24 34 6 03
2013 08 24 34 6 03
2013 08 24 34 6 03
2013 08 23 34 5 18
2013 08 23 34 5 18
2013 08 23 34 5 18
2013 08 23 34 5 18
2013 08 23 34 5 17
2013 08 23 34 5 17
2013 08 23 34 5 17
2013 08 22 34 4 19
2013 08 22 34 4 19
2013 08 22 34 4 18
2013 08 22 34 4 18
2013 08 22 34 4 17
2013 08 22 34 4 16
2013 08 22 34 4 16
2013 08 21 34 3 18
2013 08 21 34 3 10
2013 08 21 34 3 09
2013 08 21 34 3 09
2013 08 21 34 3 09
2013 08 21 34 3 09
2013 08 21 34 3 08
2013 08 21 34 3 05
2013 08 20 34 2 16
2013 08 20 34 2 16
2013 08 20 34 2 16
2013 08 20 34 2 03
2013 08 20 34 2 03
2013 08 19 34 1 19
2013 08 19 34 1 19
2013 08 19 34 1 16
2013 08 19 34 1 16
2013 08 19 34 1 16
2013 08 19 34 1 16
2013 08 19 34 1 16
2013 08 19 34 1 04
2013 08 18 33 7 18
2013 08 18 33 7 18
2013 08 18 33 7 18
2013 08 18 33 7 18
2013 08 18 33 7 18
2013 08 18 33 7 18
2013 08 18 33 7 18
2013 08 18 33 7 18
2013 08 18 33 7 18
2013 08 18 33 7 17
2013 08 18 33 7 17
2013 08 18 33 7 17
2013 08 18 33 7 17
2013 08 18 33 7 17
2013 08 18 33 7 15
2013 08 18 33 7 14
2013 08 18 33 7 11
2013 08 18 33 7 11
2013 08 18 33 7 09
2013 08 18 33 7 04
2013 08 18 33 7 04
2013 08 18 33 7 04
2013 08 18 33 7 04
2013 08 18 33 7 04
2013 08 18 33 7 03
2013 08 18 33 7 03
2013 08 17 33 6 19
2013 08 17 33 6 19
2013 08 17 33 6 19
2013 08 17 33 6 18
2013 08 17 33 6 17
2013 08 17 33 6 17
2013 08 17 33 6 17
2013 08 17 33 6 16
2013 08 17 33 6 15
2013 08 17 33 6 15
2013 08 17 33 6 15
2013 08 17 33 6 15
2013 08 17 33 6 15
2013 08 17 33 6 15
2013 08 17 33 6 15
2013 08 17 33 6 15
2013 08 17 33 6 07
2013 08 17 33 6 07
2013 08 17 33 6 04
2013 08 17 33 6 04
2013 08 16 33 5 19
2013 08 16 33 5 19
2013 08 14 33 3 03
2013 08 14 33 3 03
2013 08 13 33 2 19
2013 08 13 33 2 19
2013 08 13 33 2 18
2013 08 13 33 2 18
2013 08 13 33 2 18
2013 08 13 33 2 17
2013 08 13 33 2 17
2013 08 12 33 1 18
2013 08 12 33 1 18
2013 08 12 33 1 17
2013 08 12 33 1 17
2013 08 10 32 6 19
2013 08 10 32 6 18
2013 08 10 32 6 16
2013 08 10 32 6 16
2013 08 10 32 6 16
2013 08 10 32 6 16
2013 08 10 32 6 16
2013 08 10 32 6 16
2013 08 10 32 6 16
2013 08 10 32 6 16
2013 08 10 32 6 16
2013 08 10 32 6 11
2013 08 10 32 6 04
2013 08 09 32 5 19
2013 08 09 32 5 18
2013 08 09 32 5 18
2013 08 09 32 5 18
2013 08 09 32 5 18
2013 08 09 32 5 18
2013 08 09 32 5 18
2013 08 09 32 5 18
2013 08 09 32 5 18
2013 08 09 32 5 18
2013 08 09 32 5 17
2013 08 09 32 5 17
2013 08 09 32 5 04
2013 08 09 32 5 04
2013 08 04 31 7 18
2013 07 25 30 4 16
2013 07 24 30 3 16
2013 07 21 29 7 17
2013 07 21 29 7 16
2013 07 21 29 7 16
2013 07 21 29 7 14
2013 07 21 29 7 06
2013 07 21 29 7 04
2013 07 21 29 7 03
2013 07 21 29 7 03
2013 07 20 29 6 16
2013 07 20 29 6 09
2013 07 20 29 6 09
2013 07 19 29 5 19
2013 07 17 29 3 17
2013 07 17 29 3 17
2013 07 17 29 3 01
2013 07 15 29 1 22
2013 07 14 28 7 16
2013 07 14 28 7 16
2013 07 14 28 7 16
2013 07 14 28 7 10
2013 07 14 28 7 08
2013 07 14 28 7 07
2013 07 14 28 7 05
2013 07 14 28 7 04
2013 07 14 28 7 03
2013 07 13 28 6 22
2013 07 12 28 5 19
2013 07 12 28 5 16
2013 07 12 28 5 16
2013 07 12 28 5 16
2013 07 12 28 5 04
2013 07 09 28 2 03
2013 07 08 28 1 05
2013 07 08 28 1 05
2013 07 07 27 7 18
2013 07 07 27 7 17
2013 07 07 27 7 04
2013 07 07 27 7 04
2013 07 07 27 7 04
2013 07 07 27 7 01
2013 07 06 27 6 18
2013 07 06 27 6 17
2013 07 06 27 6 17
2013 07 06 27 6 17
2013 07 06 27 6 16
2013 07 06 27 6 11
2013 07 06 27 6 10
2013 07 06 27 6 10
2013 07 06 27 6 08
2013 07 05 27 5 07
2013 07 05 27 5 07
2013 07 05 27 5 06
2013 07 05 27 5 06
2013 07 05 27 5 05
2013 07 05 27 5 05
2013 07 03 27 3 10
2013 07 03 27 3 10
2013 07 01 27 1 14
2013 07 01 27 1 14
2013 07 01 27 1 01
2013 06 30 26 7 12
2013 06 29 26 6 11
2013 06 29 26 6 10
2013 06 29 26 6 10
2013 06 29 26 6 10
2013 06 28 26 5 12
2013 06 28 26 5 11
2013 06 28 26 5 11
2013 06 28 26 5 11
2013 06 28 26 5 11
2013 06 28 26 5 11
2013 06 28 26 5 11
2013 06 28 26 5 11
2013 06 28 26 5 05
2013 06 28 26 5 05
2013 06 27 26 4 15
2013 06 27 26 4 12
2013 06 27 26 4 12
2013 06 27 26 4 12
2013 06 27 26 4 12
2013 06 27 26 4 12
2013 06 27 26 4 10
2013 06 27 26 4 10
2013 06 27 26 4 09
2013 06 27 26 4 08
2013 06 26 26 3 07
2013 06 26 26 3 05
2013 06 26 26 3 03
2013 06 25 26 2 19
2013 06 25 26 2 17
2013 06 24 26 1 05
2013 06 23 25 7 05
2013 06 21 25 5 15
2013 06 20 25 4 17
2013 06 20 25 4 17
2013 06 20 25 4 17
2013 06 20 25 4 17
2013 06 20 25 4 17
2013 06 20 25 4 17
2013 06 19 25 3 18
2013 06 19 25 3 10
2013 06 19 25 3 10
2013 06 19 25 3 09
2013 06 19 25 3 09
2013 06 19 25 3 09
2013 06 19 25 3 09
2013 06 19 25 3 08
2013 06 19 25 3 08
2013 06 19 25 3 08
2013 06 19 25 3 05
2013 06 19 25 3 05
2013 06 19 25 3 04
2013 06 19 25 3 03
2013 06 18 25 2 10
2013 06 18 25 2 10
2013 06 18 25 2 10
2013 06 18 25 2 10
2013 06 18 25 2 10
2013 06 17 25 1 15
2013 06 17 25 1 15
2013 06 17 25 1 04
2013 06 12 24 3 09
2013 06 12 24 3 07
2013 06 12 24 3 06
2013 06 12 24 3 04
2013 06 12 24 3 04
2013 06 12 24 3 03
2013 06 09 23 7 05
2013 06 10 24 1 01
2013 06 09 23 7 18
2013 06 09 23 7 04
2013 06 09 23 7 04
2013 06 09 23 7 03
2013 06 09 23 7 03
2013 06 09 23 7 03
2013 06 09 23 7 03
2013 06 09 23 7 03
2013 06 09 23 7 03
2013 06 08 23 6 17
2013 06 08 23 6 12
2013 06 07 23 5 20
2013 06 07 23 5 19
2013 06 06 23 4 18
2013 06 07 23 5 08
2013 06 03 23 1 17
2013 06 03 23 1 17
2013 06 02 22 7 18
2013 06 02 22 7 18
2013 06 02 22 7 17
2013 06 02 22 7 13
2013 06 02 22 7 13
2013 06 02 22 7 11
2013 06 01 22 6 18
2013 06 01 22 6 18
2013 06 01 22 6 18
2013 06 01 22 6 12
2013 06 01 22 6 11
2013 06 01 22 6 11
2013 05 31 22 5 18
2013 05 31 22 5 18
2013 05 31 22 5 17
2013 05 31 22 5 17
2013 05 31 22 5 17
2013 05 31 22 5 17
2013 05 31 22 5 17
2013 05 30 22 4 18
2013 05 30 22 4 16
2013 05 29 22 3 05
2013 05 29 22 3 04
2013 05 29 22 3 03
2013 05 29 22 3 02
2013 05 29 22 3 02
2013 05 28 22 2 18
2013 05 28 22 2 18
2013 05 28 22 2 18
2013 05 28 22 2 18
2013 05 18 20 6 16
2013 05 17 20 5 12
2013 05 06 19 1 14
2013 05 05 18 7 19
2013 05 01 18 3 16
2013 04 27 17 6 17
2013 04 27 17 6 17
2013 04 27 17 6 17
2013 04 27 17 6 16
2013 04 27 17 6 16
2013 04 27 17 6 16
2013 04 06 14 6 16
2013 04 06 14 6 16
2013 04 05 14 5 17
2013 04 05 14 5 17
2013 04 04 14 4 09
2013 04 04 14 4 09
2013 04 04 14 4 09
2013 04 04 14 4 09
2013 04 04 14 4 09
2013 04 04 14 4 07
2013 04 04 14 4 07
2013 04 04 14 4 07
2013 04 04 14 4 07
2013 04 04 14 4 06
2013 04 04 14 4 05
2013 04 04 14 4 05
2013 04 04 14 4 05
2013 04 04 14 4 05
2013 04 04 14 4 04
2013 04 04 14 4 04
2013 04 03 14 3 20
2013 04 03 14 3 19
2013 04 03 14 3 19
2013 04 03 14 3 19
2013 04 03 14 3 19
2013 04 03 14 3 18
2013 04 03 14 3 18
2013 04 03 14 3 18
2013 04 01 14 1 16
2013 04 01 14 1 04
2013 04 01 14 1 04
2013 04 01 14 1 04
2013 04 01 14 1 04
2013 04 01 14 1 04
2013 04 01 14 1 04
2013 04 01 14 1 04
2013 04 01 14 1 04
2013 04 01 14 1 04
2013 04 01 14 1 04
2013 04 01 14 1 04
2013 04 01 14 1 04
2013 03 31 13 7 20
2013 03 31 13 7 20
2013 03 31 13 7 06
2013 03 29 13 5 17
2013 03 29 13 5 16
2013 03 29 13 5 16
2013 03 29 13 5 16
2013 03 29 13 5 16
2013 03 29 13 5 02
2013 03 28 13 4 15
2013 03 28 13 4 14
2013 03 28 13 4 14
2013 03 28 13 4 14
2013 03 28 13 4 07
2013 03 27 13 3 02
2013 03 20 12 3 15
2013 03 20 12 3 15
2013 03 20 12 3 15
2013 03 19 12 2 09
2013 03 19 12 2 09
2013 03 19 12 2 09
2013 03 19 12 2 00
2013 03 15 11 5 12
2013 03 10 10 7 15
2013 03 10 10 7 15
2013 03 10 10 7 14
2013 03 10 10 7 11
2013 03 10 10 7 11
2013 03 10 10 7 11
2013 03 10 10 7 11
2013 03 10 10 7 11
2013 03 10 10 7 11
2013 03 10 10 7 11
2013 03 04 10 1 16
2013 03 04 10 1 15
2013 03 03 09 7 15
2013 03 03 09 7 15
2013 03 03 09 7 09
2013 03 03 09 7 07
2013 03 03 09 7 07
2013 03 03 09 7 06
2013 03 02 09 6 18
2013 03 02 09 6 18
2013 03 02 09 6 18
2013 03 02 09 6 17
2013 03 02 09 6 17
2013 03 02 09 6 17
2013 03 02 09 6 16
2013 03 02 09 6 16
2013 03 02 09 6 12
2013 03 02 09 6 12
2013 03 02 09 6 10
2013 03 02 09 6 10
2013 03 02 09 6 07
2013 03 02 09 6 07
2013 03 01 09 5 17
2013 02 28 09 4 16
2013 02 28 09 4 16
2013 02 28 09 4 16
2013 02 28 09 4 15
2013 02 28 09 4 15
2013 02 28 09 4 15
2013 02 28 09 4 15
2013 02 28 09 4 14
2013 02 28 09 4 14
2013 02 28 09 4 13
2013 02 28 09 4 13
2013 02 28 09 4 13
2013 02 28 09 4 13
2013 02 28 09 4 06
2013 02 28 09 4 06
2013 02 28 09 4 03
2013 02 28 09 4 02
2013 02 28 09 4 01
2013 02 27 09 3 17
2013 02 27 09 3 16
2013 02 27 09 3 16
2013 02 27 09 3 16
2013 02 27 09 3 16
2013 02 27 09 3 16
2013 02 27 09 3 15
2013 02 27 09 3 15
2013 02 27 09 3 14
2013 02 27 09 3 14
2013 02 27 09 3 14
2013 02 27 09 3 14
2013 02 26 09 2 17
2013 02 26 09 2 16
2013 02 26 09 2 16
2013 02 26 09 2 16
2013 02 26 09 2 15
2013 02 26 09 2 15
2013 02 26 09 2 15
2013 02 26 09 2 15
2013 02 26 09 2 10
2013 02 26 09 2 10
2013 02 25 09 1 14
2013 02 24 08 7 16
2013 02 24 08 7 04
2013 02 24 08 7 15
2013 02 23 08 6 18
2013 02 23 08 6 18
2013 02 23 08 6 18
2013 02 23 08 6 18
2013 02 23 08 6 17
2013 02 23 08 6 17
2013 02 23 08 6 17
2013 02 23 08 6 16
2013 02 23 08 6 16
2013 02 23 08 6 16
2013 02 23 08 6 16
2013 02 23 08 6 15
2013 02 23 08 6 14
2013 02 23 08 6 10
2013 02 23 08 6 10
2013 02 23 08 6 10
2013 02 21 08 4 17
2013 02 21 08 4 12
2013 02 20 08 3 16
2013 02 20 08 3 16
2013 02 20 08 3 16
2013 02 20 08 3 16
2013 02 20 08 3 16
2013 02 19 08 2 15
2013 02 19 08 2 09
2013 02 19 08 2 09
2013 02 19 08 2 09
2013 02 17 07 7 03
2013 02 17 07 7 03
2013 02 16 07 6 09
2013 02 16 07 6 09
2013 02 16 07 6 09
2013 02 16 07 6 09
2013 02 08 06 5 04
2013 02 08 06 5 03
2013 02 07 06 4 16
2013 02 07 06 4 14
2013 02 07 06 4 11
2013 02 07 06 4 11
2013 02 07 06 4 11
2013 02 07 06 4 11
2013 02 07 06 4 03
2013 02 07 06 4 03
2013 02 07 06 4 03
2013 02 07 06 4 02
2013 02 05 06 2 08
2013 02 05 06 2 08
2013 02 05 06 2 08
2013 02 05 06 2 07
2013 02 05 06 2 07
2013 02 05 06 2 04
2013 02 05 06 2 04
2013 02 04 06 1 17
2013 02 04 06 1 17
2013 02 04 06 1 17
2013 02 04 06 1 17
2013 02 04 06 1 17
2013 02 04 06 1 16
2013 02 04 06 1 16
2013 02 04 06 1 16
2013 02 04 06 1 16
2013 02 04 06 1 11
2013 02 04 06 1 11
2013 02 03 05 7 03
2013 02 03 05 7 03
2013 02 03 05 7 03
2013 02 03 05 7 03
2013 02 02 05 6 18
2013 02 02 05 6 18
2013 02 02 05 6 17
2013 02 02 05 6 17
2013 02 02 05 6 17
2013 02 02 05 6 09
2013 02 02 05 6 09
2013 02 02 05 6 09
2013 02 01 05 5 15
2013 02 01 05 5 14
2013 02 01 05 5 14
2013 02 01 05 5 13
2013 01 30 05 3 03
2013 01 29 05 2 07
2013 01 28 05 1 03
2013 01 28 05 1 02
2013 01 27 04 7 17
2013 01 27 04 7 17
2013 01 27 04 7 15
2013 01 27 04 7 15
2013 01 27 04 7 15
2013 01 27 04 7 14
2013 01 27 04 7 10
2013 01 27 04 7 10
2013 01 27 04 7 10
2013 01 27 04 7 10
2013 01 27 04 7 09
2013 01 27 04 7 09
2013 01 27 04 7 08
2013 01 27 04 7 08
2013 01 27 04 7 08
2013 01 27 04 7 08
2013 01 25 04 5 17
2013 01 25 04 5 17
2013 01 25 04 5 10
2013 01 25 04 5 10
2013 01 25 04 5 10
2013 01 25 04 5 10
2013 01 25 04 5 10
2013 01 25 04 5 10
2013 01 25 04 5 10
2013 01 25 04 5 10
2013 01 25 04 5 10
2013 01 25 04 5 10
2013 01 25 04 5 10
2013 01 25 04 5 09
2013 01 25 04 5 08
2013 01 25 04 5 08
2013 01 25 04 5 08
2013 01 25 04 5 08
2013 01 25 04 5 08
2013 01 25 04 5 05
2013 01 25 04 5 04
2013 01 25 04 5 04
2013 01 25 04 5 04
2013 01 25 04 5 04
2013 01 25 04 5 03
2013 01 24 04 4 11
2013 01 24 04 4 11
2013 01 24 04 4 11
2013 01 24 04 4 03
2013 01 24 04 4 03
2013 01 24 04 4 03
2013 01 24 04 4 02
2013 01 23 04 3 18
2013 01 23 04 3 18
2013 01 23 04 3 18
2013 01 23 04 3 18
2013 01 23 04 3 17
2013 01 23 04 3 17
2013 01 23 04 3 17
2013 01 23 04 3 17
2013 01 23 04 3 16
2013 01 23 04 3 16
2013 01 23 04 3 16
2013 01 23 04 3 15
2013 01 23 04 3 15
2013 01 23 04 3 15
2013 01 23 04 3 14
2013 01 23 04 3 14
2013 01 23 04 3 11
2013 01 23 04 3 11
2013 01 23 04 3 02
2013 01 23 04 3 02
2013 01 22 04 2 16
2013 01 22 04 2 16
2013 01 22 04 2 16
2013 01 22 04 2 15
2013 01 22 04 2 15
2013 01 22 04 2 14
2013 01 22 04 2 05
2013 01 22 04 2 04
2013 01 22 04 2 03
2013 01 22 04 2 03
2013 01 21 04 1 11
2013 01 21 04 1 11
2013 01 21 04 1 07
2013 01 21 04 1 07
2013 01 21 04 1 06
2013 01 21 04 1 05
2013 01 21 04 1 05
2013 01 21 04 1 04
2013 01 21 04 1 04
2013 01 21 04 1 04
2013 01 21 04 1 03
2013 01 21 04 1 03
2013 01 21 04 1 03
2013 01 21 04 1 03
2013 01 21 04 1 03
2013 01 21 04 1 02
2013 01 20 03 7 17
2013 01 20 03 7 16
2013 01 20 03 7 11
2013 01 20 03 7 11
2013 01 20 03 7 10
2013 01 20 03 7 02
2013 01 19 03 6 18
2013 01 19 03 6 18
2013 01 19 03 6 17
2013 01 19 03 6 13
2013 01 19 03 6 14
2013 01 19 03 6 14
2013 01 18 03 5 16
2013 01 18 03 5 16
2013 01 18 03 5 15
2013 01 18 03 5 15
2013 01 18 03 5 11
2013 01 18 03 5 11
2013 01 18 03 5 11
2013 01 17 03 4 09
2013 01 17 03 4 09
2013 01 17 03 4 09
2013 01 17 03 4 08
2013 01 18 03 5 06
2013 01 17 03 4 11
2013 01 17 03 4 11
2013 01 17 03 4 11
2013 01 17 03 4 11
2013 01 17 03 4 11
2013 01 17 03 4 09
2013 01 17 03 4 09
2013 01 17 03 4 08
2013 01 16 03 3 13
2013 01 16 03 3 13
2013 01 16 03 3 10
2013 01 16 03 3 08
2013 01 16 03 3 07
2013 01 16 03 3 07
2013 01 16 03 3 07
2013 01 16 03 3 07
2013 01 16 03 3 05
2013 01 16 03 3 05
2013 01 16 03 3 05
2013 01 16 03 3 04
2013 01 15 03 2 18
2013 01 15 03 2 16
2013 01 15 03 2 10
2013 01 15 03 2 07
2013 01 15 03 2 07
2013 01 13 02 7 10
2013 01 13 02 7 10
2013 01 13 02 7 03
2013 01 12 02 6 18
2013 01 12 02 6 18
2013 01 12 02 6 17
2013 01 12 02 6 17
2013 01 12 02 6 17
2013 01 12 02 6 17
2013 01 12 02 6 17
2013 01 12 02 6 15
2013 01 12 02 6 05
2013 01 12 02 6 05
2013 01 12 02 6 04
2013 01 12 02 6 04
2013 01 12 02 6 04
2013 01 12 02 6 04
2013 01 12 02 6 04
2013 01 12 02 6 04
2013 01 12 02 6 03
2013 01 12 02 6 03
2013 01 12 02 6 03
2013 01 12 02 6 03
2013 01 12 02 6 03
2013 01 11 02 5 18
2013 01 11 02 5 18
2013 01 11 02 5 18
2013 01 11 02 5 18
2013 01 11 02 5 18
2013 01 11 02 5 06
2013 01 10 02 4 17
2013 01 11 02 5 17
2013 01 11 02 5 17
2013 01 11 02 5 17
2013 01 11 02 5 17
2013 01 11 02 5 17
2013 01 11 02 5 16
2013 01 11 02 5 12
2013 01 11 02 5 12
2013 01 11 02 5 12
2013 01 11 02 5 07
2013 01 11 02 5 06
2013 01 11 02 5 06
2013 01 11 02 5 06
2013 01 11 02 5 06
2013 01 10 02 4 17
2013 01 10 02 4 17
2013 01 10 02 4 17
2013 01 10 02 4 16
2013 01 10 02 4 16
2013 01 10 02 4 16
2013 01 10 02 4 16
2013 01 10 02 4 16
2013 01 10 02 4 10
2013 01 10 02 4 10
2013 01 10 02 4 10
2013 01 10 02 4 10
2013 01 10 02 4 10
2013 01 10 02 4 10
2013 01 10 02 4 10
2013 01 10 02 4 10
2013 01 10 02 4 09
2013 01 10 02 4 09
2013 01 10 02 4 09
2013 01 10 02 4 09
2013 01 10 02 4 09
2013 01 10 02 4 09
2013 01 10 02 4 09
2013 01 10 02 4 09
2013 01 10 02 4 09
2013 01 10 02 4 09
2013 01 10 02 4 09
2013 01 10 02 4 09
2013 01 10 02 4 09
2013 01 09 02 3 17
2013 01 09 02 3 17
2013 01 09 02 3 17
2013 01 09 02 3 17
2013 01 09 02 3 16
2013 01 09 02 3 15
2013 01 09 02 3 15
2013 01 09 02 3 14
2013 01 09 02 3 14
2013 01 09 02 3 13
2013 01 09 02 3 11
2013 01 09 02 3 11
2013 01 09 02 3 11
2013 01 09 02 3 10
2013 01 09 02 3 10
2013 01 09 02 3 10
2013 01 09 02 3 10
2013 01 09 02 3 10
2013 01 09 02 3 09
2013 01 09 02 3 09
2013 01 09 02 3 09
2013 01 09 02 3 09
2013 01 09 02 3 07
2013 01 09 02 3 07
2013 01 09 02 3 05
2013 01 09 02 3 05
2013 01 09 02 3 05
2013 01 09 02 3 05
2013 01 09 02 3 05
2013 01 09 02 3 05
2013 01 09 02 3 05
2013 01 09 02 3 05
2013 01 09 02 3 05
2013 01 09 02 3 04
2013 01 09 02 3 04
2013 01 09 02 3 04
2013 01 09 02 3 04
2013 01 09 02 3 04
2013 01 09 02 3 04
2013 01 09 02 3 03
2013 01 08 02 2 18
2013 01 08 02 2 18
2013 01 08 02 2 15
2012 12 13 50 4 09
2013 01 08 02 2 13
2013 01 07 02 1 11
2013 01 07 02 1 11
2013 01 07 02 1 11
2013 01 07 02 1 10
2013 01 07 02 1 10
2013 01 07 02 1 10
2013 01 07 02 1 10
2013 01 07 02 1 05
2013 01 07 02 1 04
2013 01 07 02 1 05
2013 01 07 02 1 05
2013 01 07 02 1 05
2013 01 07 02 1 04
2013 01 07 02 1 04
2013 01 07 02 1 04
2013 01 07 02 1 04
2013 01 06 01 7 17
2013 01 06 01 7 17
2013 01 06 01 7 15
2013 01 06 01 7 12
2013 01 06 01 7 12
2013 01 06 01 7 11
2013 01 06 01 7 10
2013 01 06 01 7 04
2013 01 06 01 7 04
2013 01 06 01 7 04
2013 01 05 01 6 12
2013 01 05 01 6 04
2013 01 05 01 6 04
2013 01 05 01 6 04
2013 01 05 01 6 04
2013 01 04 01 5 15
2013 01 04 01 5 15
2013 01 04 01 5 11
2013 01 04 01 5 10
2013 01 04 01 5 10
2013 01 04 01 5 08
2013 01 04 01 5 08
2013 01 04 01 5 08
2013 01 04 01 5 08
2013 01 04 01 5 08
2013 01 04 01 5 08
2013 01 04 01 5 07
2013 01 04 01 5 07
2013 01 04 01 5 07
2013 01 04 01 5 07
2013 01 03 01 4 18
2013 01 03 01 4 17
2013 01 03 01 4 08
2013 01 03 01 4 08
2013 01 03 01 4 08
2013 01 03 01 4 08
2012 12 27 52 4 06
2012 12 27 52 4 06
2012 12 27 52 4 06
2012 12 27 52 4 06
2012 12 26 52 3 17
2012 12 26 52 3 17
2012 12 26 52 3 16
2012 12 26 52 3 16
2012 12 26 52 3 15
2012 12 26 52 3 15
2012 12 24 52 1 16
2012 12 20 51 4 14
2012 12 20 51 4 11
2012 12 20 51 4 11
2012 12 20 51 4 11
2012 12 20 51 4 10
2012 12 20 51 4 10
2012 12 20 51 4 10
2012 12 20 51 4 10
2012 12 20 51 4 10
2012 12 20 51 4 09
2012 12 20 51 4 09
2012 12 20 51 4 09
2012 12 18 51 2 17
2012 12 18 51 2 17
2012 12 18 51 2 17
2012 12 18 51 2 17
2012 12 18 51 2 17
2012 12 18 51 2 17
2012 12 18 51 2 17
2012 12 17 51 1 17
2012 12 17 51 1 17
2012 12 17 51 1 17
2012 12 17 51 1 17
2012 12 17 51 1 16
2012 12 17 51 1 16
2012 12 16 50 7 15
2012 12 16 50 7 15
2012 12 16 50 7 15
2012 12 16 50 7 10
2012 12 16 50 7 10
2012 12 16 50 7 10
2012 12 16 50 7 10
2012 12 16 50 7 09
2012 12 16 50 7 08
2012 12 16 50 7 08
2012 12 16 50 7 06
2012 12 16 50 7 06
2012 12 16 50 7 06
2012 12 16 50 7 04
2012 12 16 50 7 03
2012 12 16 50 7 03
2012 12 16 50 7 03
2012 12 16 50 7 03
2012 12 16 50 7 03
2012 12 16 50 7 02
2012 12 15 50 6 18
2012 12 15 50 6 17
2012 12 15 50 6 11
2012 12 15 50 6 11
2012 12 15 50 6 09
2012 12 15 50 6 08
2012 12 15 50 6 08
2012 12 15 50 6 08
2012 12 15 50 6 08
2012 12 15 50 6 05
2012 12 15 50 6 05
2012 12 15 50 6 05
2012 12 14 50 5 12
2012 12 13 50 4 17
2012 12 13 50 4 17
2012 12 13 50 4 16
2012 12 13 50 4 16
2012 12 13 50 4 16
2012 12 13 50 4 16
2012 12 13 50 4 16
2012 12 13 50 4 11
2012 12 13 50 4 09
2012 12 13 50 4 08
2012 12 13 50 4 08
2012 12 13 50 4 08
2012 12 13 50 4 08
2012 12 12 50 3 18
2012 12 12 50 3 18
2012 12 12 50 3 17
2012 12 12 50 3 17
2012 12 12 50 3 17
2012 12 12 50 3 12
2012 12 07 49 5 13
2012 12 07 49 5 13
2012 12 07 49 5 11
2012 12 07 49 5 11
2012 12 07 49 5 11
2012 12 06 49 4 16
2012 12 06 49 4 12
2012 12 06 49 4 11
2012 12 06 49 4 11
2012 12 06 49 4 11
2012 12 06 49 4 11
2012 12 06 49 4 11
2012 12 06 49 4 10
2012 12 06 49 4 09
2012 12 06 49 4 09
2012 12 06 49 4 09
2012 12 06 49 4 09
2012 12 06 49 4 09
2012 12 06 49 4 08
2012 12 04 49 2 10
2012 12 04 49 2 10
2012 12 04 49 2 08
2012 12 04 49 2 08
2012 12 03 49 1 15
2012 12 02 48 7 16
2012 12 02 48 7 16
2012 12 02 48 7 15
2012 12 02 48 7 10
2012 12 02 48 7 10
2012 12 01 48 6 12
2012 12 01 48 6 11
2012 12 01 48 6 11
2012 11 20 47 2 11
2012 11 20 47 2 06
2012 11 20 47 2 06
2012 11 20 47 2 06
2012 11 18 46 7 08
2012 11 18 46 7 07
2012 11 18 46 7 07
2012 11 16 46 5 12
2012 11 15 46 4 13
2012 11 15 46 4 13
2012 11 15 46 4 11
2012 11 14 46 3 12
2012 11 13 46 2 17
2012 11 13 46 2 16
2012 11 13 46 2 16
2012 11 13 46 2 15
2012 11 12 46 1 11
2012 11 12 46 1 09
2012 11 12 46 1 09
2012 11 12 46 1 09
2012 11 11 45 7 16
2012 11 11 45 7 11
2012 11 11 45 7 11
2012 11 11 45 7 11
2012 11 11 45 7 11
2012 11 08 45 4 17
2012 11 08 45 4 17
2012 11 07 45 3 19
2012 11 05 45 1 11
2012 11 05 45 1 11
2012 11 04 44 7 12
2012 11 04 44 7 12
2012 11 04 44 7 12
2012 11 04 44 7 10
2012 11 03 44 6 13
2012 11 03 44 6 13
2012 11 03 44 6 13
2012 11 03 44 6 13
2012 11 03 44 6 04
2012 11 02 44 5 15
2012 11 02 44 5 15
2012 11 02 44 5 15
2012 11 02 44 5 11
2012 11 02 44 5 11
2012 11 02 44 5 10
2012 11 02 44 5 10
2012 11 02 44 5 10
2012 10 30 44 2 18
2012 10 30 44 2 18
2012 10 30 44 2 17
2012 10 30 44 2 17
2012 10 28 43 7 16
2012 10 28 43 7 16
2012 10 28 43 7 16
2012 10 28 43 7 16
2012 10 28 43 7 15
2012 10 28 43 7 14
2012 10 28 43 7 14
2012 10 28 43 7 14
2012 10 28 43 7 14
2012 10 28 43 7 10
2012 10 28 43 7 10
2012 10 28 43 7 10
2012 10 28 43 7 02
2012 10 27 43 6 16
2012 10 27 43 6 15
2012 10 27 43 6 12
2012 10 27 43 6 12
2012 10 27 43 6 12
2012 10 27 43 6 12
2012 10 25 43 4 18
2012 10 25 43 4 18
2012 10 25 43 4 18
2012 10 25 43 4 11
2012 10 25 43 4 10
2012 10 25 43 4 10
2012 10 25 43 4 10
2012 10 25 43 4 09
2012 10 24 43 3 03
2012 10 23 43 2 16
2012 10 23 43 2 16
2012 10 23 43 2 12
2012 10 23 43 2 10
2012 10 23 43 2 10
2012 10 23 43 2 10
2012 10 23 43 2 10
2012 10 23 43 2 10
2012 10 23 43 2 09
2012 10 23 43 2 09
2012 10 23 43 2 09
2012 10 23 43 2 09
2012 10 23 43 2 09
2012 10 23 43 2 09
2012 10 23 43 2 09
2012 10 23 43 2 08
2012 10 23 43 2 08
2012 10 23 43 2 08
2012 10 23 43 2 08
2012 10 22 43 1 18
2012 10 22 43 1 18
2012 10 22 43 1 18
2012 10 22 43 1 17
2012 10 22 43 1 17
2012 10 22 43 1 17
2012 10 21 42 7 05
2012 10 21 42 7 04
2012 10 21 42 7 04
2012 10 21 42 7 04
2012 10 20 42 6 12
2012 10 20 42 6 11
2012 10 20 42 6 11
2012 10 20 42 6 11
2012 10 20 42 6 11
2012 10 20 42 6 10
2012 10 18 42 4 17
2012 10 18 42 4 17
2012 10 18 42 4 17
2012 10 18 42 4 17
2012 10 18 42 4 17
2012 10 18 42 4 17
2012 10 18 42 4 16
2012 10 18 42 4 16
2012 10 18 42 4 15
2012 10 18 42 4 12
2012 10 18 42 4 12
2012 10 18 42 4 12
2012 10 18 42 4 12
2012 10 18 42 4 12
2012 10 18 42 4 12
2012 10 18 42 4 09
2012 10 18 42 4 09
2012 10 18 42 4 09
2012 10 18 42 4 08
2012 10 18 42 4 08
2012 10 17 42 3 18
2012 10 17 42 3 18
2012 10 17 42 3 18
2012 10 17 42 3 18
2012 10 17 42 3 18
2012 10 17 42 3 18
2012 10 17 42 3 18
2012 10 17 42 3 18
2012 10 17 42 3 18
2012 10 17 42 3 18
2012 10 17 42 3 18
2012 10 17 42 3 18
2012 10 17 42 3 18
2012 10 17 42 3 18
2012 10 14 41 7 03
2012 10 14 41 7 03
2012 10 14 41 7 02
2012 10 14 41 7 02
2012 10 14 41 7 02
2012 10 13 41 6 18
2012 10 13 41 6 18
2012 10 13 41 6 18
2012 10 13 41 6 18
2012 10 13 41 6 18
2012 10 13 41 6 18
2012 10 13 41 6 18
2012 10 13 41 6 18
2012 10 13 41 6 16
2012 10 13 41 6 16
2012 10 13 41 6 16
2012 10 13 41 6 16
2012 10 13 41 6 16
2012 10 13 41 6 16
2012 10 13 41 6 16
2012 10 13 41 6 16
2012 10 12 41 5 12
2012 10 12 41 5 12
2012 10 12 41 5 11
2012 10 12 41 5 11
2012 10 12 41 5 12
2012 10 12 41 5 11
2012 10 11 41 4 09
2012 10 11 41 4 09
2012 10 11 41 4 08
2012 10 10 41 3 18
2012 10 10 41 3 17
2012 10 10 41 3 17
2012 10 10 41 3 16
2012 10 10 41 3 16
2012 10 10 41 3 16
2012 10 10 41 3 04
2012 10 10 41 3 04
2012 10 09 41 2 18
2012 10 09 41 2 18
2012 10 09 41 2 18
2012 10 09 41 2 18
2012 10 09 41 2 18
2012 10 09 41 2 18
2012 10 09 41 2 18
2012 10 09 41 2 17
2012 10 09 41 2 17
2012 10 09 41 2 17
2012 10 09 41 2 17
2012 10 09 41 2 11
2012 10 09 41 2 11
2012 10 09 41 2 11
2012 10 09 41 2 11
2012 10 09 41 2 11
2012 10 09 41 2 11
2012 10 09 41 2 11
2012 10 09 41 2 11
2012 10 09 41 2 11
2012 10 09 41 2 10
2012 10 09 41 2 10
2012 10 09 41 2 10
2012 10 09 41 2 10
2012 10 07 40 7 11
2012 10 07 40 7 11
2012 10 07 40 7 11
2012 10 07 40 7 11
2012 10 07 40 7 11
2012 10 07 40 7 11
2012 10 07 40 7 11
2012 10 07 40 7 11
2012 10 07 40 7 11
2012 10 07 40 7 09
2012 10 07 40 7 08
2012 10 07 40 7 08
2012 10 07 40 7 05
2012 10 07 40 7 05
2012 10 07 40 7 04
2012 10 07 40 7 04
2012 10 07 40 7 04
2012 10 07 40 7 04
2012 10 07 40 7 04
2012 10 07 40 7 03
2012 10 07 40 7 03
2012 10 07 40 7 03
2012 10 07 40 7 03
2012 10 07 40 7 03
2012 10 07 40 7 03
2012 10 07 40 7 03
2012 10 06 40 6 20
2012 10 06 40 6 20
2012 10 06 40 6 19
2012 10 06 40 6 18
2012 10 06 40 6 15
2012 10 06 40 6 15
2012 10 06 40 6 15
2012 10 06 40 6 15
2012 10 06 40 6 11
2012 10 06 40 6 10
2012 10 06 40 6 10
2012 10 06 40 6 09
2012 10 06 40 6 09
2012 10 06 40 6 09
2012 10 06 40 6 05
2012 10 06 40 6 05
2012 10 05 40 5 12
2012 10 05 40 5 11
2012 10 05 40 5 11
2012 10 05 40 5 11
2012 10 04 40 4 16
2012 10 04 40 4 15
2012 10 04 40 4 15
2012 10 04 40 4 15
2012 10 04 40 4 11
2012 10 04 40 4 11
2012 10 04 40 4 10
2012 10 04 40 4 10
2012 10 04 40 4 09
2012 10 04 40 4 09
2012 10 04 40 4 08
2012 10 04 40 4 08
2012 10 04 40 4 08
2012 10 03 40 3 18
2012 10 03 40 3 18
2012 10 03 40 3 18
2012 10 03 40 3 17
2012 10 02 40 2 17
2012 10 02 40 2 17
2012 10 02 40 2 17
2012 10 02 40 2 17
2012 10 02 40 2 17
2012 10 02 40 2 17
2012 10 02 40 2 17
2012 10 02 40 2 17
2012 09 29 39 6 17
2012 09 29 39 6 17
2012 09 27 39 4 08
2012 09 27 39 4 07
2012 09 27 39 4 07
2012 09 27 39 4 07
2012 09 25 39 2 18
2012 09 25 39 2 17
2012 09 25 39 2 09
2012 09 25 39 2 09
2012 09 25 39 2 09
2012 09 25 39 2 08
2012 09 25 39 2 07
2012 09 24 39 1 18
2012 09 24 39 1 18
2012 09 24 39 1 17
2012 09 24 39 1 17
2012 09 24 39 1 12
2012 09 24 39 1 12
2012 09 24 39 1 12
2012 09 24 39 1 12
2012 09 23 38 7 17
2012 09 23 38 7 17
2012 09 23 38 7 17
2012 09 13 37 4 11
2012 09 13 37 4 11
2012 09 13 37 4 11
2012 09 13 37 4 11
