
2016 01 01 53 5 11
2015 09 20 38 7 18
2015 07 02 27 4 20
2015 09 09 37 3 02
2015 09 03 36 4 04
2015 11 23 48 1 20
2015 11 25 48 3 23
2015 12 30 53 3 12
2015 12 30 53 3 01
2015 12 24 52 4 23
2015 12 24 52 4 22
2015 12 24 52 4 23
2015 12 23 52 3 11
2015 12 24 52 4 15
2015 12 04 49 5 14
2015 12 22 52 2 01
2015 12 23 52 3 17
2015 12 23 52 3 11
2015 12 23 52 3 00
2015 12 22 52 2 22
2015 12 22 52 2 21
2015 12 22 52 2 01
2015 12 22 52 2 01
2015 12 21 52 1 21
2015 12 21 52 1 20
2015 12 21 52 1 20
2015 12 21 52 1 20
2015 12 21 52 1 20
2015 12 21 52 1 19
2015 12 21 52 1 08
2015 12 20 51 7 21
2015 12 19 51 6 22
2015 12 19 51 6 20
2015 12 19 51 6 15
2015 12 19 51 6 14
2015 11 28 48 6 15
2015 12 19 51 6 13
2015 12 19 51 6 13
2015 12 19 51 6 12
2015 12 17 51 4 16
2015 12 18 51 5 23
2015 12 18 51 5 23
2015 12 18 51 5 16
2015 12 18 51 5 16
2015 12 18 51 5 15
2015 12 18 51 5 15
2015 12 18 51 5 09
2015 12 18 51 5 09
2015 12 17 51 4 15
2015 12 17 51 4 04
2015 12 17 51 4 04
2015 12 17 51 4 03
2015 12 17 51 4 02
2015 12 16 51 3 17
2015 12 16 51 3 07
2015 12 14 51 1 04
2015 12 12 50 6 19
2015 12 12 50 6 19
2015 12 14 51 1 15
2015 12 13 50 7 13
2015 12 12 50 6 22
2015 12 10 50 4 21
2015 12 11 50 5 18
2015 12 09 50 3 08
2015 12 09 50 3 17
2015 12 11 50 5 17
2015 12 09 50 3 16
2015 12 08 50 2 21
2015 12 10 50 4 23
2015 12 08 50 2 23
2015 12 08 50 2 22
2015 12 08 50 2 22
2015 12 08 50 2 21
2015 12 08 50 2 19
2015 12 07 50 1 21
2015 12 07 50 1 19
2015 12 07 50 1 07
2015 12 02 49 3 23
2015 12 04 49 5 02
2015 12 04 49 5 02
2015 12 03 49 4 20
2015 12 03 49 4 12
2015 12 03 49 4 07
2015 12 02 49 3 20
2015 12 03 49 4 08
2015 12 02 49 3 23
2015 12 02 49 3 23
2015 12 02 49 3 21
2015 11 25 48 3 16
2015 12 02 49 3 19
2015 12 02 49 3 16
2015 12 02 49 3 11
2015 12 02 49 3 10
2015 12 02 49 3 11
2015 12 02 49 3 10
2015 12 02 49 3 05
2015 12 02 49 3 05
2015 12 01 49 2 18
2015 12 01 49 2 17
2015 12 01 49 2 15
2015 12 01 49 2 08
2015 11 28 48 6 20
2015 11 30 49 1 20
2015 11 30 49 1 10
2015 11 30 49 1 08
2015 11 30 49 1 07
2015 11 24 48 2 22
2015 11 30 49 1 05
2015 11 30 49 1 03
2015 11 28 48 6 15
2015 11 28 48 6 05
2015 11 27 48 5 15
2015 11 27 48 5 15
2015 11 27 48 5 15
2015 11 24 48 2 12
2015 11 25 48 3 23
2015 11 25 48 3 23
2015 11 25 48 3 15
2015 11 25 48 3 15
2015 11 25 48 3 14
2015 11 25 48 3 01
2015 11 24 48 2 22
2015 11 24 48 2 21
2015 11 24 48 2 20
2015 11 23 48 1 19
2015 11 20 47 5 20
2015 11 20 47 5 19
2015 11 20 47 5 18
2015 11 20 47 5 18
2015 11 20 47 5 18
2015 11 20 47 5 18
2015 11 24 48 2 06
2015 11 24 48 2 04
2015 11 23 48 1 22
2015 07 09 28 4 03
2015 10 17 42 6 05
2015 11 03 45 2 20
2015 11 21 47 6 01
2015 11 23 48 1 16
2015 11 23 48 1 16
2015 11 22 47 7 17
2015 11 22 47 7 17
2015 11 21 47 6 23
2015 11 21 47 6 21
2015 11 21 47 6 20
2015 11 21 47 6 14
2015 11 11 46 3 04
2015 11 02 45 1 20
2015 11 15 46 7 20
2015 11 20 47 5 22
2015 11 20 47 5 22
2015 11 20 47 5 20
2015 11 20 47 5 20
2015 11 15 46 7 21
2015 11 20 47 5 19
2015 11 20 47 5 19
2015 11 20 47 5 16
2015 11 20 47 5 00
2015 11 20 47 5 08
2015 11 20 47 5 16
2015 11 20 47 5 11
2015 11 19 47 4 20
2015 11 19 47 4 19
2015 11 18 47 3 23
2015 11 18 47 3 22
2015 10 20 43 2 20
2015 11 17 47 2 06
2015 11 17 47 2 03
2015 11 17 47 2 03
2015 11 17 47 2 03
2015 11 17 47 2 03
2015 11 16 47 1 15
2015 11 16 47 1 14
2015 11 16 47 1 14
2015 11 16 47 1 14
2015 11 16 47 1 09
2015 11 15 46 7 20
2015 11 15 46 7 17
2015 11 15 46 7 17
2015 11 11 46 3 13
2015 11 12 46 4 17
2015 11 12 46 4 16
2015 11 14 46 6 16
2015 11 13 46 5 21
2015 11 13 46 5 13
2015 11 11 46 3 13
2015 11 11 46 3 13
2015 11 11 46 3 07
2015 11 12 46 4 16
2015 11 11 46 3 22
2015 11 10 46 2 01
2015 11 10 46 2 21
2015 11 10 46 2 14
2015 11 10 46 2 05
2015 11 10 46 2 05
2015 11 09 46 1 21
2015 11 05 45 4 11
2015 11 07 45 6 01
2015 11 05 45 4 00
2015 10 19 43 1 13
2015 11 01 44 7 07
2015 11 02 45 1 17
2015 10 31 44 6 17
2015 10 28 44 3 15
2015 10 28 44 3 02
2015 10 27 44 2 22
2015 10 27 44 2 09
2015 10 24 43 6 16
2015 10 24 43 6 10
2015 10 23 43 5 18
2015 10 23 43 5 13
2015 10 19 43 1 13
2015 10 30 44 5 21
2015 10 30 44 5 21
2015 08 06 32 4 00
2015 10 21 43 3 10
2015 10 20 43 2 23
2015 10 20 43 2 21
2015 10 20 43 2 00
2015 10 18 42 7 10
2015 10 17 42 6 14
2015 10 17 42 6 14
2015 09 25 39 5 23
2015 10 15 42 4 09
2015 10 16 42 5 23
2015 10 16 42 5 23
2015 10 16 42 5 23
2015 10 15 42 4 08
2015 10 14 42 3 09
2015 10 14 42 3 20
2015 10 14 42 3 23
2015 10 14 42 3 23
2015 10 15 42 4 10
2015 10 14 42 3 21
2015 10 12 42 1 17
2015 10 06 41 2 21
2015 10 12 42 1 21
2015 10 12 42 1 20
2015 10 12 42 1 06
2015 10 12 42 1 06
2015 10 12 42 1 05
2015 10 10 41 6 18
2015 10 10 41 6 10
2015 10 09 41 5 18
2015 10 02 40 5 17
2015 10 08 41 4 16
2015 10 07 41 3 00
2015 10 07 41 3 21
2015 09 03 36 4 12
2015 10 06 41 2 18
2015 10 06 41 2 14
2015 09 07 37 1 20
2015 10 01 40 4 11
2015 10 05 41 1 17
2015 10 05 41 1 20
2015 10 05 41 1 11
2015 10 04 40 7 23
2015 10 04 40 7 20
2015 10 01 40 4 03
2015 10 02 40 5 11
2015 10 02 40 5 06
2015 09 27 39 7 19
2015 09 28 40 1 23
2015 09 28 40 1 23
2015 09 30 40 3 05
2015 09 25 39 5 21
2015 09 12 37 6 21
2015 09 23 39 3 06
2015 09 22 39 2 05
2015 09 23 39 3 09
2015 09 22 39 2 13
2015 09 22 39 2 22
2015 09 22 39 2 22
2015 09 22 39 2 22
2015 09 21 39 1 03
2015 09 21 39 1 01
2015 09 21 39 1 01
2015 09 19 38 6 19
2015 09 19 38 6 03
2015 09 16 38 3 07
2015 09 16 38 3 07
2015 09 16 38 3 05
2015 09 15 38 2 20
2015 09 15 38 2 14
2015 09 02 36 3 21
2015 09 14 38 1 22
2015 09 11 37 5 11
2015 09 14 38 1 22
2015 09 14 38 1 20
2015 09 14 38 1 20
2015 09 14 38 1 20
2015 09 14 38 1 17
2015 09 13 37 7 14
2015 09 09 37 3 07
2015 09 09 37 3 07
2015 09 09 37 3 07
2015 09 12 37 6 19
2015 09 12 37 6 12
2015 09 03 36 4 12
2015 09 10 37 4 11
2015 09 09 37 3 06
2015 09 09 37 3 06
2015 09 09 37 3 01
2015 09 09 37 3 04
2015 09 07 37 1 09
2015 09 06 36 7 20
2015 09 06 36 7 20
2015 09 05 36 6 15
2015 09 04 36 5 13
2015 09 04 36 5 11
2015 09 08 37 2 17
2015 08 26 35 3 23
2015 08 26 35 3 22
2015 08 24 35 1 13
2015 08 24 35 1 21
2015 08 21 34 5 16
2015 09 01 36 2 20
2015 09 01 36 2 14
2015 08 31 36 1 00
2015 08 02 31 7 08
2015 08 26 35 3 21
2015 08 23 34 7 15
2015 08 23 34 7 14
2015 08 16 33 7 05
2015 08 15 33 6 17
2015 08 21 34 5 09
2015 08 20 34 4 22
2015 08 19 34 3 03
2015 08 13 33 4 20
2015 08 19 34 3 08
2015 08 15 33 6 15
2015 08 14 33 5 10
2015 08 11 33 2 04
2015 08 10 33 1 02
2015 08 06 32 4 23
2015 08 08 32 6 06
2015 08 08 32 6 06
2015 08 06 32 4 07
2015 08 06 32 4 07
2015 08 08 32 6 22
2015 08 08 32 6 22
2015 08 08 32 6 09
2015 08 06 32 4 02
2015 08 06 32 4 01
2015 08 08 32 6 07
2015 08 03 32 1 06
2015 08 01 31 6 23
2015 08 07 32 5 20
2015 08 07 32 5 20
2015 08 07 32 5 20
2015 08 07 32 5 19
2015 08 07 32 5 14
2015 08 07 32 5 14
2015 08 07 32 5 13
2015 08 06 32 4 19
2015 08 07 32 5 08
2015 08 06 32 4 22
2015 08 06 32 4 22
2015 08 06 32 4 00
2015 08 05 32 3 18
2015 08 04 32 2 21
2015 08 04 32 2 21
2015 08 04 32 2 20
2015 08 04 32 2 20
2015 08 04 32 2 19
2015 08 04 32 2 11
2015 08 04 32 2 10
2015 08 03 32 1 16
2015 08 02 31 7 07
2015 08 02 31 7 07
2015 08 01 31 6 19
2015 07 31 31 5 13
2015 07 30 31 4 09
2015 07 29 31 3 16
2015 07 29 31 3 01
2015 07 26 30 7 15
2015 06 26 26 5 12
2015 07 18 29 6 15
2015 06 02 23 2 02
2015 07 25 30 6 17
2015 07 25 30 6 17
2015 07 25 30 6 16
2015 07 13 29 1 22
2015 07 24 30 5 11
2015 07 13 29 1 11
2015 07 24 30 5 11
2015 07 10 28 5 16
2015 07 21 30 2 00
2015 07 21 30 2 12
2015 07 24 30 5 00
2015 07 23 30 4 12
2015 07 21 30 2 01
2015 07 21 30 2 21
2015 07 21 30 2 21
2015 07 21 30 2 20
2015 07 20 30 1 14
2015 07 20 30 1 03
2015 07 18 29 6 02
2015 07 20 30 1 02
2015 07 19 29 7 20
2015 07 14 29 2 15
2015 07 17 29 5 15
2015 07 18 29 6 12
2015 07 16 29 4 13
2015 07 16 29 4 13
2015 07 13 29 1 22
2015 06 25 26 4 12
2015 07 13 29 1 10
2015 07 12 28 7 19
2015 07 12 28 7 19
2015 07 12 28 7 11
2015 07 12 28 7 11
2015 07 11 28 6 00
2015 07 09 28 4 10
2015 07 09 28 4 05
2015 07 09 28 4 05
2015 07 08 28 3 14
2015 07 08 28 3 12
2015 07 03 27 5 23
2015 07 03 27 5 23
2015 07 05 27 7 13
2015 07 08 28 3 04
2015 07 08 28 3 03
2015 07 02 27 4 16
2015 07 02 27 4 17
2015 07 02 27 4 15
2015 06 27 26 6 19
2015 06 28 26 7 19
2015 06 28 26 7 15
2015 06 28 26 7 15
2015 06 28 26 7 15
2015 06 28 26 7 10
2015 06 24 26 3 04
2015 06 21 25 7 03
2015 06 26 26 5 15
2015 06 19 25 5 15
2015 06 19 25 5 15
2015 06 19 25 5 03
2015 06 25 26 4 11
2015 06 22 26 1 19
2015 06 22 26 1 20
2015 06 16 25 2 01
2015 06 21 25 7 23
2015 06 21 25 7 23
2015 06 21 25 7 22
2015 06 21 25 7 13
2015 06 21 25 7 22
2015 06 21 25 7 15
2015 06 21 25 7 15
2015 06 21 25 7 15
2015 06 21 25 7 15
2015 06 21 25 7 15
2015 06 19 25 5 16
2015 06 17 25 3 16
2015 06 17 25 3 16
2015 06 02 23 2 04
2015 06 02 23 2 04
2015 06 16 25 2 22
2015 06 16 25 2 19
2015 06 07 23 7 08
2015 06 11 24 4 00
2015 06 11 24 4 00
2015 06 10 24 3 23
2015 06 10 24 3 23
2015 06 10 24 3 23
2015 06 13 24 6 10
2015 06 12 24 5 22
2015 06 11 24 4 22
2015 06 11 24 4 22
2015 06 11 24 4 21
2015 06 11 24 4 05
2015 06 11 24 4 00
2015 06 06 23 6 23
2015 06 06 23 6 17
2015 06 06 23 6 20
2015 06 03 23 3 18
2015 06 03 23 3 13
2015 06 03 23 3 13
2015 06 03 23 3 13
2015 05 28 22 4 07
2015 05 31 22 7 20
2015 05 30 22 6 14
2015 05 31 22 7 18
2015 05 24 21 7 15
2015 05 29 22 5 17
2015 05 31 22 7 13
2015 05 31 22 7 13
2015 05 29 22 5 11
2015 05 28 22 4 23
2015 05 28 22 4 03
2015 05 28 22 4 02
2015 05 27 22 3 20
2015 05 27 22 3 11
2015 05 27 22 3 05
2015 05 26 22 2 23
2015 05 26 22 2 22
2015 05 26 22 2 12
2015 05 26 22 2 10
2015 05 25 22 1 21
2015 05 26 22 2 03
2015 05 26 22 2 03
2015 05 25 22 1 17
2015 05 25 22 1 17
2015 05 25 22 1 17
2015 05 25 22 1 17
2015 05 25 22 1 17
2015 05 25 22 1 17
2015 05 25 22 1 17
2015 05 25 22 1 17
2015 05 25 22 1 13
2015 05 25 22 1 12
2015 05 25 22 1 12
2015 05 24 21 7 18
2015 05 24 21 7 04
2015 05 23 21 6 22
2015 05 23 21 6 12
2015 05 22 21 5 23
2015 05 22 21 5 22
2015 05 22 21 5 22
2015 05 22 21 5 22
2015 05 22 21 5 20
2015 05 22 21 5 20
2015 05 22 21 5 19
2015 05 22 21 5 18
2015 05 19 21 2 16
2015 05 21 21 4 23
2015 05 21 21 4 20
2015 05 21 21 4 20
2015 05 21 21 4 13
2015 05 21 21 4 00
2015 05 21 21 4 00
2015 05 20 21 3 08
2015 05 19 21 2 22
2015 05 13 20 3 15
2015 05 17 20 7 15
2015 05 17 20 7 15
2015 04 09 15 4 18
2015 05 09 19 6 12
2015 05 16 20 6 19
2015 05 16 20 6 18
2015 05 16 20 6 18
2015 05 10 19 7 20
2015 05 16 20 6 15
2015 05 12 20 2 08
2015 05 16 20 6 14
2015 05 16 20 6 00
2015 05 15 20 5 17
2015 05 14 20 4 23
2015 05 14 20 4 22
2015 05 14 20 4 23
2015 05 14 20 4 23
2015 05 14 20 4 21
2015 05 12 20 2 19
2015 05 12 20 2 18
2015 05 10 19 7 00
2015 05 12 20 2 18
2015 05 11 20 1 22
2015 05 11 20 1 19
2015 05 11 20 1 18
2015 05 11 20 1 18
2015 05 11 20 1 13
2015 05 11 20 1 12
2015 05 10 19 7 18
2015 05 10 19 7 16
2015 05 10 19 7 15
2015 05 10 19 7 15
2015 05 10 19 7 15
2015 05 10 19 7 13
2015 05 09 19 6 22
2015 05 09 19 6 20
2015 05 09 19 6 08
2015 04 14 16 2 05
2015 04 05 14 7 21
2015 03 31 14 2 07
2015 03 15 11 7 23
2015 01 30 05 5 15
2015 01 06 02 2 18
2015 05 08 19 5 20
2015 04 24 17 5 20
2015 05 07 19 4 22
2015 05 02 18 6 04
2015 04 26 17 7 18
2015 04 26 17 7 18
2015 04 26 17 7 17
2015 04 16 16 4 03
2015 05 07 19 4 02
2015 05 06 19 3 19
2015 05 05 19 2 16
2015 05 04 19 1 12
2015 05 04 19 1 00
2015 05 03 18 7 23
2015 05 03 18 7 22
2015 05 03 18 7 20
2015 05 03 18 7 20
2015 05 03 18 7 19
2015 05 02 18 6 11
2015 05 02 18 6 00
2015 05 01 18 5 17
2015 05 01 18 5 12
2015 04 30 18 4 15
2015 04 30 18 4 13
2015 04 30 18 4 11
2015 04 30 18 4 11
2015 04 30 18 4 10
2015 04 29 18 3 22
2015 04 29 18 3 00
2015 04 29 18 3 19
2015 04 29 18 3 19
2015 04 28 18 2 20
2015 04 27 18 1 03
2015 04 24 17 5 11
2015 04 24 17 5 11
2015 04 22 17 3 18
2015 04 22 17 3 18
2015 04 21 17 2 21
2015 04 21 17 2 21
2015 04 19 16 7 14
2015 04 19 16 7 11
2015 04 18 16 6 23
2015 04 18 16 6 20
2015 04 18 16 6 13
2015 04 18 16 6 00
2015 04 18 16 6 00
2015 04 16 16 4 02
2015 04 16 16 4 02
2015 04 16 16 4 00
2015 04 15 16 3 20
2015 04 14 16 2 19
2015 04 02 14 4 10
2015 04 10 15 5 22
2015 04 10 15 5 11
2015 04 08 15 3 05
2015 04 07 15 2 15
2015 04 07 15 2 13
2015 04 06 15 1 16
2015 04 06 15 1 15
2015 04 06 15 1 15
2015 04 05 14 7 21
2015 04 05 14 7 03
2015 04 04 14 6 10
2015 04 04 14 6 11
2015 04 04 14 6 20
2015 04 03 14 5 22
2015 04 03 14 5 22
2015 04 03 14 5 21
2015 04 03 14 5 21
2015 04 03 14 5 21
2015 04 02 14 4 06
2015 04 01 14 3 23
2015 04 01 14 3 15
2015 04 01 14 3 00
2015 03 31 14 2 22
2015 03 31 14 2 19
2015 03 31 14 2 04
2015 03 15 11 7 14
2015 03 29 13 7 06
2015 03 28 13 6 10
2015 03 30 14 1 01
2015 03 29 13 7 22
2015 03 29 13 7 21
2015 03 29 13 7 12
2015 03 28 13 6 21
2015 03 28 13 6 17
2015 03 27 13 5 17
2015 03 26 13 4 17
2015 03 25 13 3 03
2015 03 23 13 1 19
2015 03 23 13 1 18
2015 03 23 13 1 16
2015 03 23 13 1 12
2015 03 23 13 1 12
2015 03 22 12 7 13
2015 03 20 12 5 03
2015 03 19 12 4 17
2015 03 19 12 4 02
2015 03 19 12 4 01
2015 03 18 12 3 21
2015 03 18 12 3 20
2015 03 18 12 3 20
2015 03 18 12 3 19
2015 03 18 12 3 17
2015 03 18 12 3 00
2015 03 18 12 3 12
2015 03 18 12 3 12
2015 03 18 12 3 12
2015 03 18 12 3 11
2015 03 18 12 3 11
2015 03 18 12 3 07
2015 03 18 12 3 06
2015 03 18 12 3 07
2015 03 18 12 3 06
2015 03 17 12 2 18
2015 03 17 12 2 15
2015 03 16 12 1 02
2015 03 14 11 6 11
2015 03 14 11 6 00
2014 11 25 48 2 03
2015 02 24 09 2 10
2015 01 23 04 5 19
2015 03 12 11 4 21
2015 03 12 11 4 20
2015 03 12 11 4 18
2015 03 12 11 4 16
2015 03 12 11 4 15
2015 03 12 11 4 15
2015 03 12 11 4 15
2015 03 11 11 3 18
2015 03 11 11 3 10
2015 03 11 11 3 01
2015 03 10 11 2 23
2015 03 10 11 2 23
2015 03 10 11 2 18
2015 03 10 11 2 17
2015 03 10 11 2 16
2015 03 10 11 2 16
2015 03 09 11 1 15
2015 03 09 11 1 14
2015 03 07 10 6 15
2015 03 07 10 6 15
2015 03 07 10 6 13
2015 03 07 10 6 12
2015 03 07 10 6 12
2015 03 07 10 6 12
2015 03 07 10 6 12
2015 03 07 10 6 12
2015 03 07 10 6 12
2015 03 07 10 6 00
2015 03 07 10 6 00
2015 03 07 10 6 00
2015 03 06 10 5 18
2015 03 06 10 5 15
2015 03 06 10 5 14
2015 03 06 10 5 12
2015 03 06 10 5 00
2015 03 05 10 4 23
2015 03 05 10 4 21
2015 03 05 10 4 03
2015 03 04 10 3 15
2015 03 04 10 3 15
2015 03 04 10 3 15
2015 03 04 10 3 15
2015 03 04 10 3 15
2015 03 04 10 3 15
2015 03 02 10 1 21
2015 02 28 09 6 19
2015 02 28 09 6 18
2015 02 27 09 5 11
2015 02 23 09 1 18
2015 02 22 08 7 07
2015 02 22 08 7 05
2015 02 22 08 7 04
2015 02 21 08 6 22
2015 02 21 08 6 21
2015 02 20 08 5 18
2015 02 20 08 5 17
2015 02 18 08 3 23
2015 02 19 08 4 11
2015 02 18 08 3 22
2015 02 18 08 3 21
2015 02 17 08 2 22
2015 02 18 08 3 00
2015 02 16 08 1 19
2015 02 16 08 1 19
2015 02 15 07 7 22
2015 02 15 07 7 07
2015 02 15 07 7 00
2015 02 13 07 5 07
2015 02 12 07 4 01
2015 02 12 07 4 00
2015 02 08 06 7 23
2015 02 08 06 7 05
2015 02 02 06 1 10
2015 01 11 02 7 22
2014 12 28 52 7 00
2014 12 27 52 6 04
2015 02 17 08 2 11
2015 02 17 08 2 11
2015 02 17 08 2 04
2014 11 16 46 7 18
2015 02 17 08 2 09
2015 02 16 08 1 19
2015 02 16 08 1 20
2015 02 16 08 1 22
2015 02 16 08 1 21
2015 02 16 08 1 17
2015 02 16 08 1 17
2015 02 16 08 1 10
2015 02 12 07 4 12
2015 02 14 07 6 21
2015 02 14 07 6 21
2015 02 07 06 6 06
2015 02 01 05 7 22
2015 02 15 07 7 00
2015 02 08 06 7 16
2015 02 12 07 4 14
2015 02 12 07 4 09
2015 02 12 07 4 00
2015 02 11 07 3 21
2015 02 11 07 3 20
2015 02 11 07 3 20
2015 01 29 05 4 22
2015 02 11 07 3 05
2015 02 11 07 3 03
2015 02 10 07 2 19
2015 02 10 07 2 16
2015 02 10 07 2 14
2015 02 09 07 1 16
2015 02 09 07 1 16
2015 02 09 07 1 16
2015 02 08 06 7 21
2015 01 20 04 2 23
2015 02 09 07 1 03
2015 02 08 06 7 17
2015 02 06 06 5 15
2015 02 06 06 5 10
2015 02 06 06 5 10
2015 02 05 06 4 21
2015 02 05 06 4 18
2015 02 05 06 4 15
2015 02 05 06 4 00
2015 02 04 06 3 21
2015 02 01 05 7 06
2015 02 01 05 7 22
2015 02 01 05 7 20
2015 02 01 05 7 19
2015 01 31 05 6 23
2015 01 31 05 6 00
2015 01 31 05 6 18
2015 01 31 05 6 21
2014 12 26 52 5 21
2015 01 31 05 6 19
2015 01 31 05 6 15
2015 01 29 05 4 21
2015 01 31 05 6 07
2015 01 30 05 5 22
2015 01 30 05 5 21
2015 01 30 05 5 21
2015 01 30 05 5 14
2015 01 29 05 4 04
2015 01 29 05 4 04
2015 01 30 05 5 20
2015 01 30 05 5 20
2015 01 30 05 5 20
2015 01 30 05 5 20
2015 01 30 05 5 20
2015 01 30 05 5 20
2015 01 30 05 5 16
2015 01 29 05 4 19
2015 01 29 05 4 20
2015 01 28 05 3 03
2015 01 27 05 2 12
2015 01 27 05 2 11
2015 01 28 05 3 16
2015 01 28 05 3 08
2015 01 28 05 3 02
2015 01 27 05 2 23
2015 01 27 05 2 23
2015 01 27 05 2 21
2015 01 27 05 2 19
2015 01 27 05 2 16
2015 01 27 05 2 14
2015 01 27 05 2 12
2015 01 27 05 2 11
2015 01 27 05 2 10
2015 01 27 05 2 01
2015 01 26 05 1 20
2015 01 26 05 1 15
2015 01 26 05 1 14
2015 01 26 05 1 13
2015 01 26 05 1 13
2014 12 27 52 6 14
2015 01 25 04 7 12
2015 01 25 04 7 22
2015 01 25 04 7 12
2015 01 25 04 7 16
2015 01 25 04 7 07
2015 01 24 04 6 21
2015 01 24 04 6 20
2015 01 24 04 6 12
2015 01 24 04 6 12
2015 01 24 04 6 02
2015 01 23 04 5 19
2014 12 12 50 5 20
2015 01 23 04 5 02
2015 01 23 04 5 01
2015 01 23 04 5 00
2015 01 22 04 4 17
2015 01 22 04 4 11
2015 01 22 04 4 01
2015 01 21 04 3 14
2015 01 21 04 3 19
2015 01 21 04 3 15
2015 01 21 04 3 14
2015 01 21 04 3 14
2015 01 21 04 3 10
2015 01 21 04 3 08
2015 01 21 04 3 07
2015 01 20 04 2 23
2015 01 20 04 2 23
2015 01 20 04 2 10
2015 01 20 04 2 22
2015 01 20 04 2 20
2015 01 20 04 2 20
2015 01 20 04 2 17
2015 01 20 04 2 17
2015 01 20 04 2 16
2015 01 20 04 2 16
2014 12 26 52 5 16
2015 01 20 04 2 14
2015 01 20 04 2 13
2015 01 20 04 2 13
2015 01 20 04 2 12
2015 01 20 04 2 12
2015 01 20 04 2 12
2015 01 20 04 2 12
2015 01 20 04 2 12
2015 01 20 04 2 10
2015 01 20 04 2 08
2015 01 20 04 2 07
2015 01 20 04 2 00
2015 01 19 04 1 19
2015 01 19 04 1 12
2015 01 19 04 1 10
2015 01 19 04 1 09
2015 01 19 04 1 10
2015 01 19 04 1 09
2015 01 19 04 1 08
2015 01 19 04 1 08
2015 01 19 04 1 03
2015 01 19 04 1 02
2015 01 19 04 1 02
2015 01 19 04 1 02
2014 12 09 50 2 16
2015 01 18 03 7 21
2015 01 18 03 7 10
2015 01 18 03 7 15
2015 01 18 03 7 15
2015 01 17 03 6 15
2015 01 16 03 5 21
2015 01 17 03 6 21
2015 01 17 03 6 21
2015 01 17 03 6 08
2015 01 17 03 6 08
2015 01 16 03 5 10
2015 01 16 03 5 11
2015 01 16 03 5 02
2015 01 15 03 4 12
2015 01 15 03 4 05
2015 01 14 03 3 12
2015 01 14 03 3 20
2015 01 14 03 3 13
2015 01 14 03 3 05
2015 01 14 03 3 05
2015 01 14 03 3 04
2015 01 12 03 1 05
2015 01 12 03 1 12
2015 01 13 03 2 06
2015 01 12 03 1 22
2015 01 12 03 1 21
2015 01 11 02 7 10
2015 01 10 02 6 08
2015 01 09 02 5 20
2015 01 09 02 5 19
2015 01 07 02 3 21
2015 01 09 02 5 10
2015 01 09 02 5 02
2015 01 08 02 4 13
2015 01 08 02 4 08
2015 01 07 02 3 13
2015 01 05 02 1 20
2015 01 05 02 1 19
2015 01 05 02 1 19
2015 01 04 01 7 18
2015 01 05 02 1 11
2015 01 05 02 1 11
2015 01 05 02 1 12
2015 01 01 01 4 16
2014 04 18 16 5 09
2015 01 05 02 1 12
2015 01 04 01 7 06
2014 12 10 50 3 04
2014 12 10 50 3 02
2014 12 10 50 3 02
2014 12 10 50 3 02
2015 01 01 01 4 16
2015 01 01 01 4 23
2014 12 30 01 2 20
2014 12 27 52 6 20
2014 12 27 52 6 20
2014 12 29 01 1 06
2014 12 29 01 1 03
2014 12 27 52 6 08
2014 12 27 52 6 08
2014 12 26 52 5 21
2014 12 26 52 5 18
2014 12 26 52 5 17
2014 12 18 51 4 20
2014 12 26 52 5 16
2014 12 26 52 5 16
2014 11 28 48 5 21
2014 12 16 51 2 12
2014 12 26 52 5 13
2014 12 26 52 5 05
2014 12 25 52 4 00
2014 12 24 52 3 12
2014 12 24 52 3 12
2014 12 19 51 5 14
2014 12 11 50 4 21
2014 12 09 50 2 19
2014 11 25 48 2 09
2014 11 24 48 1 07
2014 12 12 50 5 03
2014 11 21 47 5 01
2014 10 15 42 3 04
2014 12 11 50 4 21
2014 12 11 50 4 19
2014 12 11 50 4 05
2014 12 10 50 3 19
2014 12 10 50 3 16
2014 12 07 49 7 19
2014 12 09 50 2 11
2014 12 09 50 2 03
2014 12 08 50 1 23
2014 12 04 49 4 17
2014 10 17 42 5 03
2014 12 08 50 1 21
2014 12 08 50 1 00
2014 12 06 49 6 05
2014 09 30 40 2 03
2014 11 28 48 5 01
2014 11 25 48 2 19
2014 11 26 48 3 07
2014 11 30 48 7 17
2014 12 01 49 1 13
2014 11 28 48 5 05
2014 11 25 48 2 15
2014 11 25 48 2 00
2014 11 18 47 2 22
2014 11 25 48 2 01
2014 10 29 44 3 06
2014 11 24 48 1 23
2014 11 24 48 1 16
2014 11 23 47 7 06
2014 11 22 47 6 20
2014 11 22 47 6 19
2014 11 22 47 6 06
2014 11 21 47 5 21
2014 11 24 48 1 23
2014 11 20 47 4 18
2014 11 20 47 4 18
2014 11 19 47 3 22
2014 11 18 47 2 17
2014 11 17 47 1 23
2014 11 18 47 2 14
2014 11 18 47 2 10
2014 11 16 46 7 15
2014 11 16 46 7 02
2014 11 14 46 5 18
2014 10 27 44 1 21
2014 11 18 47 2 00
2014 11 11 46 2 14
2014 11 09 45 7 22
2014 11 08 45 6 18
2014 11 08 45 6 18
2014 11 08 45 6 18
2014 11 06 45 4 18
2014 11 06 45 4 17
2014 11 06 45 4 17
2014 11 06 45 4 17
2014 11 06 45 4 17
2014 11 06 45 4 16
2014 11 06 45 4 03
2014 11 06 45 4 02
2014 11 05 45 3 21
2014 11 05 45 3 21
2014 11 05 45 3 21
2014 11 05 45 3 18
2014 11 04 45 2 17
2014 11 03 45 1 02
2014 11 02 44 7 09
2014 11 02 44 7 04
2014 11 01 44 6 05
2014 10 30 44 4 16
2014 11 05 45 3 02
2014 11 05 45 3 02
2014 11 05 45 3 02
2014 10 12 41 7 00
2014 09 22 39 1 19
2014 09 22 39 1 18
2014 09 22 39 1 17
2014 09 18 38 4 23
2014 09 18 38 4 23
2014 09 10 37 3 20
2014 09 10 37 3 19
2014 09 10 37 3 19
2014 09 10 37 3 19
2014 09 10 37 3 19
2014 11 04 45 2 06
2014 11 04 45 2 06
2014 11 04 45 2 06
2014 11 04 45 2 06
2014 11 04 45 2 06
2014 11 04 45 2 06
2014 11 04 45 2 06
2014 11 04 45 2 06
2014 11 04 45 2 06
2014 11 04 45 2 06
2014 11 04 45 2 06
2014 11 03 45 1 16
2014 11 01 44 6 04
2014 10 31 44 5 07
2014 10 29 44 3 05
2014 10 27 44 1 22
2014 10 30 44 4 05
2014 10 26 43 7 02
2014 10 25 43 6 16
2014 10 25 43 6 16
2014 10 25 43 6 15
2014 10 21 43 2 17
2014 10 19 42 7 18
2014 10 19 42 7 16
2014 10 19 42 7 14
2014 10 17 42 5 17
2014 10 18 42 6 20
2014 10 17 42 5 18
2014 10 31 44 5 22
2014 10 16 42 4 00
2014 11 01 44 6 17
2014 11 01 44 6 16
2014 10 21 43 2 02
2014 10 20 43 1 23
2014 10 20 43 1 23
2014 10 17 42 5 22
2014 10 17 42 5 02
2014 10 17 42 5 02
2014 10 15 42 3 13
2014 10 12 41 7 15
2014 10 10 41 5 00
2014 10 08 41 3 22
2014 10 08 41 3 19
2014 10 08 41 3 18
2014 10 08 41 3 01
2014 10 09 41 4 22
2014 10 08 41 3 16
2014 10 06 41 1 11
2014 10 05 40 7 09
2014 10 03 40 5 00
2014 10 02 40 4 23
2014 10 02 40 4 16
2014 10 01 40 3 20
2014 09 29 40 1 16
2014 09 27 39 6 05
2014 10 01 40 3 09
2014 09 28 39 7 06
2014 09 28 39 7 02
2014 09 27 39 6 09
2014 10 02 40 4 19
2014 09 29 40 1 15
2014 09 24 39 3 03
2014 09 23 39 2 16
2014 09 23 39 2 04
2014 09 23 39 2 01
2014 09 22 39 1 15
2014 09 19 38 5 18
2014 09 19 38 5 14
2014 09 19 38 5 03
2014 09 17 38 3 21
2014 09 14 37 7 13
2014 09 14 37 7 13
2014 09 11 37 4 04
2014 09 11 37 4 04
2014 09 10 37 3 21
2014 09 10 37 3 18
2014 09 09 37 2 23
2014 09 09 37 2 22
2014 09 09 37 2 15
2014 09 10 37 3 12
2014 09 09 37 2 11
2014 09 06 36 6 03
2014 09 06 36 6 14
2014 09 06 36 6 04
2014 09 05 36 5 12
2014 09 04 36 4 19
2014 09 03 36 3 21
2014 09 03 36 3 06
2014 09 03 36 3 02
2014 09 05 36 5 15
2014 09 03 36 3 17
2014 09 03 36 3 17
2014 09 02 36 2 21
2014 09 02 36 2 23
2014 09 01 36 1 16
2014 09 01 36 1 16
2014 09 01 36 1 16
2014 08 31 35 7 11
2014 08 31 35 7 13
2014 08 31 35 7 03
2014 08 30 35 6 10
2014 08 30 35 6 01
2014 08 30 35 6 07
2014 08 29 35 5 19
2014 08 30 35 6 06
2014 08 30 35 6 06
2014 08 30 35 6 05
2014 08 30 35 6 05
2014 08 30 35 6 05
2014 08 30 35 6 05
2014 08 30 35 6 05
2014 08 30 35 6 05
2014 08 30 35 6 05
2014 08 30 35 6 05
2014 08 27 35 3 02
2014 08 27 35 3 11
2014 08 27 35 3 15
2014 08 28 35 4 18
2014 08 27 35 3 17
2014 08 26 35 2 20
2014 08 26 35 2 20
2014 08 26 35 2 20
2014 08 26 35 2 19
2014 08 26 35 2 18
2014 08 26 35 2 18
2014 08 26 35 2 18
2014 08 26 35 2 18
2014 08 25 35 1 21
2014 08 25 35 1 21
2014 08 25 35 1 20
2014 08 25 35 1 19
2014 08 25 35 1 19
2014 08 25 35 1 18
2014 08 22 34 5 13
2014 08 23 34 6 23
2014 08 22 34 5 01
2014 08 21 34 4 04
2014 08 20 34 3 15
2014 08 20 34 3 14
2014 08 20 34 3 17
2014 08 20 34 3 20
2014 08 20 34 3 20
2014 08 20 34 3 19
2014 08 20 34 3 17
2014 08 19 34 2 02
2014 08 20 34 3 03
2014 08 20 34 3 03
2014 08 20 34 3 03
2014 08 20 34 3 03
2014 08 18 34 1 05
2014 08 10 32 7 22
2014 08 10 32 7 18
2014 08 18 34 1 03
2014 08 16 33 6 06
2014 08 15 33 5 21
2014 08 15 33 5 20
2014 08 15 33 5 04
2014 08 10 32 7 18
2014 08 10 32 7 06
2014 08 09 32 6 19
2014 08 10 32 7 01
2014 08 06 32 3 11
2014 08 02 31 6 13
2014 08 03 31 7 12
2014 08 05 32 2 18
2014 07 27 30 7 08
2014 07 01 27 2 16
2014 07 01 27 2 05
2014 06 30 27 1 06
2014 06 30 27 1 06
2014 06 26 26 4 21
2014 06 26 26 4 22
2014 06 24 26 2 23
2014 06 22 25 7 17
2014 06 21 25 6 17
2014 06 21 25 6 00
2014 06 09 24 1 07
2014 06 08 23 7 18
2014 06 06 23 5 07
2014 06 05 23 4 19
2014 06 18 25 3 18
2014 06 06 23 5 22
2014 06 06 23 5 22
2014 06 04 23 3 18
2014 06 03 23 2 23
2014 05 30 22 5 05
2014 06 03 23 2 16
2014 06 03 23 2 20
2014 05 30 22 5 00
2014 05 30 22 5 00
2014 05 29 22 4 23
2014 05 29 22 4 23
2014 05 30 22 5 00
2014 05 29 22 4 07
2014 05 29 22 4 06
2014 05 13 20 2 16
2014 05 29 22 4 01
2014 05 29 22 4 01
2014 05 29 22 4 00
2014 05 13 20 2 21
2014 05 27 22 2 10
2014 05 22 21 4 22
2014 05 24 21 6 16
2014 05 28 22 3 23
2014 05 28 22 3 07
2014 05 28 22 3 00
2014 05 28 22 3 00
2014 05 28 22 3 00
2014 05 28 22 3 00
2014 05 28 22 3 00
2014 05 28 22 3 00
2014 05 19 21 1 15
2014 05 16 20 5 23
2014 05 16 20 5 23
2014 05 16 20 5 17
2014 05 15 20 4 21
2014 05 15 20 4 15
2014 05 15 20 4 15
2014 05 15 20 4 00
2014 05 13 20 2 23
2014 05 11 19 7 02
2014 05 12 20 1 04
2014 05 10 19 6 12
2014 05 10 19 6 10
2014 05 09 19 5 03
2014 05 07 19 3 18
2014 05 07 19 3 08
2014 05 07 19 3 08
2014 05 07 19 3 08
2014 05 06 19 2 17
2014 05 06 19 2 12
2014 05 08 19 4 14
2014 05 06 19 2 08
2014 04 29 18 2 05
2014 05 09 19 5 17
2014 05 09 19 5 06
2014 04 28 18 1 21
2014 05 09 19 5 00
2014 05 02 18 5 07
2014 05 02 18 5 07
2014 05 02 18 5 07
2014 05 02 18 5 07
2014 05 02 18 5 07
2014 05 02 18 5 07
2014 05 01 18 4 20
2014 05 01 18 4 19
2014 05 01 18 4 19
2014 05 01 18 4 19
2014 05 01 18 4 19
2014 05 01 18 4 19
2014 04 14 16 1 23
2014 04 23 17 3 06
2014 04 12 15 6 22
2014 04 09 15 3 21
2014 03 26 13 3 13
2014 04 25 17 5 00
2014 04 24 17 4 18
2014 04 24 17 4 18
2014 04 24 17 4 18
2014 04 23 17 3 09
2014 04 23 17 3 08
2014 04 23 17 3 08
2014 04 23 17 3 08
2014 04 10 15 4 20
2014 04 10 15 4 14
2014 04 09 15 3 23
2014 04 09 15 3 23
2014 04 09 15 3 05
2014 04 09 15 3 03
2014 04 09 15 3 03
2014 04 09 15 3 03
2014 04 09 15 3 03
2014 04 08 15 2 17
2014 04 08 15 2 05
2014 04 08 15 2 05
2014 04 08 15 2 04
2014 04 07 15 1 12
2014 04 07 15 1 17
2014 04 05 14 6 07
2014 03 31 14 1 12
2014 03 30 13 7 04
2014 03 27 13 4 14
2014 03 31 14 1 19
2014 03 21 12 5 22
2014 03 24 13 1 12
2014 03 19 12 3 13
2014 03 24 13 1 19
2014 03 24 13 1 19
2014 03 21 12 5 02
2014 03 13 11 4 20
2014 03 10 11 1 21
2014 03 13 11 4 12
2014 03 09 10 7 07
2014 03 09 10 7 04
2014 03 06 10 4 03
2014 03 06 10 4 07
2014 03 05 10 3 07
2014 03 06 10 4 01
2014 03 03 10 1 22
2014 03 05 10 3 04
2014 03 01 09 6 18
2014 03 01 09 6 17
2014 03 01 09 6 06
2014 03 01 09 6 05
2014 02 28 09 5 06
2014 02 28 09 5 06
2014 02 28 09 5 08
2014 02 28 09 5 02
2014 02 28 09 5 17
2014 02 28 09 5 00
2014 02 26 09 3 05
2014 02 22 08 6 00
2014 02 21 08 5 01
2014 02 21 08 5 01
2014 02 21 08 5 01
2014 02 21 08 5 01
2014 02 20 08 4 09
2014 02 19 08 3 14
2014 02 17 08 1 10
2014 02 16 07 7 10
2014 02 16 07 7 10
2014 02 16 07 7 10
2014 02 16 07 7 10
2014 02 17 08 1 11
2014 02 19 08 3 00
2014 02 19 08 3 00
2014 02 19 08 3 00
2014 02 19 08 3 00
2014 02 19 08 3 00
2014 02 06 06 4 06
2014 02 02 05 7 15
2014 02 04 06 2 02
2014 02 03 06 1 12
2014 02 02 05 7 01
2014 02 01 05 6 18
2014 02 01 05 6 18
2014 01 30 05 4 23
2014 01 29 05 3 23
2014 01 26 04 7 10
2014 01 26 04 7 10
2014 01 29 05 3 05
2014 01 29 05 3 05
2014 01 29 05 3 05
2014 01 29 05 3 05
2014 01 27 05 1 23
2014 01 27 05 1 16
2014 01 27 05 1 23
2014 01 18 03 6 17
2014 01 22 04 3 23
2014 01 22 04 3 23
2014 01 20 04 1 22
2014 01 21 04 2 23
2014 01 22 04 3 02
2014 01 19 03 7 04
2014 01 19 03 7 03
2014 01 19 03 7 03
2014 01 18 03 6 17
2014 01 18 03 6 17
2014 01 18 03 6 16
2014 01 15 03 3 17
2014 01 15 03 3 17
2014 01 13 03 1 04
2014 01 04 01 6 00
2014 01 11 02 6 03
2014 01 10 02 5 18
2014 01 10 02 5 18
2014 01 10 02 5 18
2014 01 09 02 4 23
2014 01 09 02 4 23
2014 01 08 02 3 15
2014 01 08 02 3 15
2014 01 03 01 5 18
2013 12 31 01 2 23
2013 12 28 52 6 20
2013 12 16 51 1 09
2013 11 23 47 6 20
2013 12 28 52 6 19
2013 12 16 51 1 09
2013 12 15 50 7 16
2013 12 15 50 7 15
2013 12 15 50 7 15
2013 12 28 52 6 18
2013 12 21 51 6 00
2013 12 20 51 5 15
2013 11 24 47 7 22
2013 11 29 48 5 15
2013 11 29 48 5 08
2013 11 28 48 4 15
2013 11 24 47 7 22
2013 11 22 47 5 06
2013 12 11 50 3 04
2013 12 11 50 3 01
2013 12 11 50 3 01
2013 12 11 50 3 01
2013 12 08 49 7 05
2013 12 08 49 7 05
2013 12 07 49 6 05
2013 12 07 49 6 05
2013 12 07 49 6 05
2013 12 07 49 6 05
2013 12 05 49 4 15
2013 12 05 49 4 15
2013 12 05 49 4 15
2013 12 02 49 1 02
2013 11 23 47 6 20
2013 11 22 47 5 23
2013 11 23 47 6 16
2013 11 19 47 2 14
2013 11 19 47 2 00
2013 11 18 47 1 10
2013 11 16 46 6 05
2013 11 16 46 6 03
2013 11 16 46 6 03
2013 11 14 46 4 15
2013 11 14 46 4 15
2013 11 13 46 3 00
2013 11 10 45 7 21
2013 11 12 46 2 15
2013 11 09 45 6 15
2013 11 09 45 6 07
2013 11 09 45 6 07
2013 11 07 45 4 19
2013 11 05 45 2 23
2013 11 05 45 2 23
2013 11 05 45 2 06
2013 11 05 45 2 05
2013 11 05 45 2 06
2013 11 05 45 2 06
2013 11 02 44 6 04
2013 11 01 44 5 23
2013 11 01 44 5 06
2013 10 30 44 3 04
2013 10 31 44 4 23
2013 10 31 44 4 14
2013 10 31 44 4 14
2013 10 31 44 4 14
2013 10 26 43 6 08
2013 10 26 43 6 08
2013 10 26 43 6 06
2013 10 26 43 6 00
2013 10 26 43 6 00
2013 10 26 43 6 00
2013 10 26 43 6 00
2013 10 25 43 5 01
2013 10 25 43 5 01
2013 10 25 43 5 01
2013 10 25 43 5 00
2013 10 25 43 5 00
2013 10 24 43 4 23
2013 10 18 42 5 17
2013 10 18 42 5 05
2013 10 18 42 5 04
2013 10 18 42 5 04
2013 10 15 42 2 15
2013 10 15 42 2 15
2013 10 10 41 4 05
2013 10 10 41 4 01
2013 10 10 41 4 00
2013 10 10 41 4 00
2013 10 08 41 2 18
2013 10 07 41 1 07
2013 10 07 41 1 07
2013 10 07 41 1 06
2013 10 03 40 4 02
2013 10 03 40 4 01
2013 10 03 40 4 01
2013 10 02 40 3 23
2013 10 02 40 3 17
2013 10 02 40 3 15
2013 10 02 40 3 04
2013 10 02 40 3 04
2013 10 02 40 3 00
2013 10 01 40 2 23
2013 10 01 40 2 23
2013 10 01 40 2 23
2013 10 01 40 2 23
2013 10 01 40 2 21
2013 10 01 40 2 21
2013 10 01 40 2 21
2013 10 07 41 1 15
2013 10 07 41 1 15
2013 10 07 41 1 15
2013 10 04 40 5 22
2013 10 04 40 5 22
2013 10 04 40 5 18
2013 10 03 40 4 15
2013 10 02 40 3 04
2013 10 01 40 2 04
2013 10 01 40 2 04
2013 10 01 40 2 04
2013 09 30 40 1 04
2013 09 30 40 1 03
2013 09 29 39 7 08
2013 09 29 39 7 08
2013 09 29 39 7 08
2013 09 29 39 7 08
2013 09 25 39 3 06
2013 09 24 39 2 23
2013 09 24 39 2 23
2013 09 21 38 6 05
2013 09 21 38 6 02
2013 09 21 38 6 02
2013 09 19 38 4 00
2013 09 18 38 3 23
2013 09 18 38 3 20
2013 09 18 38 3 19
2013 09 18 38 3 19
2013 09 18 38 3 18
2013 09 17 38 2 23
2013 09 17 38 2 22
2013 09 14 37 6 01
2013 09 14 37 6 00
2013 09 13 37 5 23
2013 09 13 37 5 19
2013 09 13 37 5 06
2013 09 13 37 5 01
2013 09 12 37 4 19
2013 09 09 37 1 13
2013 09 05 36 4 18
2013 09 05 36 4 07
2013 09 05 36 4 01
2013 09 04 36 3 05
2013 09 01 35 7 18
2013 09 01 35 7 18
2013 09 01 35 7 16
2013 09 01 35 7 06
2013 09 04 36 3 00
2013 09 03 36 2 23
2013 09 03 36 2 21
2013 09 01 35 7 21
2013 09 01 35 7 21
2013 09 01 35 7 02
2013 09 01 35 7 02
2013 09 01 35 7 02
2013 09 01 35 7 20
2013 09 01 35 7 06
2013 09 01 35 7 05
2013 08 31 35 6 06
2013 08 31 35 6 06
2013 08 31 35 6 02
2013 08 31 35 6 02
2013 08 31 35 6 05
2013 08 30 35 5 23
2013 08 29 35 4 18
2013 08 29 35 4 14
2013 08 28 35 3 18
2013 08 27 35 2 11
2013 08 25 34 7 06
2013 08 20 34 2 15
2013 08 21 34 3 11
2013 08 21 34 3 18
2013 08 23 34 5 23
2013 08 23 34 5 23
2013 08 23 34 5 23
2013 08 21 34 3 01
2013 08 15 33 4 00
2013 08 23 34 5 22
2013 08 20 34 2 22
2013 08 20 34 2 21
2013 08 20 34 2 19
2013 08 20 34 2 18
2013 08 20 34 2 17
2013 08 19 34 1 07
2013 08 13 33 2 23
2013 08 13 33 2 23
2013 08 13 33 2 19
2013 08 13 33 2 19
2013 08 18 33 7 03
2013 08 17 33 6 14
2013 08 17 33 6 14
2013 08 16 33 5 22
2013 08 16 33 5 06
2013 08 15 33 4 20
2013 08 14 33 3 10
2013 08 14 33 3 14
2013 08 14 33 3 01
2013 08 13 33 2 15
2013 08 13 33 2 14
2013 08 13 33 2 01
2013 08 13 33 2 05
2013 08 13 33 2 02
2013 08 13 33 2 04
2013 08 13 33 2 04
2013 08 13 33 2 04
2013 08 13 33 2 03
2013 08 12 33 1 22
2013 08 12 33 1 23
2013 08 12 33 1 18
2013 08 12 33 1 06
2013 08 12 33 1 05
2013 08 12 33 1 14
2013 08 10 32 6 16
2013 08 10 32 6 16
2013 08 10 32 6 16
2013 08 10 32 6 03
2013 08 08 32 4 02
2013 08 08 32 4 02
2013 08 07 32 3 08
2013 08 07 32 3 01
2013 08 05 32 1 16
2013 08 05 32 1 04
2013 08 03 31 6 19
2013 08 03 31 6 19
2013 08 03 31 6 19
2013 08 03 31 6 01
2013 08 09 32 5 22
2013 08 09 32 5 06
2013 08 09 32 5 01
2013 08 08 32 4 22
2013 08 08 32 4 13
2013 08 07 32 3 20
2013 08 06 32 2 01
2013 08 06 32 2 01
2013 08 05 32 1 20
2013 08 05 32 1 15
2013 08 05 32 1 11
2013 08 03 31 6 09
2013 08 03 31 6 09
2013 08 03 31 6 09
2013 08 03 31 6 09
2013 08 03 31 6 09
2013 08 03 31 6 09
2013 08 03 31 6 09
2013 08 02 31 5 22
2013 08 02 31 5 19
2013 08 01 31 4 20
2013 07 31 31 3 01
2013 08 01 31 4 22
2013 08 01 31 4 20
2013 07 30 31 2 07
2013 07 27 30 6 00
2013 07 27 30 6 00
2013 07 26 30 5 15
2013 07 26 30 5 15
2013 07 26 30 5 15
2013 07 26 30 5 15
2013 07 26 30 5 15
2013 07 26 30 5 15
2013 07 24 30 3 17
2013 07 24 30 3 17
2013 07 22 30 1 19
2013 07 21 29 7 06
2013 07 19 29 5 09
2013 07 19 29 5 09
2013 07 19 29 5 07
2013 07 16 29 2 02
2013 07 12 28 5 05
2013 07 12 28 5 05
2013 07 12 28 5 04
2013 07 12 28 5 04
2013 07 12 28 5 04
2013 07 12 28 5 04
2013 07 10 28 3 23
2013 07 10 28 3 23
2013 07 10 28 3 15
2013 07 10 28 3 06
2013 07 10 28 3 01
2013 07 10 28 3 00
2013 07 09 28 2 14
2013 07 09 28 2 04
2013 07 09 28 2 04
2013 07 08 28 1 23
2013 07 07 27 7 17
2013 07 07 27 7 16
2013 07 07 27 7 06
2013 07 07 27 7 05
2013 07 07 27 7 04
2013 07 07 27 7 04
2013 07 07 27 7 01
2013 07 07 27 7 01
2013 07 05 27 5 18
2013 07 05 27 5 06
2013 07 05 27 5 06
2013 07 05 27 5 06
2013 07 04 27 4 19
2013 07 04 27 4 17
2013 07 04 27 4 17
