
2015 11 09 46 1 14
2015 11 09 46 1 13
2015 11 08 45 7 05
2015 11 08 45 7 02
2015 11 06 45 5 05
2015 11 06 45 5 04
2015 10 01 40 4 06
2015 09 27 39 7 13
2015 09 27 39 7 13
2015 03 30 14 1 14
2015 03 30 14 1 15
2015 08 31 36 1 06
2015 08 25 35 2 02
2015 08 24 35 1 06
2015 08 24 35 1 04
2015 06 16 25 2 17
2015 06 07 23 7 09
2015 06 07 23 7 09
2015 06 15 25 1 04
2015 06 15 25 1 04
2015 06 15 25 1 04
2015 06 15 25 1 04
2015 06 15 25 1 02
2015 06 15 25 1 00
2015 05 30 22 6 22
2015 05 30 22 6 21
2015 05 30 22 6 21
2015 05 30 22 6 21
2015 05 25 22 1 12
2015 05 23 21 6 08
2015 05 25 22 1 13
2015 05 25 22 1 13
2015 05 25 22 1 13
2015 05 25 22 1 12
2015 05 25 22 1 12
2015 05 25 22 1 12
2015 05 24 21 7 00
2015 05 23 21 6 08
2015 05 23 21 6 08
2014 09 07 36 7 10
2013 12 25 52 3 15
2013 11 04 45 1 20
2013 10 25 43 5 06
2013 08 20 34 2 04
2013 07 29 31 1 13
2013 07 29 31 1 13
2013 07 29 31 1 13
2013 07 02 27 2 11
2013 06 25 26 2 23
2013 06 24 26 1 10
2013 08 20 34 2 03
2013 05 30 22 4 14
2013 05 30 22 4 13
2013 05 30 22 4 12
2013 05 30 22 4 08
2013 05 29 22 3 20
2013 05 29 22 3 11
2013 05 29 22 3 07
2013 05 29 22 3 07
2013 05 29 22 3 05
2013 04 30 18 2 19
2013 04 30 18 2 16
2013 04 30 18 2 16
2012 03 24 12 6 07
2012 03 23 12 5 20
2013 04 30 18 2 14
2011 06 26 25 7 07
2013 04 30 18 2 11
2012 04 01 13 7 04
2012 04 01 13 7 03
2012 04 01 13 7 03
2012 04 01 13 7 03
2012 04 01 13 7 03
2012 04 01 13 7 03
2012 04 01 13 7 02
2012 04 01 13 7 01
2012 04 01 13 7 01
2012 03 25 12 7 03
2012 03 25 12 7 03
2012 03 25 12 7 01
2012 03 24 12 6 00
2012 03 24 12 6 00
2012 03 24 12 6 03
2012 03 23 12 5 20
2012 03 23 12 5 07
2012 03 02 09 5 17
2012 03 02 09 5 17
2011 10 10 41 1 00
2013 04 30 18 2 09
2013 02 12 07 2 22
2013 02 12 07 2 22
2013 02 09 06 6 23
2013 02 09 06 6 23
2013 04 21 16 7 23
2013 04 20 16 6 22
2012 04 08 14 7 19
2013 02 15 07 5 14
2013 02 12 07 2 17
2013 02 09 06 6 20
2013 02 09 06 6 20
2013 04 30 18 2 07
2012 03 27 13 2 02
2012 03 27 13 2 02
2012 03 27 13 2 02
2012 03 27 13 2 02
2012 03 27 13 2 02
2012 03 27 13 2 01
2012 03 27 13 2 01
2012 03 27 13 2 01
2011 11 29 48 2 13
2011 10 19 42 3 23
2011 10 19 42 3 22
2011 08 23 34 2 23
2011 08 23 34 2 23
2012 04 15 15 7 20
2013 04 30 18 2 04
2012 02 23 08 4 09
2012 02 29 09 3 15
2012 02 21 08 2 19
2013 04 17 16 3 20
2013 04 17 16 3 17
2013 04 16 16 2 14
2013 02 19 08 2 19
2013 02 09 06 6 22
2012 09 28 39 5 06
2012 06 21 25 4 15
2012 05 04 18 5 15
2012 03 08 10 4 15
2012 03 05 10 1 12
2012 02 20 08 1 11
2012 02 18 07 6 04
2012 01 06 01 5 13
2011 12 28 52 3 03
2011 12 28 52 3 02
2011 12 24 51 6 16
2011 12 21 51 3 14
2011 12 19 51 1 19
2011 12 17 50 6 07
2011 12 17 50 6 06
2011 12 08 49 4 14
2011 12 08 49 4 11
2011 12 08 49 4 11
2011 12 08 49 4 11
2011 12 07 49 3 05
2011 12 01 48 4 15
2011 12 01 48 4 15
2011 11 28 48 1 02
2011 11 23 47 3 18
2011 11 23 47 3 02
2011 11 23 47 3 02
2011 11 23 47 3 01
2011 11 23 47 3 01
2011 11 23 47 3 00
2011 11 10 45 4 15
2011 11 09 45 3 23
2011 11 09 45 3 23
2011 11 09 45 3 22
2011 11 09 45 3 22
2011 11 09 45 3 21
2011 11 09 45 3 21
2011 11 09 45 3 21
2011 11 09 45 3 19
2011 11 09 45 3 18
2011 11 09 45 3 17
2011 11 09 45 3 17
2011 11 09 45 3 16
2011 11 09 45 3 16
2011 11 09 45 3 15
2011 11 09 45 3 14
2011 11 09 45 3 13
2011 11 09 45 3 13
2011 11 09 45 3 10
2011 11 09 45 3 10
2011 11 09 45 3 10
2011 11 09 45 3 10
2011 11 09 45 3 09
2011 11 09 45 3 09
2011 11 09 45 3 08
2011 11 09 45 3 08
2011 11 08 45 2 10
2011 11 08 45 2 10
2011 11 08 45 2 09
2011 11 01 44 2 18
2011 11 01 44 2 17
2011 11 01 44 2 16
2011 10 20 42 4 19
2011 10 20 42 4 16
2011 10 14 41 5 00
2011 10 07 40 5 22
2011 10 07 40 5 08
2011 10 02 39 7 18
2011 10 02 39 7 15
2011 09 19 38 1 08
2011 09 16 37 5 07
2011 09 15 37 4 21
2011 09 15 37 4 15
2011 09 15 37 4 14
2011 09 15 37 4 14
2011 09 14 37 3 20
2011 09 14 37 3 20
2011 09 14 37 3 13
2011 09 14 37 3 13
2011 09 14 37 3 13
2011 09 14 37 3 12
2011 09 14 37 3 11
2011 09 04 35 7 20
2011 09 01 35 4 10
2011 08 08 32 1 09
2011 08 06 31 6 20
2011 08 06 31 6 20
2011 07 20 29 3 23
2011 07 20 29 3 23
2011 07 20 29 3 21
2011 07 11 28 1 02
2011 07 11 28 1 02
2011 07 11 28 1 01
2011 07 11 28 1 01
2011 07 10 27 7 13
2011 07 10 27 7 07
2011 07 10 27 7 06
2011 06 20 25 1 13
2011 06 20 25 1 11
2011 06 20 25 1 10
2011 06 20 25 1 09
2011 06 20 25 1 09
2011 06 20 25 1 08
2011 06 19 24 7 23
2011 06 19 24 7 21
2011 06 19 24 7 21
2011 06 19 24 7 21
2011 06 19 24 7 16
2011 06 19 24 7 14
2011 06 19 24 7 14
2011 06 19 24 7 14
2011 06 19 24 7 14
2011 06 19 24 7 12
2011 06 19 24 7 12
2011 06 19 24 7 11
2011 06 19 24 7 11
2011 06 19 24 7 10
2011 06 19 24 7 10
2011 06 19 24 7 10
2011 06 19 24 7 10
2011 06 19 24 7 10
2011 06 19 24 7 09
2011 06 19 24 7 09
2011 06 19 24 7 07
2011 06 19 24 7 06
2011 06 19 24 7 06
2011 06 19 24 7 05
2011 06 18 24 6 20
2011 06 18 24 6 20
2011 06 18 24 6 19
2011 06 18 24 6 16
2011 06 07 23 2 16
2011 05 30 22 1 23
2011 05 30 22 1 21
2011 05 30 22 1 17
2011 05 29 21 7 11
2011 05 24 21 2 04
2011 05 24 21 2 02
2011 05 24 21 2 02
2011 05 23 21 1 12
2011 05 22 20 7 06
2011 05 22 20 7 05
2011 05 17 20 2 19
2011 05 17 20 2 19
2011 05 17 20 2 08
2011 05 11 19 3 15
2011 05 11 19 3 11
2011 05 11 19 3 11
2011 05 11 19 3 08
2011 05 11 19 3 08
2011 05 11 19 3 07
2011 05 11 19 3 07
2011 05 11 19 3 07
2011 05 10 19 2 22
2011 05 10 19 2 14
2011 05 10 19 2 14
2011 05 10 19 2 14
2011 05 10 19 2 14
2011 05 10 19 2 14
2011 05 10 19 2 07
2011 05 10 19 2 06
2011 05 09 19 1 18
2011 05 09 19 1 03
2011 05 08 18 7 15
2011 05 08 18 7 14
2011 05 08 18 7 12
2011 05 08 18 7 11
2011 05 07 18 6 19
2011 05 07 18 6 15
2011 05 07 18 6 15
2011 05 07 18 6 12
2011 05 07 18 6 11
2011 05 07 18 6 02
2011 05 07 18 6 10
2011 05 07 18 6 09
2011 05 07 18 6 09
2011 05 07 18 6 09
2011 05 06 18 5 23
2011 05 01 17 7 07
2011 05 05 18 4 22
2011 05 04 18 3 14
2011 04 30 17 6 06
2011 04 30 17 6 01
2011 04 30 17 6 01
2011 04 30 17 6 01
2011 04 29 17 5 09
2011 04 27 17 3 09
2011 04 16 15 6 17
2011 04 13 15 3 09
2011 04 13 15 3 09
2011 04 13 15 3 05
2011 04 12 15 2 10
2011 04 12 15 2 10
2011 04 12 15 2 10
2011 04 12 15 2 10
2011 03 21 12 1 07
2011 03 21 12 1 07
2011 03 21 12 1 07
2011 03 21 12 1 06
2011 03 21 12 1 06
2011 03 16 11 3 01
2011 03 15 11 2 15
2011 03 15 11 2 13
2011 03 15 11 2 13
2011 03 15 11 2 12
2011 03 15 11 2 12
2011 03 15 11 2 11
2011 03 15 11 2 10
2011 03 15 11 2 10
2011 03 15 11 2 09
2011 03 15 11 2 09
2011 03 15 11 2 08
2011 03 15 11 2 08
2011 03 15 11 2 08
2011 03 15 11 2 07
2011 03 14 11 1 05
2011 03 14 11 1 05
2011 03 13 10 7 17
2011 03 13 10 7 16
2011 03 13 10 7 16
2011 03 13 10 7 15
2011 03 13 10 7 14
2011 03 13 10 7 12
2011 03 13 10 7 12
2011 03 13 10 7 12
2011 03 13 10 7 11
2011 03 13 10 7 11
2011 03 13 10 7 11
2011 03 13 10 7 09
2011 03 12 10 6 08
2011 03 12 10 6 06
2011 03 12 10 6 05
2011 03 11 10 5 21
2011 03 11 10 5 10
2011 03 10 10 4 12
2011 03 10 10 4 11
2011 03 10 10 4 10
2011 03 10 10 4 09
2011 03 10 10 4 08
2011 03 10 10 4 07
2011 03 10 10 4 06
2011 03 09 10 3 23
2011 03 09 10 3 16
2011 03 09 10 3 15
2011 03 08 10 2 19
2011 03 08 10 2 12
2011 03 08 10 2 10
2011 03 08 10 2 10
2011 03 08 10 2 07
2011 03 08 10 2 07
2011 03 07 10 1 11
2011 03 07 10 1 11
2011 03 04 09 5 08
2011 02 20 07 7 14
2011 02 20 07 7 14
2011 02 20 07 7 13
2011 02 20 07 7 12
2011 02 19 07 6 07
2011 02 19 07 6 07
2011 02 18 07 5 19
2011 02 13 06 7 03
2011 02 09 06 3 17
2011 02 09 06 3 13
2011 02 08 06 2 11
2011 02 05 05 6 11
2011 02 05 05 6 07
2011 02 05 05 6 07
2011 02 05 05 6 04
2011 02 03 05 4 14
2011 02 03 05 4 11
2011 02 03 05 4 11
2011 02 03 05 4 08
2011 02 03 05 4 08
2011 02 03 05 4 07
2011 02 03 05 4 06
2011 02 03 05 4 06
2011 02 02 05 3 19
2011 02 02 05 3 12
2011 02 01 05 2 09
2011 01 30 04 7 11
2011 01 29 04 6 17
2011 01 29 04 6 00
2011 01 28 04 5 13
2011 01 28 04 5 10
2011 01 27 04 4 23
2011 01 27 04 4 20
2011 01 27 04 4 19
2011 01 27 04 4 18
2011 01 27 04 4 15
2011 01 27 04 4 13
2011 01 27 04 4 11
2011 01 27 04 4 08
2011 01 27 04 4 07
2011 01 27 04 4 07
2011 01 27 04 4 07
2011 01 27 04 4 07
2011 01 27 04 4 07
2011 01 27 04 4 07
2011 01 27 04 4 07
2011 01 26 04 3 13
2011 01 26 04 3 13
2011 01 26 04 3 05
2011 01 26 04 3 00
2011 01 26 04 3 00
2011 01 24 04 1 23
2011 01 24 04 1 19
2011 01 24 04 1 16
2011 01 24 04 1 11
2011 01 24 04 1 11
2011 01 24 04 1 07
2011 01 24 04 1 04
2011 01 24 04 1 04
2011 01 24 04 1 03
2011 01 22 03 6 15
2011 01 22 03 6 14
2011 01 22 03 6 11
2011 01 22 03 6 08
2011 01 21 03 5 15
2011 01 21 03 5 04
2011 01 20 03 4 20
2011 01 20 03 4 20
2011 01 19 03 3 15
2011 01 19 03 3 14
2011 01 18 03 2 22
2011 01 14 02 5 20
2011 01 14 02 5 13
2011 01 14 02 5 12
2011 01 14 02 5 11
2011 01 14 02 5 10
2011 01 14 02 5 09
2011 01 12 02 3 12
2011 01 07 01 5 08
2011 01 07 01 5 07
2011 01 07 01 5 06
2011 01 07 01 5 05
2011 01 07 01 5 05
2011 01 06 01 4 18
2011 01 06 01 4 11
2011 01 06 01 4 09
2011 01 05 01 3 20
2011 01 05 01 3 20
2011 01 05 01 3 20
2011 01 05 01 3 19
2011 01 05 01 3 19
2011 01 05 01 3 16
2011 01 05 01 3 15
2011 01 05 01 3 07
2011 01 05 01 3 06
2011 01 05 01 3 05
2011 01 05 01 3 05
2011 01 04 01 2 21
2011 01 03 01 1 18
2011 01 03 01 1 11
2011 01 03 01 1 06
2011 01 03 01 1 02
2011 01 03 01 1 01
2011 01 02 52 7 16
2010 12 30 52 4 10
2010 12 30 52 4 08
2010 12 30 52 4 07
2010 12 30 52 4 07
2010 12 30 52 4 07
2010 12 30 52 4 06
2010 12 30 52 4 05
2010 12 29 52 3 10
2010 12 29 52 3 09
2010 12 29 52 3 07
2010 12 28 52 2 04
2010 12 27 52 1 13
2010 12 19 50 7 02
2010 12 17 50 5 20
2010 12 17 50 5 18
2010 12 17 50 5 05
2010 12 16 50 4 18
2010 12 16 50 4 17
2010 12 16 50 4 16
2010 12 15 50 3 06
2010 12 14 50 2 22
2010 12 13 50 1 13
2010 12 10 49 5 06
2010 12 10 49 5 05
2010 12 10 49 5 05
2010 12 09 49 4 17
2010 12 09 49 4 17
2010 12 09 49 4 14
2010 12 09 49 4 14
