
2016 01 03 53 7 09
2016 01 03 53 7 07
2016 01 03 53 7 06
2015 12 30 53 3 19
2015 12 30 53 3 18
2015 12 30 53 3 03
2015 12 28 53 1 04
2015 12 27 52 7 19
2015 12 27 52 7 19
2015 12 27 52 7 14
2015 12 27 52 7 14
2015 12 27 52 7 14
2015 12 27 52 7 14
2015 12 27 52 7 14
2015 12 26 52 6 21
2015 12 27 52 7 04
2015 12 26 52 6 21
2015 12 26 52 6 03
2015 12 26 52 6 19
2015 12 26 52 6 19
2015 12 26 52 6 19
2015 12 26 52 6 19
2015 12 26 52 6 19
2015 12 26 52 6 18
2015 12 26 52 6 18
2015 12 26 52 6 18
2015 12 26 52 6 18
2015 12 26 52 6 18
2015 12 26 52 6 07
2015 12 26 52 6 04
2015 12 26 52 6 04
2015 12 26 52 6 03
2015 12 24 52 4 21
2015 12 24 52 4 21
2015 12 24 52 4 21
2015 12 24 52 4 21
2015 12 24 52 4 21
2015 12 23 52 3 04
2015 12 23 52 3 04
2015 12 23 52 3 03
2015 12 23 52 3 03
2015 12 23 52 3 03
2015 12 23 52 3 03
2015 12 23 52 3 03
2015 12 22 52 2 18
2015 12 22 52 2 05
2015 12 22 52 2 05
2015 12 22 52 2 05
2015 12 22 52 2 05
2015 12 22 52 2 04
2015 12 15 51 2 09
2015 12 15 51 2 09
2015 12 21 52 1 05
2015 12 19 51 6 19
2015 12 18 51 5 19
2015 12 17 51 4 01
2015 12 15 51 2 05
2015 12 15 51 2 05
2015 12 15 51 2 03
2015 12 13 50 7 21
2015 12 13 50 7 21
2015 12 13 50 7 15
2015 12 13 50 7 14
2015 12 12 50 6 15
2015 12 11 50 5 23
2015 12 11 50 5 23
2015 12 11 50 5 23
2015 12 11 50 5 00
2015 12 10 50 4 22
2015 12 10 50 4 22
2015 12 10 50 4 20
2015 12 10 50 4 18
2015 12 09 50 3 22
2015 12 09 50 3 20
2015 12 09 50 3 20
2015 12 09 50 3 19
2015 12 08 50 2 07
2015 12 07 50 1 15
2015 12 07 50 1 18
2015 12 07 50 1 18
2015 12 07 50 1 03
2015 12 05 49 6 11
2015 12 05 49 6 11
2015 12 05 49 6 04
2015 12 04 49 5 23
2015 12 04 49 5 22
2015 12 04 49 5 22
2015 06 17 25 3 03
2015 12 04 49 5 19
2015 12 04 49 5 19
2015 12 04 49 5 19
2015 12 04 49 5 18
2015 12 04 49 5 13
2015 12 04 49 5 18
2015 12 04 49 5 18
2015 12 04 49 5 18
2015 12 04 49 5 18
2015 12 04 49 5 18
2015 11 04 45 3 02
2015 12 02 49 3 20
2015 12 02 49 3 19
2015 12 02 49 3 08
2015 12 01 49 2 04
2015 12 01 49 2 04
2015 11 30 49 1 23
2015 11 30 49 1 06
2015 11 30 49 1 04
2015 11 30 49 1 04
2015 11 29 48 7 08
2015 11 29 48 7 08
2015 11 15 46 7 21
2015 11 26 48 4 22
2015 11 25 48 3 19
2015 11 25 48 3 12
2015 11 25 48 3 11
2015 11 25 48 3 09
2015 11 25 48 3 03
2015 11 18 47 3 12
2015 11 25 48 3 02
2015 11 25 48 3 02
2015 11 25 48 3 01
2015 11 25 48 3 01
2015 11 25 48 3 00
2015 11 25 48 3 00
2015 11 25 48 3 00
2015 11 24 48 2 22
2015 11 24 48 2 11
2015 11 24 48 2 11
2015 11 22 47 7 06
2015 11 23 48 1 17
2015 11 23 48 1 17
2015 11 23 48 1 17
2015 11 23 48 1 15
2015 11 20 47 5 19
2015 11 20 47 5 02
2015 11 20 47 5 02
2015 11 20 47 5 01
2015 11 20 47 5 01
2015 11 19 47 4 18
2015 11 19 47 4 13
2015 11 19 47 4 05
2015 11 19 47 4 01
2015 11 19 47 4 01
2015 11 19 47 4 01
2015 11 18 47 3 22
2015 11 18 47 3 20
2015 11 18 47 3 17
2015 11 18 47 3 17
2015 11 18 47 3 17
2015 11 18 47 3 13
2015 11 18 47 3 12
2015 11 18 47 3 07
2015 11 18 47 3 07
2015 11 18 47 3 07
2015 11 18 47 3 07
2015 11 18 47 3 07
2015 11 18 47 3 03
2015 11 17 47 2 14
2015 11 16 47 1 16
2015 11 15 46 7 21
2015 11 15 46 7 12
2015 11 14 46 6 21
2015 11 14 46 6 06
2015 11 14 46 6 05
2015 11 13 46 5 21
2015 11 13 46 5 16
2015 11 13 46 5 06
2015 11 12 46 4 02
2015 11 12 46 4 02
2015 11 12 46 4 00
2015 11 11 46 3 17
2015 11 11 46 3 04
2015 11 11 46 3 04
2015 11 11 46 3 04
2015 11 10 46 2 14
2015 11 06 45 5 19
2015 11 06 45 5 00
2015 11 05 45 4 01
2015 11 05 45 4 01
2015 11 05 45 4 00
2015 11 04 45 3 09
2015 11 04 45 3 01
2015 11 04 45 3 01
2015 11 03 45 2 16
2015 11 03 45 2 13
2015 11 03 45 2 07
2015 11 02 45 1 06
2015 11 02 45 1 00
2015 11 01 44 7 05
2015 11 01 44 7 00
2015 10 30 44 5 22
2015 10 30 44 5 20
2015 10 30 44 5 20
2015 10 30 44 5 20
2015 10 30 44 5 20
2015 10 30 44 5 20
2015 10 30 44 5 20
2015 10 29 44 4 23
2015 10 29 44 4 19
2015 10 29 44 4 21
2015 10 29 44 4 21
2015 10 29 44 4 21
2015 10 29 44 4 21
2015 10 24 43 6 17
2015 10 27 44 2 05
2015 10 27 44 2 05
2015 10 27 44 2 04
2015 10 27 44 2 00
2015 10 27 44 2 01
2015 10 27 44 2 01
2015 10 27 44 2 01
2015 10 27 44 2 00
2015 10 27 44 2 00
2015 10 27 44 2 00
2015 10 26 44 1 23
2015 10 26 44 1 22
2015 10 26 44 1 22
2015 10 26 44 1 22
2015 10 26 44 1 22
2015 10 26 44 1 22
2015 10 26 44 1 21
2015 10 26 44 1 21
2015 10 26 44 1 21
2015 10 26 44 1 19
2015 10 26 44 1 17
2015 10 26 44 1 17
2015 10 19 43 1 00
2015 10 26 44 1 08
2015 10 25 43 7 12
2015 10 22 43 4 20
2015 10 22 43 4 09
2015 10 21 43 3 20
2015 10 20 43 2 15
2015 10 20 43 2 14
2015 10 20 43 2 14
2015 10 20 43 2 14
2015 10 19 43 1 19
2015 10 19 43 1 18
2015 10 19 43 1 05
2015 10 17 42 6 20
2015 10 17 42 6 13
2015 10 16 42 5 21
2015 10 16 42 5 19
2015 10 16 42 5 19
2015 10 16 42 5 18
2015 10 16 42 5 13
2015 10 16 42 5 04
2015 10 16 42 5 03
2015 10 16 42 5 03
2015 10 15 42 4 20
2015 10 14 42 3 22
2015 10 12 42 1 05
2015 10 12 42 1 03
2015 10 11 41 7 23
2015 10 11 41 7 23
2015 10 11 41 7 23
2015 10 11 41 7 19
2015 10 09 41 5 20
2015 10 09 41 5 14
2015 10 09 41 5 09
2015 10 08 41 4 20
2015 10 08 41 4 15
2015 10 08 41 4 15
2015 10 08 41 4 09
2015 10 08 41 4 08
2015 10 01 40 4 22
2015 10 01 40 4 06
2015 09 30 40 3 18
2015 09 29 40 2 03
2015 09 28 40 1 23
2015 09 28 40 1 22
2015 09 27 39 7 21
2015 09 26 39 6 21
2015 09 26 39 6 03
2015 09 25 39 5 01
2015 09 25 39 5 01
2015 09 24 39 4 20
2015 09 24 39 4 18
2015 09 24 39 4 19
2015 09 23 39 3 18
2015 09 24 39 4 02
2015 09 23 39 3 06
2015 09 22 39 2 23
2015 09 22 39 2 18
2015 09 21 39 1 21
2015 09 21 39 1 21
2015 09 21 39 1 21
2015 09 21 39 1 21
2015 09 11 37 5 22
2015 09 11 37 5 21
2015 09 09 37 3 15
2015 09 09 37 3 14
2015 09 08 37 2 07
2015 09 03 36 4 05
2015 09 01 36 2 20
2015 09 01 36 2 20
2015 09 01 36 2 20
2015 08 31 36 1 12
2015 08 30 35 7 18
2015 08 30 35 7 15
2015 08 26 35 3 08
2015 08 26 35 3 08
2015 08 26 35 3 07
2015 08 25 35 2 03
2015 08 24 35 1 23
2015 08 24 35 1 22
2015 08 24 35 1 14
2015 08 23 34 7 21
2015 08 21 34 5 17
2015 08 20 34 4 19
2015 08 12 33 3 00
2015 08 17 34 1 13
2015 08 16 33 7 20
2015 08 16 33 7 19
2015 08 16 33 7 19
2015 08 16 33 7 19
2015 08 16 33 7 19
2015 08 05 32 3 19
2015 06 11 24 4 20
2015 08 09 32 7 00
2015 08 07 32 5 23
2015 08 07 32 5 23
2015 08 05 32 3 23
2015 08 05 32 3 23
2015 08 05 32 3 23
2015 08 05 32 3 23
2015 08 05 32 3 19
2015 08 05 32 3 08
2015 08 05 32 3 01
2015 08 05 32 3 01
2015 08 05 32 3 01
2015 08 05 32 3 01
2015 08 05 32 3 01
2015 08 05 32 3 01
2015 06 15 25 1 00
2015 08 01 31 6 12
2015 08 01 31 6 20
2015 07 31 31 5 19
2015 07 13 29 1 15
2015 07 28 31 2 20
2015 07 27 31 1 23
2015 07 25 30 6 06
2015 07 25 30 6 06
2015 07 25 30 6 00
2015 07 20 30 1 05
2015 07 19 29 7 03
2015 07 16 29 4 15
2015 07 16 29 4 21
2015 07 16 29 4 15
2015 07 16 29 4 15
2015 07 09 28 4 19
2015 07 07 28 2 00
2015 07 06 28 1 21
2015 07 06 28 1 20
2015 07 06 28 1 19
2015 07 04 27 6 11
2015 07 01 27 3 19
2015 06 30 27 2 20
2015 06 25 26 4 18
2015 06 29 27 1 23
2015 06 25 26 4 23
2015 06 25 26 4 15
2015 06 25 26 4 03
2015 06 24 26 3 22
2015 06 24 26 3 00
2015 06 23 26 2 23
2015 06 19 25 5 05
2015 06 18 25 4 23
2015 06 17 25 3 19
2015 06 17 25 3 17
2015 06 16 25 2 19
2015 06 10 24 3 23
2015 06 10 24 3 22
2015 06 10 24 3 22
2015 06 10 24 3 22
2015 06 10 24 3 02
2015 06 09 24 2 18
2015 06 09 24 2 17
2015 06 08 24 1 18
2015 06 07 23 7 18
2015 06 05 23 5 02
2015 06 06 23 6 13
2015 06 06 23 6 13
2015 06 06 23 6 08
2015 06 05 23 5 01
2015 06 04 23 4 22
2015 06 02 23 2 00
2015 05 31 22 7 20
2015 05 31 22 7 13
2015 05 29 22 5 00
2015 05 29 22 5 00
2015 05 24 21 7 07
2015 05 28 22 4 21
2015 05 28 22 4 18
2015 05 20 21 3 08
2015 05 28 22 4 16
2015 05 25 22 1 22
2015 05 25 22 1 09
2015 05 25 22 1 09
2015 05 20 21 3 07
2015 05 20 21 3 07
2015 05 19 21 2 22
2015 05 19 21 2 17
2015 05 19 21 2 05
2015 05 18 21 1 20
2015 05 18 21 1 16
2015 05 18 21 1 16
2015 05 16 20 6 05
2015 05 16 20 6 15
2015 05 18 21 1 13
2015 05 18 21 1 13
2015 05 16 20 6 03
2015 05 16 20 6 01
2015 05 15 20 5 14
2015 05 15 20 5 13
2015 05 12 20 2 14
2015 05 12 20 2 14
2015 05 12 20 2 04
2015 05 11 20 1 23
2015 05 11 20 1 11
2015 05 10 19 7 10
2015 05 10 19 7 08
2015 05 10 19 7 06
2015 05 10 19 7 06
2015 05 10 19 7 04
2015 05 10 19 7 05
2015 05 09 19 6 20
2015 05 09 19 6 17
2015 05 09 19 6 09
2015 05 09 19 6 08
2015 05 08 19 5 01
2015 05 07 19 4 08
2015 05 03 18 7 22
2015 05 03 18 7 00
2015 05 02 18 6 03
2015 03 07 10 6 03
2015 05 01 18 5 18
2015 05 01 18 5 17
2015 05 01 18 5 16
2015 04 30 18 4 01
2015 04 29 18 3 22
2015 04 20 17 1 19
2015 01 24 04 6 22
2015 04 29 18 3 19
2015 04 29 18 3 19
2015 04 28 18 2 23
2015 04 25 17 6 02
2015 04 20 17 1 19
2015 04 26 17 7 15
2015 04 24 17 5 10
2015 04 21 17 2 23
2015 04 21 17 2 10
2015 04 20 17 1 19
2015 04 20 17 1 19
2015 04 20 17 1 19
2015 04 20 17 1 13
2015 04 19 16 7 08
2015 04 19 16 7 01
2015 04 19 16 7 01
2015 04 15 16 3 02
2015 04 15 16 3 02
2015 04 10 15 5 23
2015 04 14 16 2 22
2015 04 14 16 2 22
2015 04 14 16 2 22
2015 04 14 16 2 21
2015 04 13 16 1 19
2015 04 10 15 5 23
2015 03 20 12 5 01
2015 03 20 12 5 01
2015 04 14 16 2 20
2015 04 14 16 2 07
2015 04 14 16 2 07
2015 04 14 16 2 07
2015 04 14 16 2 19
2015 04 14 16 2 18
2015 04 13 16 1 18
2015 04 13 16 1 18
2015 04 13 16 1 18
2015 04 13 16 1 18
2015 04 13 16 1 17
2015 04 12 15 7 05
2015 04 12 15 7 00
2015 04 11 15 6 21
2015 04 11 15 6 00
2015 04 10 15 5 23
2015 04 10 15 5 23
2015 04 10 15 5 23
2015 04 10 15 5 23
2015 04 10 15 5 22
2015 04 10 15 5 22
2015 04 10 15 5 22
2015 04 10 15 5 22
2015 04 10 15 5 22
2015 04 10 15 5 22
2015 04 10 15 5 22
2015 04 10 15 5 22
2015 04 10 15 5 22
2015 04 10 15 5 00
2015 04 08 15 3 19
2015 04 05 14 7 00
2015 04 04 14 6 23
2015 04 01 14 3 12
2015 04 01 14 3 12
2015 03 30 14 1 18
2015 03 30 14 1 17
2015 03 30 14 1 08
2015 03 29 13 7 01
2015 03 27 13 5 21
2015 03 27 13 5 18
2015 03 27 13 5 15
2015 03 27 13 5 15
2015 03 27 13 5 15
2015 03 27 13 5 13
2015 03 26 13 4 22
2015 03 26 13 4 18
2015 03 26 13 4 03
2015 03 25 13 3 16
2015 03 25 13 3 13
2015 03 25 13 3 08
2015 03 25 13 3 05
2015 03 24 13 2 04
2015 03 24 13 2 04
2015 03 24 13 2 03
2015 03 24 13 2 03
2015 03 24 13 2 03
2015 03 23 13 1 07
2015 03 22 12 7 22
2015 03 22 12 7 21
2015 03 22 12 7 20
2015 03 22 12 7 20
2015 03 22 12 7 19
2015 03 22 12 7 03
2015 03 22 12 7 03
2015 03 22 12 7 01
2015 03 22 12 7 01
2015 03 21 12 6 02
2015 03 21 12 6 00
2015 03 20 12 5 17
2015 03 20 12 5 16
2015 03 20 12 5 16
2015 03 20 12 5 16
2015 03 20 12 5 16
2015 03 20 12 5 16
2015 03 20 12 5 16
2015 03 20 12 5 16
2015 03 20 12 5 16
2015 03 20 12 5 15
2015 03 20 12 5 15
2015 03 20 12 5 15
2015 03 20 12 5 12
2015 03 20 12 5 02
2015 03 20 12 5 01
2015 03 19 12 4 17
2015 03 19 12 4 14
2015 03 19 12 4 06
2015 03 18 12 3 18
2015 03 18 12 3 11
2015 03 18 12 3 01
2015 03 18 12 3 01
2015 03 18 12 3 00
2015 03 18 12 3 00
2015 03 18 12 3 00
2015 03 17 12 2 23
2015 03 17 12 2 05
2015 03 17 12 2 04
2015 03 16 12 1 23
2015 03 16 12 1 22
2015 03 16 12 1 22
2015 03 16 12 1 22
2015 03 16 12 1 22
2015 03 16 12 1 22
2015 03 09 11 1 08
2015 03 16 12 1 02
2015 03 15 11 7 16
2015 03 15 11 7 01
2015 03 15 11 7 01
2015 03 13 11 5 16
2015 03 13 11 5 16
2015 03 13 11 5 00
2015 03 12 11 4 23
2015 03 12 11 4 16
2015 03 12 11 4 01
2015 03 09 11 1 22
2015 03 09 11 1 19
2015 03 09 11 1 19
2015 03 08 10 7 02
2015 03 07 10 6 03
2015 03 07 10 6 01
2015 03 07 10 6 01
2015 03 06 10 5 17
2015 03 06 10 5 12
2015 03 06 10 5 07
2015 03 06 10 5 05
2015 03 05 10 4 22
2015 03 05 10 4 22
2015 03 05 10 4 21
2015 03 05 10 4 20
2015 03 05 10 4 13
2015 03 05 10 4 10
2015 03 05 10 4 10
2015 03 05 10 4 03
2015 03 05 10 4 00
2015 03 05 10 4 00
2015 03 05 10 4 00
2015 03 04 10 3 22
2015 03 04 10 3 22
2015 03 04 10 3 22
2015 03 04 10 3 21
2015 03 04 10 3 21
2015 03 04 10 3 21
2015 03 04 10 3 20
2015 03 04 10 3 20
2015 03 04 10 3 20
2015 03 04 10 3 20
2015 03 04 10 3 20
2015 03 04 10 3 20
2015 03 04 10 3 20
2015 03 04 10 3 20
2015 03 04 10 3 20
2015 03 04 10 3 20
2015 03 04 10 3 19
2015 03 04 10 3 19
2015 03 04 10 3 19
2015 03 04 10 3 19
2015 03 04 10 3 19
2015 03 01 09 7 07
2015 03 04 10 3 14
2015 03 04 10 3 12
2015 03 03 10 2 19
2015 03 03 10 2 09
2015 02 22 08 7 04
2015 03 03 10 2 00
2015 03 02 10 1 21
2015 03 02 10 1 18
2015 03 02 10 1 03
2015 03 02 10 1 02
2015 03 02 10 1 01
2015 03 02 10 1 01
2015 03 01 09 7 11
2015 03 01 09 7 09
2015 03 01 09 7 09
2015 03 01 09 7 09
2015 03 01 09 7 09
2015 03 01 09 7 09
2015 03 01 09 7 04
2015 03 01 09 7 03
2015 03 01 09 7 02
2015 03 01 09 7 02
2015 02 28 09 6 15
2015 02 28 09 6 02
2015 02 28 09 6 02
2015 02 28 09 6 01
2015 02 27 09 5 22
2015 02 27 09 5 22
2015 02 27 09 5 06
2015 02 26 09 4 22
2015 02 26 09 4 01
2015 02 26 09 4 01
2015 02 26 09 4 01
2015 02 25 09 3 20
2015 02 25 09 3 20
2015 02 25 09 3 20
2015 02 25 09 3 08
2015 02 25 09 3 08
2015 02 25 09 3 06
2015 02 25 09 3 06
2015 02 25 09 3 06
2015 02 25 09 3 05
2015 02 25 09 3 00
2015 02 24 09 2 22
2015 02 24 09 2 22
2015 02 23 09 1 10
2015 02 23 09 1 10
2015 02 23 09 1 06
2015 02 23 09 1 06
2015 02 22 08 7 18
2015 02 22 08 7 12
2015 02 22 08 7 10
2015 02 21 08 6 23
2015 02 21 08 6 09
2015 02 21 08 6 09
2015 02 21 08 6 09
2015 02 21 08 6 03
2015 02 20 08 5 22
2015 02 20 08 5 22
2015 02 20 08 5 14
2015 02 18 08 3 23
2015 02 18 08 3 20
2015 02 18 08 3 20
2015 02 18 08 3 09
2015 02 17 08 2 22
2015 02 17 08 2 22
2015 02 17 08 2 21
2015 02 17 08 2 14
2015 02 17 08 2 06
2015 02 17 08 2 01
2015 02 16 08 1 22
2015 02 16 08 1 15
2015 02 16 08 1 00
2015 02 15 07 7 23
2015 02 15 07 7 23
2015 02 15 07 7 23
2015 02 15 07 7 23
2015 02 15 07 7 22
2015 02 15 07 7 21
2015 02 15 07 7 12
2015 02 15 07 7 07
2015 02 14 07 6 19
2015 02 14 07 6 14
2015 02 14 07 6 10
2015 02 14 07 6 08
2015 02 14 07 6 05
2015 02 14 07 6 04
2015 02 14 07 6 02
2015 02 13 07 5 04
2015 02 13 07 5 03
2015 02 12 07 4 00
2015 02 12 07 4 00
2015 02 11 07 3 22
2015 02 10 07 2 21
2015 02 10 07 2 17
2015 02 10 07 2 17
2015 02 10 07 2 08
2015 02 10 07 2 07
2015 02 10 07 2 07
2015 02 10 07 2 06
2015 02 10 07 2 06
2015 02 10 07 2 01
2015 02 08 06 7 23
2015 02 08 06 7 22
2015 02 08 06 7 11
2015 02 08 06 7 08
2015 02 08 06 7 08
2015 02 06 06 5 07
2015 02 06 06 5 05
2015 02 08 06 7 08
2015 02 08 06 7 08
2015 02 08 06 7 08
2015 02 08 06 7 07
2015 02 08 06 7 08
2015 02 08 06 7 08
2015 02 08 06 7 08
2015 02 08 06 7 08
2015 02 08 06 7 08
2015 02 08 06 7 07
2015 02 08 06 7 06
2015 02 08 06 7 05
2015 02 07 06 6 18
2015 02 07 06 6 18
2015 02 07 06 6 11
2015 02 06 06 5 22
2015 02 06 06 5 19
2015 02 05 06 4 10
2015 02 02 06 1 18
2015 01 26 05 1 10
2015 02 02 06 1 08
2015 02 02 06 1 07
2015 02 02 06 1 02
2015 02 01 05 7 23
2015 02 01 05 7 17
2015 02 01 05 7 13
2015 02 01 05 7 05
2015 02 01 05 7 05
2015 02 01 05 7 04
2015 02 01 05 7 00
2015 01 31 05 6 23
2015 01 31 05 6 21
2015 01 18 03 7 01
2015 01 18 03 7 01
2015 01 31 05 6 22
2015 01 31 05 6 21
2015 01 31 05 6 21
2015 01 31 05 6 20
2015 01 31 05 6 18
2015 01 31 05 6 09
2015 01 31 05 6 09
2015 01 31 05 6 09
2015 01 31 05 6 09
2015 01 31 05 6 08
2015 01 31 05 6 00
2015 01 30 05 5 19
2015 01 30 05 5 10
2015 01 30 05 5 03
2015 01 29 05 4 23
2015 01 29 05 4 23
2015 01 29 05 4 21
2015 01 29 05 4 21
2015 01 29 05 4 16
2015 01 29 05 4 16
2015 01 26 05 1 04
2015 01 26 05 1 04
2015 01 24 04 6 20
2015 01 24 04 6 20
2015 01 24 04 6 18
2015 01 24 04 6 15
2015 01 24 04 6 09
2015 01 21 04 3 23
2015 01 21 04 3 17
2015 01 21 04 3 16
2015 01 21 04 3 05
2015 01 21 04 3 05
2015 01 21 04 3 05
2015 01 21 04 3 05
2015 01 21 04 3 04
2015 01 21 04 3 02
2015 01 21 04 3 01
2015 01 20 04 2 03
2015 01 20 04 2 01
2015 01 20 04 2 01
2015 01 19 04 1 20
2015 01 19 04 1 06
2015 01 18 03 7 22
2015 01 18 03 7 20
2015 01 18 03 7 15
2015 01 18 03 7 02
2015 01 18 03 7 01
2015 01 17 03 6 23
2015 01 17 03 6 23
2015 01 17 03 6 22
2015 01 17 03 6 22
2015 01 17 03 6 20
2015 01 18 03 7 01
2015 01 18 03 7 01
2015 01 18 03 7 01
2015 01 18 03 7 01
2015 01 18 03 7 01
2015 01 18 03 7 01
2015 01 18 03 7 01
2015 01 18 03 7 01
2015 01 18 03 7 00
2015 01 18 03 7 00
2014 05 29 22 4 21
2015 01 18 03 7 00
2015 01 18 03 7 00
2015 01 18 03 7 00
2015 01 18 03 7 00
2015 01 18 03 7 00
2015 01 18 03 7 00
2015 01 18 03 7 00
2015 01 17 03 6 23
2015 01 17 03 6 23
2015 01 17 03 6 23
2015 01 17 03 6 00
2015 01 15 03 4 22
2015 01 15 03 4 22
2015 01 15 03 4 00
2015 01 14 03 3 20
2015 01 14 03 3 12
2015 01 14 03 3 12
2015 01 14 03 3 12
2015 01 14 03 3 02
2015 01 13 03 2 22
2015 01 13 03 2 21
2015 01 13 03 2 19
2015 01 13 03 2 19
2015 01 13 03 2 08
2015 01 13 03 2 07
2015 01 13 03 2 03
2015 01 13 03 2 01
2015 01 13 03 2 01
2015 01 13 03 2 00
2015 01 12 03 1 23
2015 01 12 03 1 23
2014 12 19 51 5 15
2015 01 12 03 1 09
2015 01 12 03 1 09
2015 01 12 03 1 06
2015 01 12 03 1 05
2015 01 12 03 1 01
2015 01 12 03 1 01
2015 01 11 02 7 20
2015 01 10 02 6 10
2014 12 29 01 1 06
2014 08 18 34 1 00
2015 01 10 02 6 09
2015 01 10 02 6 09
2015 01 10 02 6 09
2015 01 10 02 6 09
2015 01 10 02 6 09
2015 01 10 02 6 08
2015 01 10 02 6 08
2015 01 10 02 6 08
2015 01 10 02 6 08
2015 01 10 02 6 08
2015 01 10 02 6 01
2015 01 09 02 5 23
2015 01 09 02 5 09
2015 01 08 02 4 19
2015 01 08 02 4 13
2015 01 07 02 3 23
2015 01 07 02 3 12
2015 01 06 02 2 08
2014 12 01 49 1 03
2014 11 29 48 6 19
2014 11 25 48 2 21
2015 01 04 01 7 18
2015 01 04 01 7 18
2015 01 05 02 1 09
2015 01 05 02 1 09
2015 01 05 02 1 05
2015 01 04 01 7 12
2015 01 04 01 7 08
2015 01 04 01 7 04
2015 01 03 01 6 16
2015 01 03 01 6 11
2015 01 02 01 5 20
2015 01 02 01 5 20
2015 01 02 01 5 13
2015 01 02 01 5 06
2014 12 30 01 2 02
2014 12 30 01 2 02
2014 12 30 01 2 02
2014 12 30 01 2 01
2014 12 25 52 4 20
2014 12 30 01 2 00
2014 09 14 37 7 19
2014 12 29 01 1 08
2014 12 29 01 1 07
2014 12 29 01 1 07
2014 07 22 30 2 20
2014 12 29 01 1 06
2014 12 29 01 1 06
2014 12 29 01 1 06
2014 12 29 01 1 06
2014 12 29 01 1 06
2014 12 29 01 1 06
2014 10 18 42 6 22
2014 12 29 01 1 06
2014 12 29 01 1 06
2014 12 29 01 1 05
2014 12 25 52 4 20
2014 12 29 01 1 05
2014 12 29 01 1 05
2014 12 28 52 7 20
2014 12 28 52 7 20
2014 12 28 52 7 20
2014 12 28 52 7 20
2014 12 28 52 7 20
2014 12 27 52 6 05
2014 12 18 51 4 09
2014 12 27 52 6 04
2014 12 18 51 4 09
2014 12 11 50 4 21
2014 12 27 52 6 04
2014 12 27 52 6 04
2014 12 27 52 6 04
2014 12 27 52 6 04
2014 12 27 52 6 04
2014 12 27 52 6 04
2014 12 27 52 6 04
2014 12 25 52 4 20
2014 12 16 51 2 01
2014 11 13 46 4 01
2014 10 29 44 3 23
2014 10 14 42 2 21
2014 12 26 52 5 22
2014 12 26 52 5 22
2014 12 26 52 5 12
2014 12 26 52 5 01
2014 12 25 52 4 22
2014 12 25 52 4 22
2014 12 25 52 4 22
2014 12 24 52 3 23
2014 12 23 52 2 22
2014 12 23 52 2 13
2014 12 22 52 1 15
2014 12 22 52 1 14
2014 12 20 51 6 19
2014 12 20 51 6 04
2014 12 19 51 5 08
2014 12 17 51 3 20
2014 12 18 51 4 04
2014 12 15 51 1 21
2014 12 14 50 7 21
2014 12 10 50 3 03
2014 12 10 50 3 02
2014 12 09 50 2 19
2014 12 09 50 2 19
2014 12 09 50 2 13
2014 12 09 50 2 12
2014 12 08 50 1 19
2014 12 08 50 1 16
2014 12 08 50 1 16
2014 12 08 50 1 16
2014 12 08 50 1 01
2014 12 08 50 1 00
2014 12 06 49 6 04
2014 12 06 49 6 04
2014 12 06 49 6 00
2014 12 06 49 6 00
2014 12 05 49 5 13
2014 12 05 49 5 05
2014 12 05 49 5 05
2014 12 03 49 3 03
2014 12 02 49 2 23
2014 12 02 49 2 22
2014 12 01 49 1 23
2014 12 01 49 1 12
2014 12 01 49 1 00
2014 11 30 48 7 14
2014 11 30 48 7 14
2014 11 28 48 5 20
2014 11 29 48 6 12
2014 11 29 48 6 06
2014 11 29 48 6 06
2014 11 29 48 6 06
2014 11 29 48 6 06
2014 11 28 48 5 00
2014 11 28 48 5 23
2014 11 28 48 5 04
2014 11 28 48 5 04
2014 11 28 48 5 01
2014 11 28 48 5 00
2014 11 27 48 4 19
2014 11 27 48 4 19
2014 11 27 48 4 11
2014 11 27 48 4 11
2014 11 27 48 4 11
2014 11 27 48 4 10
2014 11 27 48 4 06
2014 11 27 48 4 05
2014 11 26 48 3 20
2014 11 26 48 3 09
2014 11 25 48 2 19
2014 11 25 48 2 19
2014 11 25 48 2 15
2014 09 22 39 1 08
2014 11 25 48 2 03
2014 11 25 48 2 02
2014 11 24 48 1 00
2014 11 24 48 1 00
2014 11 23 47 7 23
2014 11 23 47 7 23
2014 11 23 47 7 23
2014 11 23 47 7 22
2014 11 23 47 7 21
2014 11 23 47 7 21
2014 11 17 47 1 05
2014 11 22 47 6 23
2014 11 22 47 6 21
2014 11 22 47 6 07
2014 11 22 47 6 06
2014 11 17 47 1 01
2014 11 17 47 1 00
2014 11 16 46 7 07
2014 11 21 47 5 19
2014 11 21 47 5 18
2014 11 21 47 5 05
2014 11 20 47 4 21
2014 11 20 47 4 21
2014 11 20 47 4 21
2014 11 07 45 5 18
2014 11 08 45 6 22
2014 11 20 47 4 19
2014 11 18 47 2 21
2014 11 18 47 2 21
2014 10 27 44 1 15
2014 09 10 37 3 12
2014 11 17 47 1 22
2014 11 17 47 1 20
2014 11 17 47 1 20
2014 11 17 47 1 06
2014 11 17 47 1 06
2014 11 17 47 1 05
2014 11 17 47 1 05
2014 11 17 47 1 05
2014 11 17 47 1 05
2014 11 17 47 1 05
2014 11 14 46 5 04
2014 11 13 46 4 16
2014 11 13 46 4 10
2014 11 13 46 4 03
2014 11 12 46 3 03
2014 11 12 46 3 02
2014 11 12 46 3 00
2014 11 11 46 2 10
2014 11 10 46 1 22
2014 11 10 46 1 21
2014 11 10 46 1 20
2014 11 10 46 1 20
2014 11 10 46 1 19
2014 11 10 46 1 18
2014 11 09 45 7 20
2014 11 09 45 7 19
2014 11 09 45 7 18
2014 11 09 45 7 07
2014 11 09 45 7 07
2014 11 09 45 7 07
2014 11 09 45 7 07
2014 11 09 45 7 07
2014 11 09 45 7 06
2014 11 08 45 6 22
2014 11 08 45 6 21
2014 11 08 45 6 04
2014 11 07 45 5 03
2014 11 06 45 4 22
2014 11 06 45 4 21
2014 11 06 45 4 21
2014 11 06 45 4 21
2014 11 06 45 4 21
2014 11 06 45 4 19
2014 11 05 45 3 18
2014 11 05 45 3 20
2014 11 06 45 4 07
2014 11 06 45 4 06
2014 11 06 45 4 06
2014 11 06 45 4 05
2014 11 06 45 4 05
2014 11 06 45 4 04
2014 11 06 45 4 03
2014 10 22 43 3 05
2014 09 04 36 4 06
2014 09 01 36 1 21
2014 11 06 45 4 03
2014 11 05 45 3 20
2014 11 05 45 3 20
2014 11 05 45 3 20
2014 11 05 45 3 20
2014 11 05 45 3 19
2014 11 05 45 3 01
2014 11 04 45 2 07
2014 10 21 43 2 18
2014 10 21 43 2 18
2014 10 21 43 2 07
2014 10 21 43 2 07
2014 10 21 43 2 07
2014 10 21 43 2 07
2014 10 21 43 2 07
2014 10 21 43 2 07
2014 10 21 43 2 07
2014 10 21 43 2 06
2014 10 21 43 2 06
2014 10 21 43 2 06
2014 09 07 36 7 22
2014 09 07 36 7 22
2014 09 07 36 7 21
2014 09 07 36 7 21
2014 09 07 36 7 21
2014 09 07 36 7 20
2014 09 07 36 7 20
2014 08 27 35 3 08
2014 08 27 35 3 08
2014 08 27 35 3 08
2014 08 27 35 3 08
2014 08 27 35 3 08
2014 11 03 45 1 21
2014 11 03 45 1 21
2014 11 03 45 1 00
2014 11 03 45 1 00
2014 10 31 44 5 15
2014 10 30 44 4 17
2014 10 30 44 4 10
2014 10 29 44 3 23
2014 10 28 44 2 06
2014 10 28 44 2 01
2014 10 27 44 1 23
2014 10 27 44 1 05
2014 10 27 44 1 02
2014 10 24 43 5 20
2014 10 22 43 3 11
2014 10 22 43 3 11
2014 10 22 43 3 10
2014 10 22 43 3 10
2014 10 22 43 3 10
2014 10 22 43 3 10
2014 10 22 43 3 10
2014 10 22 43 3 10
2014 10 22 43 3 10
2014 10 22 43 3 09
2014 10 22 43 3 09
2014 10 22 43 3 09
2014 10 22 43 3 09
2014 10 22 43 3 09
2014 10 21 43 2 06
2014 10 21 43 2 06
2014 10 21 43 2 06
2014 10 21 43 2 06
2014 10 21 43 2 05
2014 10 21 43 2 05
2014 10 21 43 2 05
2014 10 20 43 1 18
2014 10 20 43 1 14
2014 10 18 42 6 21
2014 10 18 42 6 21
2014 10 18 42 6 08
2014 10 17 42 5 21
2014 10 17 42 5 20
2014 10 13 42 1 01
2014 10 13 42 1 00
2014 10 13 42 1 00
2014 10 13 42 1 00
2014 10 13 42 1 00
2014 10 13 42 1 00
2014 10 13 42 1 00
2014 10 13 42 1 00
2014 10 13 42 1 00
2014 10 13 42 1 00
2014 10 12 41 7 23
2014 10 12 41 7 23
2014 10 12 41 7 23
2014 10 12 41 7 11
2014 10 12 41 7 11
2014 10 12 41 7 23
2014 10 12 41 7 23
2014 10 12 41 7 21
2014 10 12 41 7 11
2014 09 13 37 6 19
2014 09 13 37 6 19
2014 09 13 37 6 19
2014 10 08 41 3 23
2014 10 08 41 3 22
2014 10 08 41 3 22
2014 10 08 41 3 21
2014 10 08 41 3 21
2014 10 08 41 3 21
2014 10 08 41 3 20
2014 10 08 41 3 20
2014 10 08 41 3 20
2014 10 08 41 3 20
2014 10 08 41 3 20
2014 10 08 41 3 09
2014 10 08 41 3 09
2014 10 08 41 3 09
2014 10 08 41 3 05
2014 10 07 41 2 14
2014 10 06 41 1 05
2014 10 05 40 7 19
2014 10 05 40 7 18
2014 10 05 40 7 18
2014 10 05 40 7 04
2014 09 22 39 1 08
2014 10 05 40 7 04
2014 10 05 40 7 04
2014 10 03 40 5 19
2014 10 02 40 4 18
2014 09 30 40 2 23
2014 09 29 40 1 05
2014 09 27 39 6 20
2014 09 27 39 6 20
2014 09 27 39 6 20
2014 09 27 39 6 19
2014 09 27 39 6 18
2014 09 27 39 6 02
2014 09 27 39 6 01
2014 09 26 39 5 18
2014 09 26 39 5 16
2014 09 25 39 4 08
2014 09 14 37 7 21
2014 09 14 37 7 02
2014 09 25 39 4 02
2014 09 25 39 4 02
2014 09 25 39 4 02
2014 09 23 39 2 08
2014 09 23 39 2 08
2014 09 23 39 2 07
2014 09 23 39 2 07
2014 09 22 39 1 17
2014 09 22 39 1 08
2014 09 21 38 7 22
2014 09 21 38 7 22
2014 09 21 38 7 12
2014 09 20 38 6 04
2014 09 20 38 6 04
2014 09 19 38 5 09
2014 09 19 38 5 06
2014 09 17 38 3 21
2014 09 17 38 3 21
2014 09 17 38 3 01
2014 09 17 38 3 00
2014 09 16 38 2 18
2014 09 16 38 2 18
2014 09 16 38 2 14
2014 09 14 37 7 23
2014 09 14 37 7 20
2014 09 14 37 7 20
2014 09 14 37 7 05
2014 09 13 37 6 21
2014 09 13 37 6 21
2014 09 13 37 6 21
2014 09 13 37 6 21
2014 09 13 37 6 16
2014 09 12 37 5 18
2014 09 12 37 5 18
2014 09 12 37 5 18
2014 09 12 37 5 16
2014 09 12 37 5 03
2014 09 12 37 5 01
2014 09 11 37 4 06
2014 09 10 37 3 21
2014 09 10 37 3 19
2014 09 10 37 3 19
2014 09 10 37 3 12
2014 09 10 37 3 12
2014 09 10 37 3 12
2014 09 10 37 3 12
2014 09 10 37 3 08
2014 09 10 37 3 07
2014 09 10 37 3 07
2014 09 10 37 3 07
2014 09 10 37 3 07
2014 09 10 37 3 06
2014 09 10 37 3 06
2014 09 10 37 3 06
2014 09 10 37 3 05
2014 09 09 37 2 09
2014 09 09 37 2 09
2014 09 09 37 2 07
2014 09 08 37 1 23
2014 09 08 37 1 06
2014 09 08 37 1 06
2014 09 07 36 7 22
2014 09 07 36 7 21
2014 09 07 36 7 21
2014 09 07 36 7 21
2014 09 07 36 7 21
2014 09 07 36 7 20
2014 09 07 36 7 20
2014 09 07 36 7 20
2014 09 07 36 7 19
2014 09 07 36 7 19
2014 09 07 36 7 14
2014 09 07 36 7 10
2014 09 07 36 7 09
2014 09 07 36 7 09
2014 09 07 36 7 09
2014 09 07 36 7 06
2014 09 07 36 7 06
2014 09 06 36 6 20
2014 09 06 36 6 19
2014 09 06 36 6 10
2014 09 05 36 5 19
2014 09 04 36 4 00
2014 09 02 36 2 07
2014 09 02 36 2 07
2014 09 02 36 2 06
2014 09 02 36 2 06
2014 09 02 36 2 02
2014 09 01 36 1 23
2014 09 01 36 1 20
2014 09 01 36 1 09
2014 09 01 36 1 06
2014 09 01 36 1 06
2014 09 01 36 1 06
2014 09 01 36 1 06
2014 09 01 36 1 05
2014 09 01 36 1 05
2014 08 31 35 7 15
2014 08 31 35 7 09
2014 08 31 35 7 09
2014 08 31 35 7 08
2014 08 29 35 5 07
2014 08 31 35 7 01
2014 08 31 35 7 07
2014 08 31 35 7 07
2014 08 30 35 6 03
2014 08 31 35 7 04
2014 08 31 35 7 04
2014 08 31 35 7 04
2014 08 31 35 7 04
2014 08 31 35 7 03
2014 08 31 35 7 03
2014 08 31 35 7 02
2014 08 31 35 7 02
2014 08 29 35 5 04
2014 08 28 35 4 21
2014 08 27 35 3 23
2014 08 27 35 3 22
2014 08 27 35 3 15
2014 08 27 35 3 15
2014 08 26 35 2 15
2014 08 26 35 2 10
2014 08 26 35 2 10
2014 08 26 35 2 10
2014 08 26 35 2 09
2014 08 26 35 2 08
2014 08 26 35 2 08
2014 08 26 35 2 04
2014 08 26 35 2 04
2014 08 25 35 1 19
2014 08 22 34 5 09
2014 08 23 34 6 07
2014 08 23 34 6 00
2014 08 21 34 4 21
2014 08 21 34 4 21
2014 08 20 34 3 22
2014 08 20 34 3 00
2014 08 19 34 2 23
2014 08 19 34 2 11
2014 08 18 34 1 07
2014 08 18 34 1 07
2014 08 18 34 1 07
2014 08 17 33 7 20
2014 08 17 33 7 20
2014 08 17 33 7 20
2014 08 17 33 7 19
2014 08 17 33 7 18
2014 08 17 33 7 12
2014 08 17 33 7 09
2014 08 17 33 7 04
2014 08 17 33 7 02
2014 08 16 33 6 21
2014 08 16 33 6 15
2014 08 16 33 6 15
2014 08 14 33 4 19
2014 08 14 33 4 16
2014 08 14 33 4 00
2014 08 14 33 4 00
2014 08 13 33 3 09
2014 08 13 33 3 07
2014 08 13 33 3 07
2014 08 13 33 3 07
2014 08 13 33 3 07
2014 08 13 33 3 07
2014 08 13 33 3 07
2014 08 13 33 3 07
2014 08 13 33 3 07
2014 08 13 33 3 06
2014 08 13 33 3 06
2014 08 10 32 7 22
2014 08 13 33 3 06
2014 08 13 33 3 06
2014 08 13 33 3 06
2014 08 13 33 3 05
2014 08 13 33 3 05
2014 08 13 33 3 03
2014 08 13 33 3 00
2014 08 13 33 3 00
2014 08 12 33 2 22
2014 08 12 33 2 22
2014 08 12 33 2 21
2014 08 12 33 2 21
2014 08 12 33 2 21
2014 08 11 33 1 02
2014 08 12 33 2 20
2014 08 12 33 2 20
2014 08 12 33 2 20
2014 08 12 33 2 19
2014 08 12 33 2 19
2014 08 12 33 2 19
2014 08 12 33 2 18
2014 08 12 33 2 18
2014 08 12 33 2 18
2014 08 12 33 2 18
2014 08 12 33 2 18
2014 08 12 33 2 17
2014 08 12 33 2 17
2014 08 12 33 2 17
2014 08 12 33 2 17
2014 08 12 33 2 17
2014 08 12 33 2 02
2014 08 11 33 1 23
2014 08 11 33 1 02
2014 08 11 33 1 02
2014 08 11 33 1 02
2014 08 10 32 7 23
2014 08 10 32 7 22
2014 08 10 32 7 22
2014 08 10 32 7 22
2014 08 10 32 7 22
2014 08 10 32 7 22
2014 08 10 32 7 22
2014 08 10 32 7 22
2014 08 10 32 7 22
2014 08 10 32 7 21
2014 08 10 32 7 20
2014 08 10 32 7 20
2014 08 10 32 7 20
2014 08 10 32 7 19
2014 08 09 32 6 06
2014 08 09 32 6 06
2014 08 09 32 6 06
2014 08 07 32 4 09
2014 07 07 28 1 08
2014 07 05 27 6 11
2014 08 07 32 4 03
2014 08 07 32 4 03
2014 08 07 32 4 03
2014 08 07 32 4 02
2014 08 07 32 4 01
2014 08 07 32 4 01
2014 08 06 32 3 23
2014 08 06 32 3 22
2014 08 06 32 3 22
2014 08 06 32 3 22
2014 08 06 32 3 21
2014 08 06 32 3 21
2014 08 06 32 3 21
2014 08 06 32 3 21
2014 08 06 32 3 21
2014 08 06 32 3 21
2014 08 06 32 3 19
2014 08 06 32 3 19
2014 08 06 32 3 11
2014 08 05 32 2 23
2014 08 05 32 2 22
2014 08 05 32 2 22
2014 08 05 32 2 21
2014 08 05 32 2 21
2014 08 05 32 2 15
2014 08 05 32 2 09
2014 08 05 32 2 06
2014 08 05 32 2 07
2014 08 05 32 2 04
2014 08 04 32 1 09
2014 08 04 32 1 09
2014 08 04 32 1 01
2014 08 04 32 1 00
2014 08 03 31 7 23
2014 08 03 31 7 23
2014 08 03 31 7 23
2014 08 03 31 7 23
2014 08 03 31 7 19
2014 08 03 31 7 02
2014 08 03 31 7 00
2014 08 02 31 6 20
2014 08 02 31 6 20
2014 08 02 31 6 18
2014 08 02 31 6 18
2014 08 02 31 6 06
2014 08 02 31 6 06
2014 08 02 31 6 06
2014 08 02 31 6 06
2014 07 30 31 3 21
2014 07 30 31 3 21
2014 08 02 31 6 05
2014 08 02 31 6 05
2014 08 02 31 6 05
2014 08 02 31 6 05
2014 08 02 31 6 04
2014 08 02 31 6 04
2014 07 17 29 4 20
2014 06 29 26 7 03
2014 08 01 31 5 20
2014 08 01 31 5 20
2014 08 01 31 5 20
2014 08 01 31 5 20
2014 08 01 31 5 19
2014 08 01 31 5 19
2014 08 01 31 5 19
2014 08 01 31 5 19
2014 08 01 31 5 19
2014 08 01 31 5 03
2014 08 01 31 5 10
2014 08 01 31 5 10
2014 08 01 31 5 05
2014 08 01 31 5 02
2014 08 01 31 5 02
2014 08 01 31 5 01
2014 08 01 31 5 01
2014 08 01 31 5 01
2014 08 01 31 5 00
2014 08 01 31 5 00
2014 08 01 31 5 00
2014 08 01 31 5 00
2014 07 31 31 4 23
2014 07 31 31 4 23
2014 07 31 31 4 21
2014 07 31 31 4 20
2014 07 31 31 4 10
2014 07 31 31 4 10
2014 07 31 31 4 10
2014 07 31 31 4 10
2014 07 31 31 4 10
2014 07 30 31 3 01
2014 07 30 31 3 01
2014 07 29 31 2 23
2014 07 29 31 2 23
2014 07 29 31 2 23
2014 07 29 31 2 22
2014 07 29 31 2 20
2014 07 29 31 2 06
2014 07 29 31 2 03
2014 07 28 31 1 22
2014 07 28 31 1 18
2014 07 28 31 1 18
2014 07 27 30 7 04
2014 07 27 30 7 00
2014 07 25 30 5 21
2014 07 24 30 4 21
2014 07 24 30 4 21
2014 07 24 30 4 18
2014 07 23 30 3 23
2014 07 23 30 3 23
2014 07 23 30 3 23
2014 07 23 30 3 22
2014 07 22 30 2 23
2014 07 22 30 2 23
2014 07 22 30 2 16
2014 07 22 30 2 16
2014 07 22 30 2 16
2014 07 22 30 2 12
2014 07 21 30 1 20
2014 07 21 30 1 20
2014 07 21 30 1 19
2014 07 21 30 1 18
2014 07 20 29 7 21
2014 07 20 29 7 21
2014 07 20 29 7 21
2014 07 20 29 7 19
2014 07 20 29 7 18
2014 07 20 29 7 18
2014 07 18 29 5 20
2014 07 17 29 4 08
2014 07 17 29 4 01
2014 07 17 29 4 00
2014 07 16 29 3 23
2014 07 16 29 3 22
2014 07 16 29 3 22
2014 07 16 29 3 22
2014 07 16 29 3 22
2014 07 16 29 3 21
2014 07 16 29 3 20
2014 07 16 29 3 20
2014 07 16 29 3 03
2014 07 16 29 3 03
2014 07 16 29 3 03
2014 07 16 29 3 02
2014 07 16 29 3 02
2014 07 16 29 3 02
2014 07 16 29 3 01
2014 07 15 29 2 21
2014 07 15 29 2 17
2014 07 15 29 2 16
2014 07 15 29 2 01
2014 07 15 29 2 01
2014 07 14 29 1 20
2014 07 14 29 1 10
2014 07 13 28 7 06
2014 07 13 28 7 02
2014 07 12 28 6 22
2014 07 12 28 6 22
2014 07 12 28 6 22
2014 07 12 28 6 19
2014 07 12 28 6 19
2014 07 12 28 6 18
2014 07 10 28 4 18
2014 07 02 27 3 02
2014 07 10 28 4 11
2014 07 10 28 4 11
2014 07 10 28 4 10
2014 07 10 28 4 08
2014 07 10 28 4 08
2014 07 09 28 3 17
2014 07 09 28 3 08
2014 07 08 28 2 08
2014 07 09 28 3 01
2014 07 07 28 1 19
2014 07 07 28 1 19
2014 07 07 28 1 19
2014 07 07 28 1 19
2014 07 05 27 6 22
2014 07 05 27 6 20
2014 07 04 27 5 09
2014 07 02 27 3 02
2014 07 02 27 3 00
2014 07 02 27 3 00
2014 06 30 27 1 19
2014 06 29 26 7 08
2014 06 29 26 7 08
2014 06 29 26 7 04
2014 06 29 26 7 04
2014 06 29 26 7 03
2014 06 29 26 7 03
2014 06 29 26 7 03
2014 06 29 26 7 02
2014 06 28 26 6 23
2014 06 28 26 6 23
2014 06 28 26 6 23
2014 06 28 26 6 23
2014 06 28 26 6 23
2014 06 28 26 6 23
2014 06 28 26 6 22
2014 06 28 26 6 22
2014 06 28 26 6 22
2014 06 28 26 6 22
2014 06 28 26 6 22
2014 06 27 26 5 23
2014 06 27 26 5 23
2014 06 27 26 5 23
2014 06 27 26 5 21
2014 06 27 26 5 22
2014 06 27 26 5 22
2014 06 27 26 5 21
2014 06 27 26 5 21
2014 06 27 26 5 21
2014 06 27 26 5 09
2014 06 27 26 5 09
2014 06 27 26 5 09
2014 06 25 26 3 22
2014 06 25 26 3 22
2014 05 21 21 3 07
2014 05 10 19 6 21
2014 06 25 26 3 22
2014 06 25 26 3 22
2014 06 25 26 3 20
2014 06 25 26 3 05
2014 06 25 26 3 01
2014 06 24 26 2 20
2014 06 09 24 1 02
2014 06 08 23 7 21
2014 06 24 26 2 01
2014 06 24 26 2 01
2014 06 24 26 2 01
2014 06 24 26 2 01
2014 06 24 26 2 01
2014 06 24 26 2 00
2014 06 24 26 2 00
2014 06 21 25 6 18
2014 06 21 25 6 02
2014 06 20 25 5 00
2014 06 19 25 4 23
2014 06 19 25 4 02
2014 06 19 25 4 02
2014 06 19 25 4 02
2014 06 19 25 4 02
2014 06 19 25 4 00
2014 06 19 25 4 00
2014 06 18 25 3 01
2014 06 18 25 3 01
2014 06 17 25 2 21
2014 06 14 24 6 22
2014 06 14 24 6 12
2014 06 13 24 5 08
2014 06 13 24 5 08
2014 06 13 24 5 02
2014 06 12 24 4 06
2014 06 12 24 4 06
2014 06 10 24 2 00
2014 06 09 24 1 23
2014 06 09 24 1 08
2014 06 09 24 1 08
2014 06 09 24 1 04
2014 06 09 24 1 02
2014 06 09 24 1 01
2014 06 09 24 1 01
2014 06 09 24 1 01
2014 06 09 24 1 01
2014 06 09 24 1 01
2014 06 07 23 6 10
2014 06 07 23 6 10
2014 06 07 23 6 05
2014 06 07 23 6 05
2014 06 06 23 5 05
2014 06 05 23 4 07
2014 06 04 23 3 22
2014 06 04 23 3 22
2014 06 04 23 3 22
2014 06 04 23 3 22
2014 05 28 22 3 23
2014 06 04 23 3 20
2014 06 03 23 2 19
2014 06 02 23 1 21
2014 06 02 23 1 21
2014 06 02 23 1 21
2014 06 02 23 1 20
2014 06 02 23 1 09
2014 06 02 23 1 04
2014 05 23 21 5 03
2014 06 01 22 7 21
2014 06 01 22 7 21
2014 05 21 21 3 20
2014 05 21 21 3 20
2014 05 17 20 6 01
2014 05 16 20 5 00
2014 06 01 22 7 20
2014 06 01 22 7 20
2014 06 01 22 7 20
2014 06 01 22 7 20
2014 06 01 22 7 19
2014 06 01 22 7 17
2014 06 01 22 7 13
2014 05 31 22 6 00
2014 05 31 22 6 00
2014 05 31 22 6 00
2014 05 31 22 6 00
2014 05 31 22 6 00
2014 05 30 22 5 23
2014 05 30 22 5 17
2014 05 30 22 5 16
2014 05 30 22 5 08
2014 05 30 22 5 00
2014 05 29 22 4 22
2014 05 28 22 3 07
2014 05 28 22 3 07
2014 05 27 22 2 22
2014 05 27 22 2 18
2014 05 27 22 2 19
2014 05 27 22 2 18
2014 05 27 22 2 17
2014 05 27 22 2 04
2014 05 27 22 2 04
2014 05 27 22 2 03
2014 05 27 22 2 02
2014 05 27 22 2 02
2014 05 26 22 1 00
2014 05 25 21 7 06
2014 05 25 21 7 06
2014 05 24 21 6 22
2014 05 24 21 6 16
2014 05 23 21 5 17
2014 05 23 21 5 16
2014 05 23 21 5 16
2014 05 23 21 5 03
2014 05 23 21 5 03
2014 05 21 21 3 07
2014 05 21 21 3 07
2014 05 21 21 3 07
2014 05 21 21 3 07
2014 05 21 21 3 07
2014 05 21 21 3 07
2014 05 21 21 3 06
2014 05 21 21 3 04
2014 05 21 21 3 04
2014 05 20 21 2 23
2014 05 20 21 2 23
2014 05 20 21 2 22
2014 05 20 21 2 21
2014 05 20 21 2 19
2014 05 20 21 2 18
2014 05 20 21 2 15
2014 05 20 21 2 15
2014 05 20 21 2 06
2014 05 20 21 2 06
2014 05 20 21 2 04
2014 05 20 21 2 01
2014 05 20 21 2 01
2014 05 19 21 1 16
2014 05 14 20 3 04
2014 05 18 20 7 21
2014 05 18 20 7 17
2014 05 18 20 7 00
2014 05 17 20 6 10
2014 05 17 20 6 06
2014 05 17 20 6 06
2014 05 17 20 6 06
2014 05 16 20 5 09
2014 05 16 20 5 09
2014 05 15 20 4 23
2014 05 15 20 4 18
2014 05 15 20 4 18
2014 05 15 20 4 18
2014 05 15 20 4 08
2014 05 15 20 4 08
2014 05 14 20 3 17
2014 05 12 20 1 19
2014 05 12 20 1 18
2014 05 12 20 1 18
2014 05 12 20 1 17
2014 05 12 20 1 17
2014 05 12 20 1 16
2014 05 12 20 1 07
2014 05 12 20 1 01
2014 05 12 20 1 00
2014 05 11 19 7 23
2014 05 11 19 7 23
2014 05 11 19 7 22
2014 05 11 19 7 22
2014 05 11 19 7 22
2014 05 11 19 7 10
2014 05 11 19 7 06
2014 05 11 19 7 02
2014 05 11 19 7 02
2014 05 11 19 7 01
2014 05 11 19 7 01
2014 05 10 19 6 22
2014 05 10 19 6 22
2014 05 10 19 6 21
2014 05 09 19 5 11
2014 05 09 19 5 11
2014 05 10 19 6 05
2014 05 09 19 5 21
2014 05 09 19 5 21
2014 05 09 19 5 20
2014 05 09 19 5 19
2014 05 09 19 5 16
2014 05 09 19 5 16
2014 05 09 19 5 16
2014 05 09 19 5 16
2014 05 09 19 5 09
2014 05 09 19 5 08
2014 05 09 19 5 08
2014 05 08 19 4 08
2014 05 08 19 4 08
2014 05 08 19 4 07
2014 05 08 19 4 07
2014 05 08 19 4 07
2014 05 08 19 4 01
2014 05 08 19 4 00
2014 05 08 19 4 00
2014 05 07 19 3 23
2014 05 09 19 5 05
2014 05 09 19 5 05
2014 05 09 19 5 05
2014 05 09 19 5 05
2014 05 09 19 5 05
2014 05 09 19 5 04
2014 05 09 19 5 04
2014 05 09 19 5 04
2014 05 09 19 5 04
2014 05 09 19 5 04
2014 05 09 19 5 04
2014 05 09 19 5 03
2014 05 09 19 5 03
2014 05 09 19 5 03
2014 05 09 19 5 03
2014 05 09 19 5 03
2014 05 09 19 5 03
2014 05 09 19 5 03
2014 05 08 19 4 21
2014 05 08 19 4 20
2014 05 08 19 4 07
2014 05 08 19 4 04
2014 05 07 19 3 23
2014 05 07 19 3 23
2014 05 07 19 3 23
2014 05 07 19 3 22
2014 05 07 19 3 22
2014 05 07 19 3 22
2014 05 07 19 3 22
2014 05 07 19 3 22
2014 05 07 19 3 22
2014 05 07 19 3 21
2014 05 07 19 3 21
2014 05 07 19 3 21
2014 05 07 19 3 21
2014 05 07 19 3 21
2014 05 07 19 3 21
2014 05 07 19 3 21
2014 05 07 19 3 21
2014 05 07 19 3 20
2014 05 07 19 3 20
2014 05 07 19 3 20
2014 05 07 19 3 20
2014 05 07 19 3 19
2014 05 07 19 3 18
2014 05 07 19 3 17
2014 05 07 19 3 13
2014 05 07 19 3 06
2014 05 07 19 3 06
2014 05 07 19 3 06
2014 05 07 19 3 06
2014 05 07 19 3 06
2014 05 07 19 3 06
2014 05 07 19 3 05
2014 05 07 19 3 05
2014 05 07 19 3 05
2014 05 07 19 3 05
2014 05 07 19 3 05
2014 05 07 19 3 04
2014 05 07 19 3 04
2014 05 07 19 3 04
2014 05 07 19 3 03
2014 05 07 19 3 03
2014 05 07 19 3 03
2014 05 07 19 3 03
2014 05 07 19 3 03
2014 05 07 19 3 03
2014 05 07 19 3 03
2014 05 07 19 3 02
2014 05 06 19 2 23
2014 05 06 19 2 22
2014 05 06 19 2 22
2014 05 06 19 2 22
2014 05 06 19 2 22
2014 05 06 19 2 21
2014 05 06 19 2 21
2014 05 06 19 2 21
2014 05 06 19 2 21
2014 05 06 19 2 21
2014 05 06 19 2 21
2014 05 06 19 2 21
2014 05 06 19 2 21
2014 05 06 19 2 20
2014 05 06 19 2 20
2014 05 06 19 2 20
2014 05 06 19 2 20
2014 05 06 19 2 20
2014 05 06 19 2 20
2014 05 06 19 2 19
2014 05 06 19 2 19
2014 05 06 19 2 19
2014 05 06 19 2 19
2014 05 06 19 2 19
2014 05 06 19 2 19
2014 05 06 19 2 19
2014 05 06 19 2 19
2014 05 06 19 2 19
2014 05 06 19 2 19
2014 05 06 19 2 19
2014 05 06 19 2 18
2014 05 06 19 2 18
2014 02 14 07 5 20
2014 05 06 19 2 18
2014 05 06 19 2 18
2014 05 06 19 2 18
2014 05 06 19 2 18
2014 05 06 19 2 18
2014 05 06 19 2 18
2014 05 06 19 2 18
2014 05 06 19 2 07
2014 05 06 19 2 06
2014 05 06 19 2 05
2014 05 06 19 2 05
2014 05 06 19 2 05
2014 05 06 19 2 05
2014 05 06 19 2 05
2014 05 06 19 2 04
2014 05 06 19 2 04
2014 05 05 19 1 19
2014 05 05 19 1 19
2014 05 05 19 1 11
2014 05 05 19 1 10
2014 05 05 19 1 10
2014 05 05 19 1 10
2014 05 05 19 1 10
2014 05 05 19 1 09
2014 05 05 19 1 09
2014 05 05 19 1 09
2014 05 05 19 1 03
2014 05 05 19 1 03
2014 05 05 19 1 03
2014 05 05 19 1 03
2014 04 27 17 7 21
2014 05 05 19 1 03
2014 05 04 18 7 16
2014 05 04 18 7 16
2014 05 04 18 7 00
2014 05 04 18 7 00
2014 05 04 18 7 00
2014 05 04 18 7 00
2014 05 03 18 6 21
2014 05 03 18 6 19
2014 05 03 18 6 18
2014 05 03 18 6 18
2014 05 03 18 6 15
2014 05 03 18 6 09
2014 05 03 18 6 00
2014 05 03 18 6 00
2014 05 03 18 6 00
2014 05 02 18 5 17
2014 03 12 11 3 07
2014 03 12 11 3 07
2014 03 12 11 3 07
2014 03 12 11 3 07
2014 03 12 11 3 07
2014 03 12 11 3 07
2014 03 12 11 3 07
2014 03 12 11 3 07
2014 04 30 18 3 23
2014 04 30 18 3 05
2014 04 30 18 3 04
2014 04 28 18 1 18
2014 04 28 18 1 08
2014 04 28 18 1 06
2014 03 22 12 6 20
2014 03 22 12 6 01
2014 03 18 12 2 15
2014 04 28 18 1 01
2014 04 28 18 1 01
2014 04 28 18 1 01
2014 04 27 17 7 21
2014 04 27 17 7 21
2014 04 27 17 7 12
2014 04 26 17 6 05
2014 04 26 17 6 05
2014 04 26 17 6 05
2014 04 26 17 6 01
2014 04 25 17 5 19
2014 04 24 17 4 21
2014 04 24 17 4 21
2014 04 24 17 4 20
2014 04 24 17 4 20
2014 04 24 17 4 19
2014 04 24 17 4 19
2014 04 24 17 4 19
2014 04 24 17 4 19
2014 04 24 17 4 18
2014 04 24 17 4 18
2014 04 24 17 4 18
2014 04 24 17 4 18
2014 04 24 17 4 18
2014 04 24 17 4 18
2014 04 23 17 3 20
2014 04 16 16 3 22
2014 04 23 17 3 20
2014 04 23 17 3 19
2014 04 23 17 3 17
2014 04 22 17 2 20
2014 04 22 17 2 18
2014 04 22 17 2 05
2014 04 20 16 7 22
2014 04 20 16 7 21
2014 04 19 16 6 20
2014 04 19 16 6 20
2014 04 19 16 6 20
2014 04 19 16 6 18
2014 04 19 16 6 00
2014 04 18 16 5 23
2014 04 18 16 5 23
2014 04 18 16 5 22
2014 04 18 16 5 22
2014 04 18 16 5 22
2014 04 18 16 5 22
2014 04 16 16 3 03
2014 04 15 16 2 15
2014 04 15 16 2 15
2014 04 15 16 2 05
2014 04 15 16 2 05
2014 04 15 16 2 05
2014 04 15 16 2 05
2014 04 15 16 2 04
2014 04 14 16 1 23
2014 04 14 16 1 23
2014 04 06 14 7 19
2014 04 06 14 7 19
2014 04 06 14 7 19
2014 04 06 14 7 19
2014 04 06 14 7 18
2014 04 06 14 7 18
2014 04 05 14 6 23
2014 04 04 14 5 20
2014 04 04 14 5 19
2014 04 04 14 5 19
2014 04 04 14 5 19
2014 04 03 14 4 20
2014 04 03 14 4 20
2014 04 03 14 4 19
2014 04 02 14 3 23
2014 04 02 14 3 23
2014 04 02 14 3 22
2014 04 02 14 3 22
2014 04 02 14 3 06
2014 04 02 14 3 06
2014 04 02 14 3 05
2014 04 02 14 3 05
2014 04 02 14 3 05
2014 04 02 14 3 03
2014 04 02 14 3 03
2014 04 02 14 3 01
2014 04 15 16 2 03
2014 04 15 16 2 01
2014 04 14 16 1 19
2014 04 14 16 1 18
2014 04 11 15 5 21
2014 04 11 15 5 14
2014 04 08 15 2 15
2014 04 08 15 2 11
2014 04 08 15 2 06
2014 04 08 15 2 00
2013 09 10 37 2 21
2014 04 07 15 1 15
2013 09 02 36 1 13
2014 04 07 15 1 15
2014 04 07 15 1 15
2014 04 07 15 1 15
2013 09 02 36 1 13
2014 04 06 14 7 22
2014 04 06 14 7 19
2014 04 06 14 7 19
2014 04 06 14 7 13
2014 04 06 14 7 08
2014 04 05 14 6 23
2014 04 05 14 6 21
2014 04 05 14 6 01
2014 04 05 14 6 01
2014 04 04 14 5 21
2014 04 03 14 4 04
2014 04 03 14 4 04
2014 04 03 14 4 04
2014 04 03 14 4 03
2014 04 03 14 4 03
2014 04 02 14 3 21
2014 04 02 14 3 20
2014 04 02 14 3 20
2014 04 01 14 2 19
2014 04 01 14 2 19
2014 02 03 06 1 03
2014 04 02 14 3 20
2014 04 02 14 3 20
2014 04 02 14 3 20
2014 03 03 10 1 15
2014 04 02 14 3 20
2014 04 02 14 3 20
2014 04 02 14 3 20
2014 04 02 14 3 19
2014 04 02 14 3 19
2014 04 02 14 3 05
2014 04 02 14 3 03
2014 04 02 14 3 00
2014 04 02 14 3 00
2014 04 02 14 3 00
2014 04 01 14 2 23
2014 04 01 14 2 23
2014 04 01 14 2 20
2014 04 01 14 2 17
2014 04 01 14 2 17
2014 04 01 14 2 16
2014 04 01 14 2 01
2014 03 31 14 1 19
2014 03 31 14 1 19
2014 03 31 14 1 19
2014 03 31 14 1 19
2014 03 31 14 1 19
2014 03 31 14 1 19
2014 03 31 14 1 05
2014 03 31 14 1 01
2014 03 30 13 7 08
2014 03 30 13 7 06
2014 03 30 13 7 05
2014 03 28 13 5 19
2014 03 28 13 5 19
2014 03 28 13 5 17
2014 03 28 13 5 07
2014 03 28 13 5 07
2014 03 28 13 5 04
2014 03 28 13 5 00
2014 03 27 13 4 23
2014 03 27 13 4 23
2014 03 27 13 4 23
2014 03 27 13 4 23
2014 03 27 13 4 06
2014 03 12 11 3 08
2014 03 26 13 3 19
2014 03 26 13 3 19
2014 03 26 13 3 16
2014 03 25 13 2 21
2014 03 25 13 2 16
2014 03 25 13 2 02
2014 03 25 13 2 02
2014 03 25 13 2 01
2014 03 12 11 3 11
2014 03 12 11 3 11
2014 03 12 11 3 08
2014 03 12 11 3 08
2014 03 12 11 3 08
2014 03 12 11 3 08
2014 03 12 11 3 08
2014 03 12 11 3 08
2014 03 12 11 3 08
2014 03 23 12 7 19
2014 03 23 12 7 09
2014 03 23 12 7 00
2014 03 21 12 5 18
2014 03 21 12 5 17
2013 11 05 45 2 16
2013 11 05 45 2 16
2014 03 21 12 5 15
2014 03 21 12 5 07
2014 03 21 12 5 00
2014 03 20 12 4 18
2014 03 20 12 4 04
2014 03 20 12 4 03
2014 03 19 12 3 05
2014 03 16 11 7 18
2014 03 19 12 3 05
2014 03 19 12 3 04
2014 03 19 12 3 04
2014 03 17 12 1 22
2014 03 17 12 1 22
2014 03 17 12 1 12
2014 03 17 12 1 22
2014 03 16 11 7 18
2014 03 16 11 7 18
2014 03 16 11 7 06
2014 03 13 11 4 19
2014 03 13 11 4 15
2014 03 12 11 3 20
2014 03 12 11 3 08
2014 03 12 11 3 08
2014 03 12 11 3 07
2014 03 11 11 2 16
2014 03 11 11 2 16
2014 03 11 11 2 13
2014 03 11 11 2 06
2014 03 11 11 2 06
2014 03 10 11 1 19
2014 03 01 09 6 21
2014 03 09 10 7 20
2014 03 08 10 6 16
2014 03 04 10 2 23
2014 03 04 10 2 21
2014 03 04 10 2 21
2014 03 04 10 2 21
2014 03 04 10 2 04
2014 03 04 10 2 02
2014 03 02 09 7 19
2014 03 01 09 6 23
2014 03 01 09 6 20
2014 03 01 09 6 20
2014 03 01 09 6 03
2014 03 01 09 6 03
2014 03 01 09 6 03
2014 02 25 09 2 17
2014 02 25 09 2 16
2014 02 27 09 4 23
2014 02 27 09 4 21
2014 02 27 09 4 14
2014 02 27 09 4 14
2014 02 27 09 4 13
2014 02 25 09 2 16
2014 02 25 09 2 00
2014 02 25 09 2 00
2014 02 25 09 2 00
2014 02 24 09 1 23
2014 02 24 09 1 23
2014 02 24 09 1 23
2014 02 24 09 1 22
2014 02 24 09 1 22
2014 02 24 09 1 22
2014 02 24 09 1 22
2014 02 24 09 1 22
2014 02 24 09 1 22
2014 02 24 09 1 22
2014 02 24 09 1 22
2014 02 24 09 1 22
2014 02 24 09 1 22
2014 02 24 09 1 21
2014 02 24 09 1 21
2014 02 24 09 1 02
2014 02 24 09 1 02
2014 02 18 08 2 04
2014 02 22 08 6 00
2014 02 22 08 6 00
2014 02 22 08 6 00
2014 02 17 08 1 22
2014 02 21 08 5 20
2014 02 21 08 5 02
2014 02 21 08 5 00
2014 02 20 08 4 22
2014 02 20 08 4 21
2014 02 20 08 4 16
2014 02 20 08 4 05
2014 02 20 08 4 05
2014 02 20 08 4 05
2014 02 20 08 4 05
2014 02 20 08 4 05
2014 02 20 08 4 05
2014 02 20 08 4 05
2014 02 17 08 1 22
2014 02 17 08 1 21
2014 02 17 08 1 21
2014 02 17 08 1 21
2014 02 20 08 4 00
2014 02 19 08 3 22
2014 02 19 08 3 20
2014 02 19 08 3 20
2014 02 19 08 3 20
2014 02 19 08 3 20
2014 02 19 08 3 20
2014 02 19 08 3 19
2014 02 19 08 3 19
2014 02 19 08 3 19
2014 02 19 08 3 19
2014 02 19 08 3 19
2014 02 19 08 3 19
2014 02 19 08 3 19
2014 02 19 08 3 17
2014 02 19 08 3 17
2014 02 19 08 3 12
2014 02 19 08 3 06
2014 02 18 08 2 07
2014 02 18 08 2 05
2014 02 18 08 2 05
2014 02 18 08 2 04
2014 02 17 08 1 22
2014 02 17 08 1 22
2014 02 17 08 1 22
2014 02 17 08 1 22
2014 02 17 08 1 18
2014 02 17 08 1 18
2014 02 17 08 1 05
2014 02 17 08 1 04
2014 02 17 08 1 04
2014 02 17 08 1 04
2014 02 17 08 1 03
2014 02 17 08 1 03
2014 02 17 08 1 01
2014 02 16 07 7 05
2014 02 16 07 7 05
2014 02 16 07 7 05
2014 02 16 07 7 05
2014 02 16 07 7 05
2014 02 16 07 7 05
2014 02 16 07 7 05
2014 02 16 07 7 05
2014 02 16 07 7 05
2014 02 16 07 7 05
2014 02 16 07 7 05
2014 02 16 07 7 05
2014 02 16 07 7 05
2014 02 16 07 7 05
2014 02 16 07 7 05
2014 02 16 07 7 05
2014 02 16 07 7 05
2014 02 16 07 7 05
2014 02 16 07 7 05
2014 02 16 07 7 05
2014 02 16 07 7 05
2014 02 16 07 7 04
2014 02 16 07 7 04
2014 02 16 07 7 04
2014 02 16 07 7 04
2014 02 16 07 7 04
2014 02 15 07 6 23
2014 02 15 07 6 23
2014 02 15 07 6 23
2014 02 15 07 6 22
2014 02 14 07 5 21
2014 02 14 07 5 21
2014 02 14 07 5 19
2014 02 14 07 5 19
2014 02 14 07 5 19
2014 02 14 07 5 19
2014 02 14 07 5 19
2014 02 14 07 5 00
2014 02 14 07 5 00
2014 02 13 07 4 23
2014 02 13 07 4 19
2014 02 13 07 4 18
2014 02 13 07 4 18
2014 02 13 07 4 14
2014 02 13 07 4 14
2014 02 11 07 2 23
2014 02 11 07 2 13
2014 02 10 07 1 00
2014 02 10 07 1 00
2014 02 08 06 6 23
2014 01 25 04 6 21
2014 02 08 06 6 13
2014 02 08 06 6 06
2014 02 08 06 6 06
2014 02 08 06 6 06
2014 02 08 06 6 06
2014 02 08 06 6 06
2014 02 07 06 5 06
2014 02 07 06 5 06
2014 02 07 06 5 05
2014 02 07 06 5 05
2013 11 11 46 1 04
2013 11 11 46 1 04
2013 11 06 45 3 02
2014 02 05 06 3 00
2014 02 05 06 3 00
2014 02 05 06 3 00
2014 02 04 06 2 23
2014 02 04 06 2 21
2014 02 04 06 2 09
2014 02 04 06 2 02
2014 02 04 06 2 02
2014 02 04 06 2 02
2014 02 04 06 2 01
2014 02 04 06 2 01
2014 01 31 05 5 15
2014 01 31 05 5 15
2014 01 31 05 5 15
2014 01 31 05 5 06
2014 01 31 05 5 06
2014 01 31 05 5 06
2014 01 31 05 5 04
2014 01 31 05 5 03
2014 01 30 05 4 05
2014 01 29 05 3 05
2014 01 29 05 3 05
2014 01 29 05 3 05
2014 01 29 05 3 04
2014 01 29 05 3 04
2014 01 26 04 7 19
2014 01 26 04 7 19
2014 01 25 04 6 22
2014 01 25 04 6 04
2014 01 25 04 6 03
2014 01 25 04 6 04
2014 01 25 04 6 04
2014 01 25 04 6 04
2014 01 25 04 6 04
2014 01 25 04 6 02
2014 01 25 04 6 00
2014 01 24 04 5 18
2014 01 24 04 5 02
2014 01 24 04 5 02
2014 01 22 04 3 14
2014 01 22 04 3 05
2014 01 22 04 3 05
2014 01 22 04 3 05
2014 01 21 04 2 14
2014 01 21 04 2 03
2014 01 20 04 1 05
2014 01 20 04 1 05
2014 01 20 04 1 02
2014 01 19 03 7 13
2014 01 12 02 7 10
2014 01 18 03 6 20
2014 01 16 03 4 19
2014 01 16 03 4 19
2014 01 15 03 3 21
2014 01 16 03 4 08
2014 01 16 03 4 06
2014 01 16 03 4 06
2014 01 16 03 4 05
2014 01 16 03 4 05
2014 01 16 03 4 05
2014 01 14 03 2 22
2014 01 15 03 3 04
2014 01 14 03 2 17
2014 01 14 03 2 17
2014 01 14 03 2 17
2014 01 14 03 2 17
2014 01 14 03 2 07
2014 01 14 03 2 07
2014 01 14 03 2 07
2014 01 07 02 2 05
2014 01 07 02 2 05
2014 01 07 02 2 05
2014 01 07 02 2 05
2014 01 07 02 2 04
2014 01 07 02 2 04
2014 01 07 02 2 04
2014 01 07 02 2 04
2014 01 07 02 2 04
2014 01 07 02 2 01
2014 01 07 02 2 01
2014 01 07 02 2 01
2014 01 07 02 2 01
2014 01 13 03 1 20
2014 01 13 03 1 19
2014 01 13 03 1 16
2014 01 13 03 1 09
2014 01 13 03 1 06
2014 01 13 03 1 06
2014 01 13 03 1 00
2014 01 13 03 1 00
2014 01 13 03 1 00
2014 01 13 03 1 00
2014 01 12 02 7 23
2014 01 12 02 7 23
2014 01 12 02 7 11
2014 01 12 02 7 11
2014 01 13 03 1 06
2014 01 12 02 7 23
2014 01 12 02 7 22
2014 01 12 02 7 22
2014 01 12 02 7 20
2014 01 12 02 7 00
2014 01 11 02 6 22
2014 01 11 02 6 22
2014 01 11 02 6 19
2014 01 11 02 6 19
2014 01 11 02 6 19
2014 01 11 02 6 07
2014 01 09 02 4 05
2014 01 08 02 3 03
2014 01 07 02 2 05
2014 01 05 01 7 20
2014 01 05 01 7 20
2014 01 05 01 7 19
2014 01 05 01 7 19
2014 01 04 01 6 23
2014 01 04 01 6 23
2014 01 04 01 6 17
2014 01 04 01 6 17
2014 01 04 01 6 17
2014 01 04 01 6 15
2014 01 04 01 6 06
2014 01 01 01 3 04
2013 12 26 52 4 07
2013 11 23 47 6 20
2014 01 04 01 6 06
2014 01 04 01 6 06
2014 01 03 01 5 20
2014 01 03 01 5 11
2014 01 03 01 5 03
2014 01 02 01 4 04
2014 01 02 01 4 22
2014 01 02 01 4 17
2014 01 02 01 4 04
2014 01 01 01 3 23
2014 01 01 01 3 17
2014 01 01 01 3 03
2014 01 01 01 3 03
2014 01 01 01 3 03
2013 12 31 01 2 20
2013 12 31 01 2 17
2013 12 31 01 2 13
2013 12 31 01 2 05
2013 12 31 01 2 01
2013 12 30 01 1 22
2013 12 30 01 1 20
2013 12 30 01 1 18
2013 12 30 01 1 18
2013 12 30 01 1 18
2013 12 29 52 7 23
2013 12 29 52 7 23
2013 12 29 52 7 23
2013 12 29 52 7 10
2013 12 29 52 7 10
2013 12 29 52 7 01
2013 12 29 52 7 01
2013 12 29 52 7 00
2013 12 28 52 6 19
2013 12 28 52 6 19
2013 12 28 52 6 08
2013 12 28 52 6 05
2013 12 28 52 6 05
2013 12 26 52 4 21
2013 12 26 52 4 20
2013 12 26 52 4 08
2013 09 12 37 4 23
2013 12 26 52 4 07
2013 12 26 52 4 07
2013 12 26 52 4 07
2013 12 26 52 4 07
2013 12 26 52 4 07
2013 12 26 52 4 07
2013 12 26 52 4 06
2013 12 26 52 4 06
2013 12 26 52 4 06
2013 12 26 52 4 06
2013 12 26 52 4 05
2013 12 25 52 3 23
2013 06 15 24 6 13
2013 06 15 24 6 12
2013 06 15 24 6 12
2013 12 25 52 3 18
2013 12 24 52 2 20
2013 12 24 52 2 20
2013 12 24 52 2 10
2013 12 23 52 1 18
2013 12 23 52 1 12
2013 12 23 52 1 12
2013 12 22 51 7 17
2013 12 23 52 1 04
2013 12 23 52 1 01
2013 12 23 52 1 00
2013 12 22 51 7 17
2013 12 22 51 7 16
2013 12 22 51 7 13
2013 12 22 51 7 12
2013 12 22 51 7 12
2013 12 22 51 7 09
2013 12 20 51 5 01
2013 12 19 51 4 23
2013 12 19 51 4 22
2013 12 19 51 4 21
2013 12 19 51 4 21
2013 12 19 51 4 19
2013 12 19 51 4 18
2013 12 19 51 4 18
2013 12 19 51 4 18
2013 12 19 51 4 09
2013 12 19 51 4 09
2013 12 19 51 4 08
2013 12 19 51 4 07
2013 12 19 51 4 07
2013 12 19 51 4 07
2013 12 18 51 3 21
2013 12 08 49 7 01
2013 12 17 51 2 02
2013 12 17 51 2 02
2013 12 17 51 2 02
2013 12 17 51 2 02
2013 12 17 51 2 02
2013 12 17 51 2 02
2013 12 15 50 7 21
2013 12 15 50 7 22
2013 12 15 50 7 09
2013 12 14 50 6 14
2013 12 14 50 6 05
2013 12 12 50 4 00
2013 12 12 50 4 00
2013 12 11 50 3 23
2013 12 11 50 3 23
2013 12 11 50 3 23
2013 12 11 50 3 22
2013 12 11 50 3 22
2013 12 11 50 3 21
2013 12 11 50 3 15
2013 12 11 50 3 06
2013 12 11 50 3 05
2013 12 11 50 3 05
2013 12 11 50 3 00
2013 12 10 50 2 23
2013 12 10 50 2 22
2013 12 10 50 2 22
2013 12 10 50 2 22
2013 12 10 50 2 22
2013 12 10 50 2 21
2013 12 10 50 2 17
2013 12 10 50 2 17
2013 12 10 50 2 04
2013 12 10 50 2 04
2013 12 10 50 2 03
2013 12 10 50 2 03
2013 12 10 50 2 00
2013 12 09 50 1 23
2013 12 09 50 1 23
2013 12 09 50 1 22
2013 12 09 50 1 22
2013 12 09 50 1 21
2013 12 09 50 1 18
2013 12 09 50 1 18
2013 12 09 50 1 18
2013 12 09 50 1 18
2013 12 09 50 1 18
2013 12 09 50 1 04
2013 12 09 50 1 04
2013 12 09 50 1 04
2013 12 09 50 1 02
2013 12 08 49 7 07
2013 12 08 49 7 07
2013 12 08 49 7 06
2013 12 08 49 7 06
2013 12 08 49 7 06
2013 12 08 49 7 06
2013 12 08 49 7 06
2013 12 08 49 7 06
2013 12 08 49 7 06
2013 12 08 49 7 06
2013 12 08 49 7 01
2013 12 08 49 7 01
2013 12 08 49 7 00
2013 12 08 49 7 00
2013 12 08 49 7 00
2013 12 08 49 7 00
2013 12 07 49 6 06
2013 12 06 49 5 07
2013 12 06 49 5 07
2013 12 06 49 5 07
2013 12 06 49 5 07
2013 12 06 49 5 05
2013 12 06 49 5 07
2013 12 06 49 5 06
2013 12 06 49 5 06
2013 12 06 49 5 06
2013 12 06 49 5 06
2013 12 06 49 5 06
2013 12 06 49 5 06
2013 12 06 49 5 06
2013 12 06 49 5 06
2013 12 06 49 5 03
2013 12 06 49 5 00
2013 12 05 49 4 09
2013 12 05 49 4 03
2013 12 05 49 4 03
2013 12 05 49 4 03
2013 12 05 49 4 02
2013 12 05 49 4 02
2013 12 05 49 4 01
2013 12 04 49 3 23
2013 12 02 49 1 21
2013 12 02 49 1 21
2013 12 02 49 1 01
2013 12 02 49 1 01
2013 11 30 48 6 05
2013 11 30 48 6 05
2013 11 30 48 6 05
2013 11 30 48 6 05
2013 11 29 48 5 04
2013 11 27 48 3 08
2013 11 27 48 3 03
2013 11 27 48 3 03
2013 11 27 48 3 02
2013 11 26 48 2 18
2013 11 26 48 2 03
2013 11 25 48 1 13
2013 11 20 47 3 00
2013 11 23 47 6 06
2013 11 23 47 6 05
2013 11 23 47 6 05
2013 11 23 47 6 03
2013 11 22 47 5 06
2013 11 21 47 4 22
2013 11 21 47 4 21
2013 11 21 47 4 06
2013 11 09 45 6 21
2013 11 08 45 5 23
2013 11 08 45 5 20
2013 11 08 45 5 07
2013 11 08 45 5 07
2013 11 08 45 5 06
2013 11 20 47 3 00
2013 11 19 47 2 19
2013 11 19 47 2 17
2013 11 19 47 2 00
2013 11 19 47 2 00
2013 11 18 47 1 21
2013 11 18 47 1 21
2013 08 06 32 2 21
2013 08 06 32 2 19
2013 08 06 32 2 18
2013 11 18 47 1 06
2013 11 16 46 6 19
2013 11 15 46 5 15
2013 11 14 46 4 20
2013 11 14 46 4 20
2013 11 12 46 2 06
2013 08 30 35 5 21
2013 08 24 34 6 18
2013 08 24 34 6 18
2013 08 23 34 5 22
2013 11 11 46 1 04
2013 11 09 45 6 05
2013 11 08 45 5 22
2013 11 08 45 5 20
2013 11 08 45 5 20
2013 11 08 45 5 10
2013 11 08 45 5 08
2013 11 07 45 4 01
2013 11 05 45 2 14
2013 10 25 43 5 19
2013 10 25 43 5 19
2013 10 23 43 3 16
2013 11 05 45 2 05
2013 11 05 45 2 05
2013 11 05 45 2 05
2013 11 05 45 2 04
2013 11 05 45 2 04
2013 11 05 45 2 03
2013 11 04 45 1 20
2013 11 04 45 1 20
2013 11 04 45 1 20
2013 11 04 45 1 18
2013 11 04 45 1 04
2013 11 04 45 1 04
2013 11 04 45 1 04
2013 11 03 44 7 16
2013 11 03 44 7 16
2013 11 02 44 6 04
2013 11 02 44 6 04
2013 10 31 44 4 13
2013 10 30 44 3 13
2013 10 30 44 3 13
2013 10 30 44 3 10
2013 10 29 44 2 17
2013 10 29 44 2 10
2013 10 29 44 2 04
2013 10 29 44 2 04
2013 10 29 44 2 03
2013 10 29 44 2 02
2013 10 28 44 1 20
2013 10 28 44 1 19
2013 10 28 44 1 19
2013 10 28 44 1 19
2013 10 27 43 7 23
2013 10 27 43 7 04
2013 10 27 43 7 04
2013 10 27 43 7 03
2013 10 27 43 7 01
2013 10 26 43 6 21
2013 10 25 43 5 17
2013 10 24 43 4 16
2013 10 24 43 4 05
2013 10 24 43 4 05
2013 10 24 43 4 05
2013 10 24 43 4 05
2013 10 24 43 4 05
2013 10 23 43 3 16
2013 10 23 43 3 16
2013 10 22 43 2 12
2013 10 18 42 5 11
2013 10 17 42 4 15
2013 10 17 42 4 15
2013 10 17 42 4 15
2013 10 17 42 4 15
2013 10 17 42 4 15
2013 10 17 42 4 12
2013 10 17 42 4 12
2013 10 17 42 4 11
2013 10 16 42 3 21
2013 10 16 42 3 17
2013 10 16 42 3 16
2013 10 15 42 2 14
2013 10 15 42 2 14
2013 10 15 42 2 14
2013 10 15 42 2 13
2013 10 14 42 1 19
2013 10 14 42 1 19
2013 10 14 42 1 18
2013 10 14 42 1 16
2013 10 11 41 5 17
2013 10 11 41 5 03
2013 10 11 41 5 03
2013 10 11 41 5 03
2013 10 11 41 5 03
2013 10 10 41 4 23
2013 10 10 41 4 22
2013 10 10 41 4 22
2013 10 10 41 4 20
2013 10 08 41 2 23
2013 10 08 41 2 19
2013 10 08 41 2 19
2013 10 06 40 7 22
2013 10 06 40 7 21
2013 10 06 40 7 02
2013 10 05 40 6 19
2013 10 05 40 6 17
2013 10 04 40 5 21
2013 10 04 40 5 20
2013 10 04 40 5 20
2013 10 04 40 5 20
2013 10 04 40 5 19
2013 10 04 40 5 19
2013 10 04 40 5 19
2013 10 04 40 5 18
2013 10 04 40 5 18
2013 10 04 40 5 18
2013 10 04 40 5 18
2013 10 04 40 5 18
2013 10 04 40 5 18
2013 10 04 40 5 18
2013 10 04 40 5 18
2013 10 04 40 5 14
2013 10 04 40 5 14
2013 10 04 40 5 12
2013 10 04 40 5 12
2013 10 04 40 5 11
2013 10 04 40 5 11
2013 10 04 40 5 11
2013 10 04 40 5 11
2013 10 04 40 5 00
2013 10 03 40 4 23
2013 10 03 40 4 06
2013 10 03 40 4 05
2013 10 03 40 4 04
2013 10 03 40 4 04
2013 10 02 40 3 23
2013 10 02 40 3 17
2013 10 01 40 2 23
2013 10 01 40 2 22
2013 09 17 38 2 17
2013 09 12 37 4 20
2013 09 02 36 1 15
2013 09 02 36 1 15
2013 09 02 36 1 15
2013 10 01 40 2 09
2013 10 01 40 2 16
2013 09 05 36 4 15
2013 09 04 36 3 21
2013 10 01 40 2 05
2013 10 01 40 2 05
2013 10 01 40 2 05
2013 10 01 40 2 05
2013 09 30 40 1 23
2013 09 30 40 1 23
2013 09 30 40 1 05
2013 09 30 40 1 05
2013 09 30 40 1 03
2013 09 29 39 7 01
2013 09 28 39 6 20
2013 09 28 39 6 19
2013 09 28 39 6 03
2013 09 27 39 5 21
2013 09 27 39 5 21
2013 09 27 39 5 21
2013 09 25 39 3 18
2013 09 24 39 2 04
2013 09 23 39 1 16
2013 09 23 39 1 16
2013 09 23 39 1 14
2013 09 23 39 1 00
2013 09 21 38 6 05
2013 09 21 38 6 04
2013 09 19 38 4 23
2013 09 19 38 4 14
2013 09 07 36 6 20
2013 09 10 37 2 19
2013 09 07 36 6 20
2013 08 29 35 4 00
2013 08 24 34 6 07
2013 08 20 34 2 02
2013 08 18 33 7 03
2013 08 18 33 7 03
2013 07 30 31 2 16
2013 07 30 31 2 15
2013 07 30 31 2 15
2013 09 19 38 4 04
2013 09 18 38 3 19
2013 09 18 38 3 19
2013 09 17 38 2 22
2013 09 17 38 2 22
2013 09 17 38 2 21
2013 09 17 38 2 20
2013 09 17 38 2 20
2013 09 17 38 2 20
2013 09 17 38 2 20
2013 09 17 38 2 20
2013 09 17 38 2 20
2013 09 17 38 2 04
2013 09 17 38 2 03
2013 09 17 38 2 03
2013 09 17 38 2 03
2013 09 17 38 2 03
2013 09 16 38 1 23
2013 09 16 38 1 15
2013 09 16 38 1 15
2013 09 16 38 1 15
2013 09 16 38 1 14
2013 06 30 26 7 17
2013 09 16 38 1 08
2013 09 16 38 1 08
2013 09 16 38 1 08
2013 09 16 38 1 02
2013 09 16 38 1 00
2013 09 15 37 7 23
2013 09 15 37 7 23
2013 09 15 37 7 23
2013 09 15 37 7 13
2013 09 15 37 7 07
2013 09 15 37 7 02
2013 09 15 37 7 02
2013 09 15 37 7 02
2013 09 15 37 7 02
2013 09 15 37 7 02
2013 09 15 37 7 02
2013 09 15 37 7 02
2013 09 15 37 7 02
2013 09 14 37 6 15
2013 09 14 37 6 15
2013 09 12 37 4 22
2013 09 12 37 4 22
2013 09 12 37 4 22
2013 09 12 37 4 21
2013 09 12 37 4 21
2013 09 12 37 4 21
2013 09 12 37 4 21
2013 09 12 37 4 21
2013 09 12 37 4 20
2013 09 12 37 4 20
2013 09 08 36 7 21
2013 09 12 37 4 20
2013 09 12 37 4 18
2013 09 12 37 4 16
2013 09 12 37 4 16
2013 09 12 37 4 16
2013 09 12 37 4 13
2013 09 12 37 4 05
2013 09 12 37 4 01
2013 09 11 37 3 18
2013 09 11 37 3 18
2013 09 11 37 3 17
2013 09 11 37 3 17
2013 09 11 37 3 17
2013 09 11 37 3 00
2013 09 11 37 3 00
2013 09 11 37 3 00
2013 09 11 37 3 00
2013 09 11 37 3 00
2013 09 10 37 2 19
2013 09 10 37 2 17
2013 09 10 37 2 16
2013 09 10 37 2 02
2013 09 10 37 2 02
2013 09 10 37 2 00
2013 09 09 37 1 17
2013 09 09 37 1 15
2013 09 07 36 6 23
2013 09 07 36 6 21
2013 09 07 36 6 18
2013 09 07 36 6 08
2013 09 07 36 6 07
2013 09 07 36 6 07
2013 09 07 36 6 06
2013 09 07 36 6 06
2013 09 07 36 6 05
2013 09 07 36 6 05
2013 09 07 36 6 05
2013 09 07 36 6 05
2013 09 07 36 6 05
2013 09 07 36 6 05
2013 09 07 36 6 05
2013 09 07 36 6 05
2013 09 07 36 6 04
2013 09 07 36 6 04
2013 09 07 36 6 04
2013 09 07 36 6 04
2013 09 07 36 6 04
2013 09 07 36 6 04
2013 09 07 36 6 04
2013 09 07 36 6 04
2013 09 06 36 5 20
2013 09 06 36 5 02
2013 09 06 36 5 01
2013 09 05 36 4 23
2013 09 05 36 4 22
2013 09 05 36 4 22
2013 09 05 36 4 22
2013 09 05 36 4 22
2013 09 05 36 4 11
2013 09 04 36 3 19
2013 09 04 36 3 16
2013 09 03 36 2 20
2013 09 03 36 2 20
2013 09 03 36 2 06
2013 09 02 36 1 21
2013 09 02 36 1 14
2013 09 02 36 1 14
2013 09 02 36 1 09
2013 09 01 35 7 19
2013 09 01 35 7 19
2013 09 01 35 7 18
2013 09 01 35 7 16
2013 08 31 35 6 00
2013 08 31 35 6 00
2013 08 31 35 6 00
2013 08 31 35 6 00
2013 08 31 35 6 00
2013 08 31 35 6 00
2013 08 31 35 6 00
2013 08 30 35 5 05
2013 08 30 35 5 04
2013 08 30 35 5 01
2013 08 29 35 4 00
2013 08 29 35 4 00
2013 08 28 35 3 09
2013 08 28 35 3 08
2013 08 26 35 1 23
2013 08 26 35 1 23
2013 08 26 35 1 17
2013 08 26 35 1 04
2013 08 25 34 7 19
2013 08 25 34 7 05
2013 08 25 34 7 03
2013 08 24 34 6 18
2013 08 23 34 5 20
2013 08 23 34 5 20
2013 08 23 34 5 18
2013 08 23 34 5 07
2013 08 23 34 5 07
2013 08 22 34 4 18
2013 08 22 34 4 17
2013 08 22 34 4 17
2013 08 22 34 4 17
2013 08 22 34 4 15
2013 08 22 34 4 08
2013 08 22 34 4 05
2013 08 22 34 4 04
2013 08 22 34 4 03
2013 08 21 34 3 23
2013 08 21 34 3 23
2013 08 21 34 3 23
2013 08 21 34 3 23
2013 08 21 34 3 22
2013 08 21 34 3 14
2013 08 21 34 3 02
2013 08 19 34 1 20
2013 08 19 34 1 20
2013 08 18 33 7 17
2013 08 18 33 7 17
2013 08 18 33 7 14
2013 08 17 33 6 22
2013 08 17 33 6 21
2013 08 17 33 6 17
2013 08 17 33 6 16
2013 08 17 33 6 06
2013 08 17 33 6 05
2013 08 16 33 5 17
2013 08 16 33 5 17
2013 08 16 33 5 17
2013 08 14 33 3 03
2013 08 14 33 3 02
2013 08 14 33 3 02
2013 08 13 33 2 22
2013 08 13 33 2 22
2013 08 13 33 2 17
2013 08 12 33 1 21
2013 08 12 33 1 19
2013 08 11 32 7 15
2013 08 11 32 7 12
2013 08 11 32 7 12
2013 08 11 32 7 12
2013 08 10 32 6 15
2013 08 10 32 6 05
2013 08 10 32 6 03
2013 08 09 32 5 17
2013 08 08 32 4 18
2013 08 08 32 4 18
2013 08 08 32 4 11
2013 08 08 32 4 11
2013 08 08 32 4 03
2013 08 08 32 4 03
2013 08 08 32 4 00
2013 08 08 32 4 00
2013 08 07 32 3 23
2013 08 07 32 3 23
2013 08 07 32 3 17
2013 08 07 32 3 17
2013 08 06 32 2 21
2013 08 06 32 2 21
2013 08 06 32 2 20
2013 08 06 32 2 20
2013 08 06 32 2 20
2013 08 06 32 2 20
2013 08 06 32 2 20
2013 07 16 29 2 14
2013 08 06 32 2 20
2013 08 06 32 2 20
2013 08 06 32 2 18
2013 08 06 32 2 18
2013 08 06 32 2 18
2013 08 06 32 2 18
2013 08 06 32 2 18
2013 08 06 32 2 18
2013 08 06 32 2 18
2013 08 06 32 2 10
2013 08 06 32 2 10
2013 08 05 32 1 01
2013 08 04 31 7 21
2013 08 04 31 7 10
2013 08 03 31 6 20
2013 08 02 31 5 16
2013 07 31 31 3 23
2013 07 31 31 3 23
2013 07 31 31 3 23
2013 07 30 31 2 14
2013 07 30 31 2 14
2013 07 29 31 1 19
2013 07 29 31 1 19
2013 07 28 30 7 22
2013 07 28 30 7 21
2013 07 26 30 5 17
2013 07 26 30 5 16
2013 07 25 30 4 22
2013 07 25 30 4 20
2013 07 25 30 4 20
2013 07 25 30 4 19
2013 07 25 30 4 19
2013 07 25 30 4 16
2013 07 25 30 4 15
2013 07 25 30 4 15
2013 07 25 30 4 15
2013 07 25 30 4 15
2013 07 25 30 4 09
2013 07 25 30 4 03
2013 07 25 30 4 03
2013 07 24 30 3 22
2013 07 24 30 3 19
2013 07 24 30 3 16
2013 07 24 30 3 16
2013 07 24 30 3 08
2013 07 24 30 3 03
2013 07 24 30 3 03
2013 07 23 30 2 20
2013 07 23 30 2 20
2013 07 23 30 2 19
2013 07 23 30 2 14
2013 07 23 30 2 11
2013 07 22 30 1 16
2013 07 22 30 1 16
2013 07 22 30 1 15
2013 07 22 30 1 15
2013 07 22 30 1 15
2013 07 22 30 1 15
2013 07 22 30 1 15
2013 07 22 30 1 16
2013 07 22 30 1 14
2013 07 22 30 1 14
2013 07 22 30 1 13
2013 07 22 30 1 13
2013 07 22 30 1 13
2013 07 22 30 1 12
2013 07 22 30 1 12
2013 07 22 30 1 12
2013 07 22 30 1 11
2013 07 22 30 1 11
2013 07 22 30 1 11
2013 07 19 29 5 15
2013 07 19 29 5 15
2013 07 19 29 5 15
2013 07 19 29 5 15
2013 07 22 30 1 10
2013 07 22 30 1 10
2013 07 21 29 7 00
2013 07 21 29 7 00
2013 07 21 29 7 00
2013 07 21 29 7 00
2013 07 20 29 6 23
2013 07 20 29 6 23
2013 07 20 29 6 23
2013 07 19 29 5 17
2013 07 19 29 5 16
2013 07 17 29 3 05
2013 07 17 29 3 05
2013 07 17 29 3 01
2013 07 16 29 2 22
2013 07 16 29 2 22
2013 07 16 29 2 21
2013 07 16 29 2 18
2013 07 16 29 2 18
2013 07 16 29 2 09
2013 07 15 29 1 23
2013 07 16 29 2 11
2013 07 16 29 2 11
2013 07 15 29 1 00
2013 07 14 28 7 20
2013 07 14 28 7 20
2013 07 14 28 7 20
2013 07 14 28 7 19
2013 07 14 28 7 19
2013 07 14 28 7 19
2013 07 14 28 7 19
2013 07 14 28 7 17
2013 07 14 28 7 17
2013 07 14 28 7 17
2013 07 14 28 7 10
2013 07 14 28 7 07
2013 07 14 28 7 07
2013 06 10 24 1 06
2013 07 14 28 7 04
2013 07 14 28 7 03
2013 07 13 28 6 16
2013 07 13 28 6 16
2013 07 12 28 5 18
2013 07 12 28 5 12
2013 07 12 28 5 11
2013 05 13 20 1 21
2013 07 12 28 5 10
2013 07 12 28 5 10
2013 07 11 28 4 12
2013 07 11 28 4 06
2013 07 11 28 4 00
2013 07 11 28 4 00
2013 07 10 28 3 23
2013 07 10 28 3 20
2013 07 10 28 3 20
2013 07 10 28 3 13
2013 05 26 21 7 22
2013 07 10 28 3 00
2013 07 09 28 2 23
2013 07 09 28 2 23
2013 07 09 28 2 23
2013 07 09 28 2 23
2013 07 09 28 2 23
2013 05 07 19 2 14
2013 07 08 28 1 22
2013 07 08 28 1 22
2013 07 08 28 1 21
2013 07 08 28 1 21
2013 07 08 28 1 20
2013 07 08 28 1 20
2013 07 08 28 1 20
2013 07 08 28 1 20
2013 07 08 28 1 20
2013 07 08 28 1 20
2013 07 08 28 1 19
2013 07 08 28 1 19
2013 07 08 28 1 18
2013 07 08 28 1 18
2013 06 09 23 7 21
2013 07 08 28 1 17
2013 07 08 28 1 17
2013 07 08 28 1 17
2013 07 08 28 1 17
2013 07 08 28 1 16
2013 07 08 28 1 16
2013 07 08 28 1 15
2013 07 08 28 1 15
2013 07 08 28 1 14
2013 07 08 28 1 00
2013 07 08 28 1 00
2013 07 05 27 5 23
2013 07 06 27 6 18
2013 07 06 27 6 17
2013 07 06 27 6 17
2013 07 06 27 6 17
2013 07 06 27 6 14
2013 07 06 27 6 14
2013 07 06 27 6 14
2013 07 06 27 6 14
2013 07 06 27 6 14
2013 07 06 27 6 14
2013 07 06 27 6 14
2013 07 06 27 6 14
2013 07 06 27 6 14
2013 07 01 27 1 01
2013 06 30 26 7 16
2013 05 12 19 7 15
2013 05 12 19 7 14
2013 05 12 19 7 14
2013 05 12 19 7 14
2013 05 12 19 7 14
2013 05 12 19 7 14
2013 05 12 19 7 14
2013 05 12 19 7 14
2013 05 12 19 7 14
2013 07 06 27 6 11
2013 05 24 21 5 04
2013 07 05 27 5 16
2013 07 05 27 5 14
2013 07 05 27 5 11
2013 07 03 27 3 11
2013 07 03 27 3 01
2013 07 02 27 2 21
2013 07 01 27 1 17
2013 07 01 27 1 17
2013 07 01 27 1 16
2013 07 01 27 1 16
2013 06 30 26 7 16
2013 06 30 26 7 15
2013 06 30 26 7 15
2013 06 30 26 7 15
2013 06 30 26 7 15
2013 06 30 26 7 15
2013 06 30 26 7 15
2013 06 27 26 4 20
2013 06 27 26 4 19
2013 06 27 26 4 19
2013 06 27 26 4 19
2013 06 27 26 4 18
2013 06 27 26 4 18
2013 06 27 26 4 18
2013 06 26 26 3 18
2013 06 26 26 3 18
2013 06 26 26 3 18
2013 06 25 26 2 15
2013 06 25 26 2 07
2013 06 24 26 1 23
2013 06 23 25 7 15
2013 06 23 25 7 15
2013 06 22 25 6 15
2013 06 22 25 6 15
2013 06 22 25 6 15
2013 06 22 25 6 15
2013 06 22 25 6 12
2013 06 22 25 6 05
2013 06 18 25 2 20
2013 06 18 25 2 17
2013 06 18 25 2 17
2013 06 18 25 2 17
2013 06 18 25 2 17
2013 06 18 25 2 17
2013 06 18 25 2 17
2013 06 18 25 2 17
2013 06 10 24 1 21
2013 06 05 23 3 16
2013 06 05 23 3 06
2013 06 04 23 2 16
2013 06 04 23 2 09
2013 06 04 23 2 09
2013 06 04 23 2 09
2013 06 04 23 2 07
2013 06 04 23 2 07
2013 06 02 22 7 22
2013 06 18 25 2 06
2013 06 10 24 1 06
2013 06 07 23 5 19
2013 06 07 23 5 19
2013 06 18 25 2 04
2013 06 17 25 1 20
2013 06 17 25 1 20
2013 06 17 25 1 16
2013 06 17 25 1 16
2013 06 17 25 1 16
2013 06 15 24 6 19
2013 06 15 24 6 18
2013 06 15 24 6 18
2013 06 15 24 6 15
2013 06 15 24 6 14
2013 06 15 24 6 13
2013 06 13 24 4 18
2013 06 13 24 4 18
2013 06 13 24 4 18
2013 06 13 24 4 14
2013 06 13 24 4 14
2013 06 13 24 4 13
2013 06 12 24 3 23
2013 06 12 24 3 21
2013 06 12 24 3 18
2013 06 11 24 2 16
2013 06 11 24 2 16
2013 06 11 24 2 16
2013 05 24 21 5 16
2013 05 24 21 5 15
2013 06 09 23 7 21
2013 06 09 23 7 21
2013 06 09 23 7 21
2013 06 09 23 7 18
2013 06 09 23 7 18
2013 06 08 23 6 20
2013 06 08 23 6 19
2013 06 08 23 6 19
2013 06 09 23 7 18
2013 06 09 23 7 18
2013 06 08 23 6 19
2013 06 08 23 6 19
2013 06 08 23 6 17
2013 06 08 23 6 17
2013 06 08 23 6 17
2013 06 08 23 6 17
2013 06 08 23 6 17
2013 06 08 23 6 17
2013 06 08 23 6 17
2013 06 08 23 6 17
2013 06 08 23 6 17
2013 06 07 23 5 21
2013 06 07 23 5 20
2013 06 07 23 5 20
2013 06 07 23 5 12
2013 06 07 23 5 01
2013 06 07 23 5 00
2013 06 06 23 4 16
2013 06 04 23 2 17
2013 06 03 23 1 21
2013 06 03 23 1 18
2013 06 03 23 1 17
2013 06 02 22 7 19
2013 06 02 22 7 18
2013 06 02 22 7 14
2013 06 02 22 7 14
2013 06 02 22 7 04
2013 06 01 22 6 16
2013 06 01 22 6 16
2013 06 01 22 6 16
2013 05 31 22 5 23
2013 05 29 22 3 12
2013 05 29 22 3 12
2013 05 29 22 3 12
2013 05 25 21 6 15
2013 05 29 22 3 07
2013 05 29 22 3 07
2013 05 29 22 3 07
2013 05 29 22 3 07
2013 05 29 22 3 07
2013 05 29 22 3 07
2013 05 29 22 3 04
2013 05 27 22 1 03
2013 05 25 21 6 22
2013 05 25 21 6 17
2013 05 25 21 6 17
2013 05 25 21 6 07
2013 05 24 21 5 03
2013 05 24 21 5 01
2013 05 23 21 4 23
2013 05 23 21 4 23
2013 05 23 21 4 23
2013 05 23 21 4 22
2013 05 23 21 4 20
2013 05 23 21 4 20
2013 05 18 20 6 16
2013 05 18 20 6 06
2013 05 23 21 4 18
2013 05 23 21 4 18
2013 05 23 21 4 19
2013 05 23 21 4 00
2013 05 22 21 3 23
2013 05 22 21 3 23
2013 05 22 21 3 21
2013 05 21 21 2 15
2013 05 18 20 6 22
2013 05 18 20 6 14
2013 05 18 20 6 06
2013 05 18 20 6 05
2013 05 18 20 6 05
2013 05 18 20 6 05
2013 05 18 20 6 01
2013 05 17 20 5 22
2013 05 17 20 5 22
2013 05 17 20 5 21
2013 05 17 20 5 20
2013 05 17 20 5 17
2013 05 16 20 4 23
2013 05 16 20 4 23
2013 05 16 20 4 22
2013 05 16 20 4 20
2013 05 16 20 4 00
2013 05 16 20 4 00
2013 05 16 20 4 00
2013 05 15 20 3 23
2013 05 15 20 3 23
2013 05 06 19 1 23
2013 05 15 20 3 16
2013 05 15 20 3 15
2013 05 15 20 3 13
2013 05 15 20 3 13
2013 05 15 20 3 12
2013 05 15 20 3 05
2013 05 14 20 2 22
2013 05 14 20 2 21
2013 05 14 20 2 21
2013 05 14 20 2 20
2013 05 14 20 2 20
2013 05 14 20 2 20
2013 05 14 20 2 19
2013 05 14 20 2 17
2013 05 14 20 2 12
2013 05 14 20 2 08
2013 05 14 20 2 06
2013 05 12 19 7 23
2013 05 12 19 7 23
2013 05 12 19 7 17
2013 05 12 19 7 17
2013 05 12 19 7 16
2013 05 12 19 7 16
2013 05 12 19 7 16
2013 05 12 19 7 15
2013 05 12 19 7 14
2013 05 12 19 7 14
2013 05 12 19 7 12
2013 05 12 19 7 11
2013 05 12 19 7 11
2013 05 12 19 7 11
2013 05 12 19 7 08
2013 05 12 19 7 06
2013 05 12 19 7 06
2013 05 12 19 7 05
2013 05 12 19 7 01
2013 05 12 19 7 01
2013 05 12 19 7 01
2013 05 12 19 7 01
2013 05 12 19 7 01
2013 05 11 19 6 20
2013 05 11 19 6 19
2013 05 11 19 6 19
2013 05 11 19 6 18
2013 05 11 19 6 18
2013 05 11 19 6 18
2013 05 11 19 6 18
2013 05 11 19 6 18
2013 05 11 19 6 17
2013 05 11 19 6 17
2013 05 11 19 6 17
2013 05 11 19 6 17
2013 05 11 19 6 17
2013 05 11 19 6 16
2013 05 10 19 5 23
2013 05 10 19 5 23
2013 05 10 19 5 23
2013 05 10 19 5 22
2013 05 10 19 5 22
2013 05 10 19 5 22
2013 05 10 19 5 22
2013 05 10 19 5 21
2013 05 10 19 5 18
2013 05 10 19 5 18
2013 05 10 19 5 17
2013 05 10 19 5 17
2013 05 10 19 5 14
2013 05 10 19 5 14
2013 05 09 19 4 12
2013 05 10 19 5 08
2013 05 09 19 4 16
2013 05 09 19 4 13
2013 05 09 19 4 13
2013 05 09 19 4 13
2013 05 09 19 4 13
2013 05 09 19 4 09
2013 05 09 19 4 08
2013 05 09 19 4 07
2013 05 09 19 4 06
2013 05 09 19 4 05
2013 05 09 19 4 05
2013 05 09 19 4 04
2013 05 08 19 3 23
2013 05 08 19 3 14
2013 05 08 19 3 11
2013 05 08 19 3 08
2013 05 08 19 3 05
2013 05 08 19 3 01
2013 05 08 19 3 01
2013 05 08 19 3 00
2013 05 08 19 3 00
2013 05 08 19 3 00
2013 05 08 19 3 00
2013 05 08 19 3 00
2013 05 07 19 2 23
2013 05 07 19 2 23
2013 05 07 19 2 22
2013 05 07 19 2 18
2013 05 07 19 2 16
2013 05 07 19 2 16
2013 05 07 19 2 16
2013 05 07 19 2 15
2013 05 07 19 2 15
2013 05 07 19 2 15
2013 05 07 19 2 14
2013 05 07 19 2 13
2013 05 07 19 2 13
2013 05 07 19 2 13
2013 05 07 19 2 13
2013 05 07 19 2 13
2013 05 07 19 2 01
2013 05 06 19 1 22
2013 05 06 19 1 21
2013 05 06 19 1 21
2013 05 06 19 1 20
2013 05 06 19 1 20
2013 05 06 19 1 17
2013 05 06 19 1 17
2013 05 06 19 1 17
2013 05 06 19 1 17
2013 05 06 19 1 16
2013 05 06 19 1 15
2013 05 06 19 1 15
2013 05 06 19 1 15
2013 05 06 19 1 11
2013 05 06 19 1 10
2013 05 06 19 1 10
2013 05 06 19 1 02
2013 05 06 19 1 02
2013 05 06 19 1 02
2013 05 06 19 1 01
2013 05 06 19 1 01
2013 05 06 19 1 01
2013 05 05 18 7 23
2013 05 05 18 7 23
2013 05 05 18 7 23
2013 05 05 18 7 23
2013 05 05 18 7 22
2013 05 05 18 7 21
2013 05 05 18 7 20
2013 05 05 18 7 18
2013 05 05 18 7 17
2013 05 05 18 7 17
2013 05 05 18 7 17
2013 05 05 18 7 17
2013 05 05 18 7 15
2013 05 05 18 7 15
2013 05 05 18 7 15
2013 05 05 18 7 14
2013 05 05 18 7 14
2013 05 05 18 7 13
2013 05 05 18 7 13
2013 05 04 18 6 15
2013 05 04 18 6 15
2013 05 04 18 6 15
2013 05 04 18 6 14
2013 05 04 18 6 14
2013 05 04 18 6 14
2013 05 02 18 4 23
2013 05 02 18 4 22
2013 05 02 18 4 22
2013 05 02 18 4 22
2013 05 02 18 4 22
2013 05 02 18 4 22
2013 05 02 18 4 22
2013 05 02 18 4 22
2013 05 02 18 4 22
2013 05 02 18 4 22
2013 05 02 18 4 22
2013 05 02 18 4 15
2013 05 02 18 4 15
2013 05 02 18 4 15
2013 05 02 18 4 14
2013 05 02 18 4 14
2013 05 02 18 4 14
2013 04 30 18 2 22
2013 04 30 18 2 22
2013 04 30 18 2 22
2013 04 30 18 2 21
2013 04 30 18 2 18
2013 04 30 18 2 16
2013 04 30 18 2 15
2013 04 29 18 1 23
2013 04 29 18 1 14
2013 04 29 18 1 08
2013 04 28 17 7 18
2013 04 28 17 7 15
2013 04 27 17 6 19
2013 04 26 17 5 21
2013 04 26 17 5 21
2013 04 26 17 5 21
2013 04 26 17 5 20
2013 04 26 17 5 20
2013 04 26 17 5 20
2013 04 26 17 5 20
2013 04 26 17 5 20
2013 04 26 17 5 20
2013 04 26 17 5 20
2013 04 26 17 5 19
2013 04 26 17 5 19
2013 04 26 17 5 19
2013 04 26 17 5 19
2013 04 26 17 5 19
2013 04 26 17 5 19
2013 04 25 17 4 19
2013 04 25 17 4 02
2013 04 23 17 2 01
2013 04 22 17 1 22
2013 04 22 17 1 12
2013 04 20 16 6 13
2013 04 20 16 6 13
2013 04 20 16 6 13
2013 04 20 16 6 05
2013 04 20 16 6 05
2013 04 20 16 6 05
2013 04 19 16 5 16
2013 04 19 16 5 06
2013 04 19 16 5 05
2013 04 19 16 5 05
2013 04 19 16 5 05
2013 04 19 16 5 05
2013 04 19 16 5 04
2013 04 19 16 5 04
2013 04 19 16 5 04
2013 04 19 16 5 04
2013 04 19 16 5 04
2013 04 19 16 5 03
2013 04 19 16 5 04
2013 04 18 16 4 16
2013 04 16 16 2 18
2013 04 16 16 2 15
2013 04 16 16 2 02
2013 04 16 16 2 00
2013 04 16 16 2 00
2013 04 15 16 1 22
2013 04 15 16 1 22
2013 04 15 16 1 22
2013 04 15 16 1 22
2013 04 15 16 1 22
2013 04 15 16 1 22
2013 04 15 16 1 22
2013 04 15 16 1 22
2013 04 15 16 1 22
2013 04 15 16 1 22
2013 04 15 16 1 22
2013 04 15 16 1 19
2013 04 15 16 1 19
2013 04 15 16 1 19
2013 04 15 16 1 19
2013 04 15 16 1 19
2013 04 15 16 1 19
2013 04 15 16 1 18
2013 04 15 16 1 18
2013 04 15 16 1 18
2013 04 15 16 1 17
2013 04 15 16 1 17
2013 04 15 16 1 17
2013 04 15 16 1 16
2013 04 15 16 1 15
2013 04 15 16 1 15
2013 04 15 16 1 14
2013 04 15 16 1 14
2013 04 15 16 1 14
2013 04 15 16 1 14
2013 04 15 16 1 00
2013 04 14 15 7 21
2013 04 14 15 7 20
2013 04 14 15 7 20
2013 04 14 15 7 20
2013 04 14 15 7 20
2013 04 13 15 6 16
2013 04 13 15 6 16
2013 04 15 16 1 00
2013 04 15 16 1 00
2013 04 14 15 7 23
2013 04 14 15 7 23
2013 04 14 15 7 20
2013 04 14 15 7 20
2013 04 14 15 7 19
2013 04 14 15 7 19
2013 04 14 15 7 19
2013 04 14 15 7 19
2013 04 14 15 7 19
2013 04 14 15 7 19
2013 04 14 15 7 19
2013 04 14 15 7 19
2013 04 14 15 7 19
2013 04 14 15 7 19
2013 04 14 15 7 18
2013 04 14 15 7 18
2013 04 14 15 7 09
2013 04 14 15 7 09
2013 04 14 15 7 05
2013 04 14 15 7 05
2013 04 14 15 7 04
2013 04 13 15 6 20
2013 04 13 15 6 20
2013 04 13 15 6 20
2013 04 13 15 6 20
2013 04 13 15 6 20
2013 04 13 15 6 20
2013 04 13 15 6 20
2013 04 13 15 6 19
2013 04 13 15 6 19
2013 04 13 15 6 19
2013 04 13 15 6 19
2013 04 13 15 6 18
2013 04 13 15 6 18
2013 04 13 15 6 18
2013 04 13 15 6 18
2013 04 13 15 6 18
2013 04 13 15 6 18
2013 04 13 15 6 18
2013 04 13 15 6 18
2013 04 13 15 6 18
2013 04 13 15 6 03
2013 04 13 15 6 02
2013 04 13 15 6 02
2013 04 13 15 6 01
2013 04 13 15 6 01
2013 04 13 15 6 00
2013 04 13 15 6 00
2013 04 12 15 5 23
2013 04 12 15 5 23
2013 04 12 15 5 23
2013 04 12 15 5 23
2013 04 12 15 5 23
2013 04 12 15 5 22
2013 04 12 15 5 22
2013 04 12 15 5 22
2013 04 12 15 5 22
2013 04 12 15 5 21
2013 04 12 15 5 21
2013 04 12 15 5 21
2013 04 12 15 5 21
2013 04 12 15 5 21
2013 04 12 15 5 21
2013 04 12 15 5 20
2013 04 12 15 5 19
2013 04 12 15 5 18
2013 04 12 15 5 18
2013 04 12 15 5 17
2013 04 12 15 5 15
2013 04 12 15 5 15
2013 04 12 15 5 12
2013 04 11 15 4 21
2013 04 11 15 4 19
2013 04 11 15 4 19
2013 04 11 15 4 19
2013 04 11 15 4 17
2013 04 11 15 4 16
2013 04 11 15 4 14
2013 04 11 15 4 14
2013 04 10 15 3 20
2013 04 10 15 3 19
2013 04 10 15 3 01
2013 04 09 15 2 23
2013 04 09 15 2 21
2013 04 09 15 2 21
2013 04 09 15 2 21
2013 04 09 15 2 20
2013 04 09 15 2 20
2013 04 09 15 2 20
2013 04 09 15 2 20
2013 04 09 15 2 20
2013 04 09 15 2 19
2013 04 09 15 2 19
2013 04 08 15 1 23
2013 04 08 15 1 03
2013 04 08 15 1 15
2013 04 08 15 1 13
2013 04 08 15 1 00
2013 04 08 15 1 00
2013 04 07 14 7 23
2013 04 07 14 7 22
2013 04 07 14 7 22
2013 04 07 14 7 22
2013 04 07 14 7 22
2013 04 07 14 7 22
2013 04 07 14 7 21
2013 04 07 14 7 21
2013 04 07 14 7 20
2013 04 07 14 7 08
2013 04 06 14 6 14
2013 04 05 14 5 19
2013 04 05 14 5 18
2013 04 05 14 5 12
2013 04 05 14 5 12
2013 04 04 14 4 21
2013 04 04 14 4 19
2013 04 04 14 4 19
2013 04 04 14 4 19
2013 04 04 14 4 19
2013 04 04 14 4 18
2013 04 04 14 4 18
2013 04 04 14 4 17
2013 04 04 14 4 17
2013 04 04 14 4 17
2013 04 04 14 4 17
2013 04 04 14 4 17
2013 04 04 14 4 16
2013 04 04 14 4 16
2013 04 04 14 4 15
2013 04 04 14 4 15
2013 04 04 14 4 10
2013 04 03 14 3 23
2013 04 03 14 3 21
2013 04 03 14 3 21
2013 04 03 14 3 21
2013 04 03 14 3 20
2013 04 03 14 3 18
2013 04 03 14 3 19
2013 04 03 14 3 00
2013 04 03 14 3 00
2013 04 02 14 2 17
2013 04 01 14 1 22
2013 04 01 14 1 20
2013 04 01 14 1 12
2013 03 31 13 7 22
2013 03 31 13 7 20
2013 03 31 13 7 20
2013 03 31 13 7 17
2013 03 29 13 5 06
2013 03 27 13 3 16
2013 03 27 13 3 07
2013 03 27 13 3 07
2013 03 26 13 2 03
2013 03 25 13 1 19
2013 03 25 13 1 19
2013 03 19 12 2 23
2013 03 19 12 2 22
2013 03 19 12 2 22
2013 03 19 12 2 22
2013 03 19 12 2 21
2013 03 19 12 2 21
2013 03 19 12 2 00
2013 03 18 12 1 18
2013 03 18 12 1 00
2013 03 17 11 7 22
2013 03 17 11 7 23
2013 03 17 11 7 22
2013 03 17 11 7 22
2013 03 17 11 7 21
2013 03 17 11 7 21
2013 03 17 11 7 21
2013 03 17 11 7 21
2013 03 17 11 7 21
2013 03 17 11 7 21
2013 03 17 11 7 21
2013 03 17 11 7 20
2013 03 17 11 7 20
2013 03 17 11 7 20
2013 03 17 11 7 17
2013 03 17 11 7 16
2013 03 17 11 7 15
2013 03 17 11 7 15
2013 03 17 11 7 15
2013 03 17 11 7 15
2013 03 17 11 7 13
2013 03 17 11 7 12
2013 03 16 11 6 21
2013 03 16 11 6 21
2013 03 16 11 6 20
2013 03 16 11 6 20
2013 03 16 11 6 20
2013 03 16 11 6 20
2013 03 16 11 6 20
2013 03 16 11 6 15
2013 03 16 11 6 15
2013 03 16 11 6 15
2013 03 16 11 6 14
2013 03 16 11 6 14
2013 03 16 11 6 14
2013 03 16 11 6 14
2013 03 16 11 6 14
2013 03 16 11 6 13
2013 03 16 11 6 13
2013 03 16 11 6 13
2013 03 16 11 6 13
2013 03 15 11 5 23
2013 03 15 11 5 16
2013 03 15 11 5 16
2013 03 15 11 5 14
2013 03 15 11 5 14
2013 03 15 11 5 13
2013 03 15 11 5 13
2013 03 15 11 5 13
2013 03 14 11 4 21
2013 03 14 11 4 21
2013 03 13 11 3 22
2013 03 13 11 3 22
2013 03 13 11 3 20
2013 03 13 11 3 20
2013 03 13 11 3 19
2013 03 12 11 2 19
2013 03 12 11 2 19
2013 03 12 11 2 16
2013 03 12 11 2 05
2013 03 12 11 2 05
2013 03 11 11 1 22
2013 03 11 11 1 20
2013 03 10 10 7 02
2013 03 09 10 6 14
2013 03 08 10 5 20
2013 03 08 10 5 20
2013 03 06 10 3 02
2013 03 06 10 3 02
2013 03 04 10 1 16
2013 03 04 10 1 07
2013 03 04 10 1 03
2013 03 04 10 1 03
2013 03 04 10 1 03
2013 03 04 10 1 03
2013 03 04 10 1 03
2013 03 04 10 1 03
2013 03 04 10 1 03
2013 03 04 10 1 03
2013 03 04 10 1 03
2013 03 04 10 1 03
2013 03 03 09 7 21
2013 03 03 09 7 15
2013 03 03 09 7 15
2013 03 03 09 7 14
2013 03 03 09 7 11
2013 03 02 09 6 18
2013 03 02 09 6 13
2013 02 28 09 4 22
2013 02 28 09 4 22
2013 02 28 09 4 21
2013 02 28 09 4 02
2013 02 28 09 4 02
2013 02 27 09 3 01
2013 02 27 09 3 01
2013 02 27 09 3 00
2013 02 26 09 2 21
2013 02 25 09 1 20
2013 02 25 09 1 20
2013 02 25 09 1 20
2013 02 24 08 7 02
2013 02 24 08 7 01
2013 02 24 08 7 01
2013 02 24 08 7 00
2013 02 24 08 7 00
2013 02 22 08 5 14
2013 02 22 08 5 00
2013 02 20 08 3 23
2013 02 20 08 3 23
2013 02 20 08 3 23
2013 02 03 05 7 20
2013 02 20 08 3 23
2013 02 20 08 3 22
2013 02 20 08 3 22
2013 02 20 08 3 22
2013 02 20 08 3 18
2013 02 19 08 2 12
2013 02 19 08 2 02
2013 02 10 06 7 21
2013 02 10 06 7 19
2013 02 10 06 7 19
2013 02 10 06 7 19
2013 02 10 06 7 17
2013 02 10 06 7 16
2013 02 10 06 7 03
2013 02 09 06 6 22
2013 02 09 06 6 22
2013 02 09 06 6 21
2013 02 09 06 6 21
2013 02 09 06 6 17
2013 02 07 06 4 21
2013 02 07 06 4 07
2013 02 07 06 4 00
2013 02 04 06 1 22
2013 02 04 06 1 17
2013 02 03 05 7 21
2013 02 03 05 7 21
2013 02 03 05 7 20
2013 02 03 05 7 20
2013 02 03 05 7 18
2013 02 03 05 7 01
2013 02 03 05 7 01
2013 01 31 05 4 04
2013 01 31 05 4 01
2013 01 31 05 4 01
2013 01 31 05 4 00
2013 01 31 05 4 00
2013 01 30 05 3 23
2013 01 30 05 3 23
2013 01 30 05 3 23
2013 01 30 05 3 23
2013 01 30 05 3 22
2013 01 30 05 3 22
2013 01 30 05 3 21
2013 01 30 05 3 21
2013 01 29 05 2 12
2013 01 27 04 7 23
2013 01 27 04 7 23
2013 01 27 04 7 23
2013 01 27 04 7 23
2013 01 27 04 7 23
2013 01 17 03 4 03
2013 01 17 03 4 03
2013 01 17 03 4 03
2013 01 17 03 4 03
2013 01 27 04 7 23
2013 01 26 04 6 22
2013 01 26 04 6 00
2013 01 25 04 5 17
2013 01 25 04 5 06
2013 01 25 04 5 06
2013 01 25 04 5 06
2013 01 24 04 4 00
2013 01 23 04 3 18
2013 01 23 04 3 18
2013 01 23 04 3 18
2013 01 23 04 3 00
2013 01 22 04 2 22
2013 01 22 04 2 22
2013 01 22 04 2 19
2013 01 22 04 2 18
2013 01 22 04 2 04
2013 01 21 04 1 04
2013 01 21 04 1 04
2013 01 20 03 7 03
2013 01 20 03 7 02
2013 01 20 03 7 01
2013 01 20 03 7 01
2013 01 20 03 7 00
2013 01 20 03 7 00
2013 01 20 03 7 00
2013 01 19 03 6 23
2013 01 19 03 6 23
2013 01 18 03 5 16
2013 01 18 03 5 04
2013 01 18 03 5 04
2013 01 18 03 5 03
2013 01 18 03 5 03
2013 01 17 03 4 21
2013 01 17 03 4 21
2013 01 17 03 4 05
2013 01 17 03 4 05
2013 01 17 03 4 05
2013 01 17 03 4 05
2013 01 17 03 4 05
2013 01 17 03 4 03
2013 01 17 03 4 03
2013 01 16 03 3 00
2013 01 15 03 2 23
2013 01 15 03 2 23
2013 01 13 02 7 07
2013 01 13 02 7 07
2013 01 13 02 7 06
2013 01 13 02 7 00
2013 01 13 02 7 00
2013 01 13 02 7 00
2013 01 13 02 7 00
2013 01 13 02 7 00
2013 01 12 02 6 22
2013 01 12 02 6 22
2013 01 12 02 6 09
2013 01 12 02 6 08
2013 01 12 02 6 08
2013 01 12 02 6 08
2013 01 12 02 6 08
2013 01 12 02 6 08
2013 01 12 02 6 08
2013 01 12 02 6 01
2013 01 12 02 6 01
2013 01 12 02 6 01
2013 01 12 02 6 01
2013 01 12 02 6 00
2013 01 12 02 6 00
2013 01 11 02 5 12
2013 01 11 02 5 10
2013 01 11 02 5 08
2013 01 11 02 5 07
2013 01 11 02 5 04
2013 01 11 02 5 04
2013 01 11 02 5 04
2013 01 11 02 5 01
2013 01 11 02 5 01
2013 01 10 02 4 23
2013 01 10 02 4 23
2013 01 10 02 4 22
2013 01 10 02 4 21
2013 01 10 02 4 21
2013 01 10 02 4 12
2013 01 10 02 4 02
2013 01 10 02 4 00
2013 01 09 02 3 11
2013 01 09 02 3 09
2013 01 09 02 3 09
2013 01 09 02 3 09
2013 01 08 02 2 23
2013 01 06 01 7 14
2013 01 04 01 5 07
2013 01 03 01 4 01
2013 01 02 01 3 01
2013 01 02 01 3 01
2013 01 02 01 3 01
2013 01 01 01 2 01
2012 12 31 01 1 23
2012 12 31 01 1 22
2012 12 31 01 1 22
2012 12 31 01 1 21
2012 12 31 01 1 21
2012 12 31 01 1 03
2012 12 30 52 7 01
2012 12 30 52 7 01
2012 12 30 52 7 00
2012 07 16 29 1 11
2012 07 16 29 1 10
2012 12 28 52 5 23
2012 12 26 52 3 23
2012 12 26 52 3 23
2012 12 26 52 3 22
2012 12 23 51 7 16
2012 12 23 51 7 00
2012 12 22 51 6 18
2012 12 19 51 3 19
2012 12 19 51 3 18
2012 12 19 51 3 18
2012 12 19 51 3 17
2012 12 19 51 3 17
2012 12 19 51 3 17
2012 12 19 51 3 15
2012 12 19 51 3 15
2012 12 19 51 3 07
2012 12 18 51 2 23
2012 12 18 51 2 22
2012 12 18 51 2 22
2012 12 18 51 2 22
2012 12 18 51 2 22
2012 12 18 51 2 22
2012 12 18 51 2 21
2012 12 16 50 7 22
2012 12 16 50 7 07
2012 12 16 50 7 07
2012 12 16 50 7 01
2012 12 16 50 7 01
2012 12 15 50 6 23
2012 12 09 49 7 11
2012 12 07 49 5 16
2012 12 05 49 3 03
2012 11 13 46 2 08
2012 11 13 46 2 08
2012 11 12 46 1 05
2012 10 31 44 3 12
2012 10 13 41 6 05
2012 08 23 34 4 12
2012 08 23 34 4 12
2012 08 14 33 2 23
2012 08 13 33 1 16
2012 08 08 32 3 17
2012 06 29 26 5 18
2012 06 12 24 2 01
2012 06 06 23 3 20
2012 04 24 17 2 03
2012 05 31 22 4 22
2012 05 31 22 4 21
2012 05 31 22 4 20
2012 05 31 22 4 03
2012 05 25 21 5 19
2012 03 03 09 6 18
2012 04 24 17 2 02
2012 04 24 17 2 01
2011 11 01 44 2 16
2011 11 01 44 2 16
2011 05 15 19 7 21
2012 04 24 17 2 00
2012 04 09 15 1 01
2012 04 04 14 3 05
2012 04 04 14 3 04
2012 03 20 12 2 20
2012 02 27 09 1 05
2012 02 11 06 6 09
2012 02 01 05 3 13
2012 01 29 04 7 21
2012 01 23 04 1 09
2012 01 23 04 1 07
2012 01 23 04 1 07
2012 01 23 04 1 05
2012 01 23 04 1 01
2012 01 22 03 7 09
2012 01 22 03 7 04
2012 01 22 03 7 04
2012 01 18 03 3 01
2012 01 18 03 3 00
2012 01 16 03 1 06
2012 01 16 03 1 05
2012 01 15 02 7 05
2011 12 30 52 5 13
2011 12 29 52 4 01
2011 12 29 52 4 01
2011 12 29 52 4 01
2011 12 28 52 3 01
2011 12 28 52 3 01
2011 12 27 52 2 22
2011 12 27 52 2 18
2011 12 27 52 2 00
2011 12 22 51 4 20
2011 12 04 48 7 23
2011 12 04 48 7 17
2011 12 04 48 7 04
2011 12 04 48 7 02
2011 12 01 48 4 02
2011 11 28 48 1 14
2011 11 28 48 1 08
2011 11 27 47 7 03
2011 11 26 47 6 19
2011 07 11 28 1 00
2011 11 26 47 6 02
2011 11 24 47 4 20
2011 11 23 47 3 20
2011 11 22 47 2 04
2011 11 20 46 7 19
2011 11 20 46 7 12
2011 11 20 46 7 12
2011 11 20 46 7 12
2011 11 20 46 7 12
2011 11 04 44 5 17
2011 11 04 44 5 17
2011 11 03 44 4 19
2011 10 24 43 1 20
2011 10 18 42 2 23
2011 09 27 39 2 08
2011 09 20 38 2 22
2011 09 17 37 6 00
2011 08 08 32 1 16
2011 08 08 32 1 15
2011 07 22 29 5 01
2011 07 17 28 7 23
2011 07 11 28 1 00
2011 07 10 27 7 23
2011 07 07 27 4 11
2011 07 04 27 1 14
2011 07 04 27 1 13
2011 07 02 26 6 02
2011 06 28 26 2 16
2011 06 28 26 2 15
2011 06 28 26 2 11
2011 06 28 26 2 11
2011 06 26 25 7 16
2011 06 20 25 1 15
2011 06 05 22 7 21
2011 06 05 22 7 03
2011 06 05 22 7 03
2011 06 04 22 6 00
2011 05 31 22 2 23
2011 05 30 22 1 20
2011 05 30 22 1 20
2011 05 30 22 1 07
2011 05 30 22 1 07
2011 05 23 21 1 23
2011 05 14 19 6 19
2011 05 12 19 4 07
2011 05 09 19 1 09
2011 05 09 19 1 09
2011 05 09 19 1 09
2011 05 09 19 1 08
2011 05 09 19 1 08
2011 05 09 19 1 00
2011 05 08 18 7 23
2011 05 02 18 1 20
2011 04 29 17 5 02
2011 04 24 16 7 13
2011 04 24 16 7 12
2011 04 20 16 3 10
2011 04 12 15 2 23
2011 04 12 15 2 23
2011 04 06 14 3 14
2011 03 23 12 3 18
2011 03 14 11 1 00
2011 03 12 10 6 02
2011 03 12 10 6 01
2011 03 11 10 5 06
2011 03 11 10 5 06
2011 03 08 10 2 07
2011 03 11 10 5 05
2011 03 08 10 2 07
2011 03 08 10 2 04
2011 03 08 10 2 03
2011 03 07 10 1 01
2011 03 06 09 7 10
2011 03 06 09 7 10
2011 03 06 09 7 10
2011 03 03 09 4 15
2011 03 02 09 3 09
2011 02 09 06 3 01
2011 02 05 05 6 13
2011 01 27 04 4 13
2011 01 27 04 4 13
2011 01 27 04 4 11
2011 01 23 03 7 23
2011 01 23 03 7 23
2011 01 23 03 7 23
2011 01 23 03 7 23
2011 01 22 03 6 16
2011 01 13 02 4 04
2010 12 31 52 5 01
2010 12 15 50 3 17
2010 12 15 50 3 13
2010 12 17 50 5 01
2010 12 17 50 5 01
2010 12 16 50 4 00
2010 12 15 50 3 19
2010 12 15 50 3 00
2010 12 14 50 2 06
2010 12 11 49 6 15
2010 12 11 49 6 15
2010 12 01 48 3 17
2010 11 30 48 2 00
2010 11 23 47 2 08
2010 11 23 47 2 06
2010 11 21 46 7 01
2010 11 20 46 6 23
2010 10 21 42 4 08
2010 08 09 32 1 07
2010 11 18 46 4 18
2010 11 18 46 4 07
2010 11 17 46 3 22
2010 11 17 46 3 22
2010 11 17 46 3 21
2010 11 17 46 3 19
2010 11 12 45 5 17
2010 09 13 37 1 01
2010 09 13 37 1 01
2010 09 09 36 4 09
2010 09 09 36 4 09
2010 09 05 35 7 23
2010 09 02 35 4 14
2010 08 31 35 2 04
2010 08 31 35 2 00
2010 08 31 35 2 00
2010 08 30 35 1 23
2010 08 30 35 1 23
2010 08 30 35 1 23
2010 08 25 34 3 00
2010 08 25 34 3 00
2010 06 27 25 7 08
2010 08 25 34 3 00
2010 08 06 31 5 19
2010 08 06 31 5 10
2010 08 06 31 5 00
2010 06 26 25 6 00
2010 06 26 25 6 00
2010 06 25 25 5 23
2010 06 02 22 3 10
2010 06 25 25 5 02
2010 06 24 25 4 00
2010 06 24 25 4 00
2010 06 24 25 4 00
2010 06 23 25 3 02
2010 06 23 25 3 01
2010 06 23 25 3 01
2010 06 23 25 3 01
2010 06 23 25 3 00
2010 06 22 25 2 14
2010 03 21 11 7 01
2010 06 22 25 2 04
2010 06 22 25 2 02
2010 03 18 11 4 03
2010 06 19 24 6 02
2010 06 19 24 6 00
2010 06 09 23 3 16
2010 06 04 22 5 01
2010 06 01 22 2 08
2010 04 07 14 3 11
2010 03 14 10 7 17
2010 04 21 16 3 23
2010 04 21 16 3 23
2010 04 21 16 3 22
2010 04 21 16 3 22
2010 04 21 16 3 22
2010 02 13 06 6 15
2010 04 18 15 7 00
2010 02 28 08 7 12
2010 02 28 08 7 11
2010 02 28 08 7 01
2010 02 28 08 7 00
2010 02 27 08 6 23
2010 02 27 08 6 21
2010 02 27 08 6 16
2010 02 27 08 6 15
2010 02 27 08 6 15
2010 02 27 08 6 15
2010 02 27 08 6 10
2010 02 26 08 5 23
2010 02 26 08 5 23
2010 02 26 08 5 22
2010 02 26 08 5 22
2010 01 14 02 4 10
2010 01 16 02 6 15
2010 02 26 08 5 22
2010 01 10 01 7 23
2009 05 04 19 1 23
2010 01 16 02 6 15
2010 01 14 02 4 07
2010 01 14 02 4 07
2010 01 14 02 4 07
2010 01 14 02 4 07
2010 01 14 02 4 06
2010 01 13 02 3 00
2010 01 13 02 3 00
2010 01 12 02 2 23
2010 01 12 02 2 07
2010 01 10 01 7 23
2010 01 10 01 7 22
2010 01 10 01 7 22
2010 01 10 01 7 22
2010 01 10 01 7 17
2010 01 10 01 7 17
2010 01 10 01 7 17
2010 01 10 01 7 17
2010 01 10 01 7 11
2010 01 09 01 6 19
2010 01 09 01 6 04
2010 01 09 01 6 04
2010 01 09 01 6 03
2010 01 09 01 6 03
2010 01 09 01 6 03
2010 01 09 01 6 03
2010 01 09 01 6 03
2010 01 09 01 6 02
2010 01 09 01 6 02
2010 01 09 01 6 01
2010 01 09 01 6 01
2010 01 09 01 6 01
2010 01 06 01 3 16
2010 01 06 01 3 13
2010 01 06 01 3 09
2010 01 05 01 2 22
2010 01 03 53 7 23
2010 01 05 01 2 10
2010 01 04 01 1 10
2010 01 02 53 6 14
2009 11 30 49 1 18
2009 11 29 48 7 19
2009 11 24 48 2 21
2009 11 08 45 7 16
2009 10 28 44 3 01
2009 10 23 43 5 17
2009 10 23 43 5 06
2009 08 24 35 1 09
2009 08 24 35 1 08
2009 08 24 35 1 08
2009 08 24 35 1 08
2009 07 15 29 3 01
2009 06 29 27 1 13
2009 06 29 27 1 13
2009 06 24 26 3 23
2009 06 24 26 3 14
2009 06 15 25 1 23
2009 06 24 26 3 13
2009 06 24 26 3 13
2009 06 24 26 3 13
2009 06 24 26 3 04
2009 06 24 26 3 04
2009 06 24 26 3 00
2009 06 23 26 2 14
2009 05 24 21 7 02
2009 05 30 22 6 03
2009 05 06 19 3 16
2009 06 23 26 2 00
2009 06 03 23 3 13
2009 06 09 24 2 02
2009 06 09 24 2 02
2009 06 03 23 3 07
2009 06 02 23 2 19
2009 06 02 23 2 10
2009 06 02 23 2 09
2009 06 02 23 2 09
2009 06 01 23 1 12
2009 06 01 23 1 03
2009 05 19 21 2 00
2009 05 18 21 1 23
2009 05 18 21 1 14
2009 05 18 21 1 14
2009 05 18 21 1 14
2009 05 10 19 7 13
2009 05 08 19 5 08
2009 05 09 19 6 17
2009 05 08 19 5 00
2009 05 08 19 5 14
2009 05 06 19 3 21
2009 05 06 19 3 21
2009 05 06 19 3 21
2009 05 03 18 7 14
2009 05 02 18 6 00
2009 05 01 18 5 14
2009 05 01 18 5 14
2009 04 30 18 4 14
2009 04 30 18 4 14
2009 04 29 18 3 14
2009 04 27 18 1 13
2009 04 27 18 1 15
2009 04 27 18 1 14
2009 04 18 16 6 21
2009 04 27 18 1 14
2009 04 14 16 2 20
2009 04 26 17 7 05
2009 04 26 17 7 02
2009 04 25 17 6 07
2009 04 25 17 6 06
2009 04 25 17 6 06
2009 04 25 17 6 05
2009 04 25 17 6 04
2009 04 25 17 6 00
2009 04 24 17 5 10
2009 04 24 17 5 10
2009 04 24 17 5 00
2009 04 24 17 5 00
2009 04 23 17 4 03
2009 04 23 17 4 04
2009 04 22 17 3 23
2009 04 08 15 3 02
2009 04 08 15 3 02
2009 04 08 15 3 02
2009 04 08 15 3 02
2009 04 05 14 7 08
2009 04 04 14 6 14
2009 04 04 14 6 12
2009 04 04 14 6 12
2009 04 03 14 5 23
2009 04 03 14 5 23
2009 04 03 14 5 14
2009 04 03 14 5 14
2009 04 02 14 4 05
2009 04 02 14 4 04
2009 04 02 14 4 02
2009 04 02 14 4 02
2009 04 02 14 4 00
2009 04 01 14 3 22
2009 04 01 14 3 13
2009 04 01 14 3 13
2009 04 01 14 3 05
2009 04 01 14 3 02
2009 03 31 14 2 23
2009 03 31 14 2 13
2009 03 31 14 2 13
2009 03 27 13 5 13
2009 03 26 13 4 23
2009 03 26 13 4 14
2009 03 25 13 3 23
2009 03 25 13 3 13
2009 03 25 13 3 13
2009 03 24 13 2 23
2009 03 19 12 4 13
2009 03 18 12 3 13
2009 03 18 12 3 04
2009 03 18 12 3 04
2009 03 18 12 3 04
2009 03 18 12 3 03
2009 03 18 12 3 02
2009 03 18 12 3 01
2009 03 13 11 5 05
2009 03 13 11 5 03
2009 03 12 11 4 11
2009 02 24 09 2 08
2009 02 24 09 2 08
2009 02 22 08 7 12
2009 02 04 06 3 10
2009 01 19 04 1 09
2008 12 23 52 2 13
2009 03 11 11 3 01
2009 03 11 11 3 00
2009 03 11 11 3 00
2009 03 11 11 3 00
2009 03 11 11 3 00
2009 03 11 11 3 00
2009 03 10 11 2 23
2009 03 06 10 5 03
2009 03 06 10 5 02
2009 03 06 10 5 02
2009 03 04 10 3 07
2009 02 16 08 1 04
2009 02 26 09 4 10
2009 02 25 09 3 21
2009 02 24 09 2 07
2009 02 22 08 7 22
2009 02 22 08 7 19
2009 02 19 08 4 21
2009 02 07 06 6 19
2009 02 19 08 4 09
2009 02 19 08 4 08
2009 02 13 07 5 00
2009 02 11 07 3 05
2009 02 11 07 3 05
2009 02 11 07 3 05
2009 02 10 07 2 07
2009 02 10 07 2 07
2009 02 03 06 2 04
2009 02 03 06 2 04
2009 01 28 05 3 15
2009 01 27 05 2 23
2009 01 27 05 2 23
2009 02 10 07 2 04
2009 02 09 07 1 05
2009 02 09 07 1 03
2009 02 04 06 3 03
2009 02 03 06 2 23
2009 02 03 06 2 21
2009 02 03 06 2 21
2009 02 03 06 2 21
2009 02 03 06 2 21
2009 01 23 04 5 23
2009 01 23 04 5 23
2009 01 23 04 5 23
2009 01 23 04 5 23
2009 01 23 04 5 23
2009 01 23 04 5 23
2009 01 23 04 5 13
2009 01 22 04 4 20
2009 01 22 04 4 01
2009 01 22 04 4 01
2009 01 22 04 4 00
2009 01 22 04 4 00
2009 01 22 04 4 00
2009 01 22 04 4 00
2009 01 22 04 4 00
2009 01 22 04 4 00
2009 01 21 04 3 23
2009 01 20 04 2 10
2009 01 20 04 2 10
2009 01 20 04 2 02
2009 01 19 04 1 09
2009 01 16 03 5 23
2009 01 11 02 7 20
2009 01 11 02 7 19
2009 01 09 02 5 21
2009 01 05 02 1 01
2009 01 05 02 1 00
2009 01 02 01 5 22
2009 01 02 01 5 21
2009 01 02 01 5 21
2009 01 02 01 5 21
2009 01 02 01 5 21
2009 01 02 01 5 21
2009 01 02 01 5 21
2008 12 27 52 6 08
2008 12 27 52 6 01
2008 12 30 01 2 19
2008 12 27 52 6 19
2008 12 27 52 6 13
2008 12 27 52 6 04
2008 12 27 52 6 04
2008 12 25 52 4 19
2008 12 25 52 4 16
2008 12 25 52 4 15
2008 12 25 52 4 15
2008 12 25 52 4 07
2008 12 25 52 4 07
2008 12 25 52 4 01
2008 12 23 52 2 13
2008 12 25 52 4 00
2008 12 25 52 4 00
2008 12 24 52 3 22
2008 12 24 52 3 22
2008 12 24 52 3 20
2008 12 24 52 3 16
2008 12 24 52 3 00
2008 12 23 52 2 13
2008 12 23 52 2 13
2008 12 23 52 2 12
2008 12 23 52 2 12
2008 12 23 52 2 11
2008 12 23 52 2 09
2008 12 22 52 1 08
2008 12 22 52 1 08
2008 12 22 52 1 07
2008 12 22 52 1 06
2008 12 22 52 1 06
2008 12 22 52 1 06
2008 12 22 52 1 05
2008 12 22 52 1 03
2008 12 22 52 1 03
2008 12 20 51 6 20
2008 12 20 51 6 20
2008 12 20 51 6 01
2008 12 20 51 6 00
2008 12 19 51 5 05
2008 12 19 51 5 03
2008 12 18 51 4 13
2008 12 16 51 2 07
2008 12 15 51 1 21
2008 12 15 51 1 21
2008 12 15 51 1 21
2008 12 15 51 1 21
2008 12 15 51 1 20
2008 12 15 51 1 06
2008 12 15 51 1 03
2008 12 15 51 1 00
2008 12 15 51 1 00
2008 12 15 51 1 00
2008 12 15 51 1 00
2008 12 15 51 1 00
2008 12 15 51 1 00
2008 12 15 51 1 00
2008 12 15 51 1 00
2008 12 15 51 1 00
2008 12 14 50 7 23
2008 12 14 50 7 23
2008 12 14 50 7 23
2008 12 14 50 7 23
2008 12 14 50 7 23
2008 12 14 50 7 23
2008 12 14 50 7 22
2008 12 14 50 7 22
2008 12 14 50 7 22
2008 12 14 50 7 07
2008 12 14 50 7 04
2008 12 14 50 7 03
2008 12 14 50 7 03
2008 12 14 50 7 03
2008 12 14 50 7 02
2008 12 14 50 7 02
2008 12 13 50 6 06
2008 12 13 50 6 06
2008 12 13 50 6 06
2008 12 13 50 6 05
2008 12 13 50 6 05
2008 12 13 50 6 05
2008 12 13 50 6 04
2008 12 11 50 4 01
2008 12 11 50 4 00
2008 12 10 50 3 22
2008 12 10 50 3 22
2008 12 10 50 3 09
2008 12 10 50 3 21
2008 12 10 50 3 09
2008 12 09 50 2 01
2008 12 09 50 2 00
2008 12 08 50 1 08
2008 12 07 49 7 01
2008 12 05 49 5 09
2008 12 07 49 7 01
2008 12 07 49 7 01
2008 12 07 49 7 01
2008 12 07 49 7 00
2008 12 07 49 7 00
2008 12 07 49 7 00
2008 12 06 49 6 23
2008 12 06 49 6 23
2008 12 07 49 7 01
2008 12 07 49 7 01
2008 11 24 48 1 08
2008 11 24 48 1 08
2008 11 24 48 1 08
2008 11 23 47 7 23
2008 11 23 47 7 23
2008 11 23 47 7 23
2008 11 23 47 7 23
2008 11 23 47 7 23
2008 11 23 47 7 23
2008 11 23 47 7 23
2008 11 22 47 6 21
2008 11 22 47 6 21
2008 11 22 47 6 21
2008 11 22 47 6 21
2008 11 22 47 6 09
2008 11 22 47 6 09
2008 11 22 47 6 09
2008 11 22 47 6 09
2008 11 22 47 6 09
2008 11 22 47 6 09
2008 11 22 47 6 09
2008 11 22 47 6 09
2008 11 22 47 6 03
2008 11 20 47 4 08
2008 11 20 47 4 08
2008 11 20 47 4 06
2008 11 20 47 4 06
2008 11 20 47 4 06
2008 11 20 47 4 06
2008 11 20 47 4 06
2008 11 20 47 4 06
2008 11 20 47 4 01
2008 11 17 47 1 22
2008 11 17 47 1 20
2008 11 17 47 1 07
2008 11 17 47 1 06
2008 11 06 45 4 04
2008 11 06 45 4 04
2008 11 06 45 4 04
2008 11 06 45 4 03
2008 11 06 45 4 03
2008 11 06 45 4 03
2008 11 06 45 4 02
2008 11 06 45 4 02
2008 11 06 45 4 02
2008 11 03 45 1 21
2008 10 22 43 3 08
2008 10 21 43 2 08
2008 10 20 43 1 22
2008 10 20 43 1 21
2008 10 20 43 1 08
2008 10 20 43 1 08
2008 10 20 43 1 07
2008 10 20 43 1 07
2008 10 20 43 1 07
2008 10 20 43 1 07
2008 10 20 43 1 06
2008 10 20 43 1 06
2008 10 20 43 1 06
2008 10 20 43 1 05
2008 10 20 43 1 05
2008 10 20 43 1 05
2008 10 20 43 1 04
2008 10 20 43 1 04
