
2015 10 01 40 4 18
2015 09 27 39 7 04
2015 09 24 39 4 23
2015 09 22 39 2 03
2015 09 15 38 2 23
2015 09 15 38 2 02
2015 08 27 35 4 23
2015 08 19 34 3 22
2015 08 17 34 1 02
2015 07 15 29 3 02
2015 07 14 29 2 20
2015 07 14 29 2 20
2015 07 14 29 2 19
2015 07 14 29 2 19
2015 05 28 22 4 10
2015 05 18 21 1 19
2015 05 18 21 1 19
2015 05 18 21 1 19
2015 05 18 21 1 19
2015 05 18 21 1 18
2015 05 18 21 1 17
2015 05 01 18 5 04
2015 05 01 18 5 04
2015 04 28 18 2 00
2015 04 26 17 7 20
2015 04 15 16 3 03
2015 04 15 16 3 03
2015 04 09 15 4 14
2015 04 09 15 4 14
2015 03 30 14 1 03
2015 03 30 14 1 03
2015 03 28 13 6 02
2015 03 28 13 6 02
2015 03 28 13 6 02
2015 03 28 13 6 01
2015 03 28 13 6 01
2015 03 28 13 6 01
2015 03 27 13 5 04
2015 03 27 13 5 04
2015 03 26 13 4 05
2015 03 26 13 4 04
2015 03 25 13 3 21
2015 03 25 13 3 21
2015 03 25 13 3 21
2015 03 25 13 3 21
2015 03 25 13 3 20
2015 03 25 13 3 20
2015 03 25 13 3 20
2015 02 12 07 4 20
2015 02 06 06 5 21
2015 02 06 06 5 20
2015 02 06 06 5 20
2015 02 04 06 3 20
2015 02 04 06 3 01
2015 02 04 06 3 01
2015 01 27 05 2 20
2015 01 27 05 2 20
2015 01 26 05 1 19
2015 01 26 05 1 02
2015 01 26 05 1 02
2015 01 26 05 1 01
2015 01 26 05 1 01
2015 01 26 05 1 00
2014 12 30 01 2 08
2014 12 16 51 2 05
2014 12 15 51 1 20
2014 09 30 40 2 20
2014 09 30 40 2 20
2014 09 30 40 2 00
2014 09 30 40 2 00
2014 09 30 40 2 00
2014 09 30 40 2 00
2014 09 30 40 2 00
2014 09 30 40 2 00
2014 09 30 40 2 00
2014 09 29 40 1 23
2014 09 29 40 1 23
2014 09 29 40 1 23
2014 09 29 40 1 23
2014 09 29 40 1 23
2014 09 29 40 1 23
2014 09 29 40 1 23
2014 09 29 40 1 23
2014 09 29 40 1 23
2014 09 13 37 6 00
2014 09 13 37 6 00
2014 09 13 37 6 00
2014 09 13 37 6 00
2014 09 12 37 5 23
2014 08 30 35 6 22
2014 08 28 35 4 15
2014 08 20 34 3 04
2014 08 20 34 3 04
2014 08 20 34 3 02
2014 07 18 29 5 13
2014 07 14 29 1 03
2014 07 14 29 1 03
2014 07 07 28 1 23
2014 07 07 28 1 10
2014 05 13 20 2 22
2014 05 06 19 2 20
2014 05 06 19 2 03
2014 04 29 18 2 22
2014 04 29 18 2 21
2014 04 29 18 2 21
2014 04 25 17 5 02
2014 04 23 17 3 19
2014 04 22 17 2 19
2014 04 22 17 2 19
2014 04 22 17 2 19
2014 04 02 14 3 22
2014 04 02 14 3 22
2014 04 02 14 3 20
2014 04 02 14 3 19
2014 04 02 14 3 19
2014 04 02 14 3 19
2014 04 01 14 2 05
2014 04 01 14 2 05
2014 04 01 14 2 05
2014 04 01 14 2 05
2014 03 24 13 1 07
2014 03 21 12 5 16
2014 03 21 12 5 16
2014 03 21 12 5 15
2014 03 21 12 5 12
2014 03 20 12 4 18
2014 03 20 12 4 18
2014 03 20 12 4 18
2014 03 15 11 6 00
2014 03 15 11 6 00
2014 03 14 11 5 05
2014 03 12 11 3 01
2014 03 10 11 1 21
2014 03 09 10 7 20
2014 03 09 10 7 19
2014 03 09 10 7 09
2014 03 08 10 6 22
2014 03 08 10 6 22
2014 03 08 10 6 22
2014 03 08 10 6 22
2014 03 08 10 6 22
2014 03 08 10 6 22
2014 03 07 10 5 21
2014 03 07 10 5 20
2014 03 07 10 5 20
2014 03 07 10 5 20
2014 03 07 10 5 19
2014 03 07 10 5 19
2014 03 07 10 5 19
2014 03 07 10 5 19
2014 03 07 10 5 19
2014 03 07 10 5 19
2014 03 07 10 5 18
2014 03 06 10 4 19
2014 03 02 09 7 03
2014 03 02 09 7 03
2014 03 02 09 7 03
2014 03 02 09 7 03
2014 03 02 09 7 03
2014 03 02 09 7 03
2014 03 02 09 7 03
2014 03 02 09 7 02
2014 03 02 09 7 02
2014 03 02 09 7 02
2014 03 02 09 7 02
2014 03 02 09 7 02
2014 03 02 09 7 02
2014 03 02 09 7 02
2014 03 02 09 7 02
2014 03 02 09 7 01
2014 02 06 06 4 03
2014 02 06 06 4 03
2014 02 06 06 4 01
2014 02 05 06 3 20
2014 02 05 06 3 07
2014 02 05 06 3 07
2014 02 05 06 3 07
2014 02 05 06 3 07
2014 02 05 06 3 06
2014 02 04 06 2 04
