
2015 12 29 53 2 05
2015 12 29 53 2 05
2015 12 29 53 2 02
2015 12 23 52 3 15
2015 12 23 52 3 15
2015 12 21 52 1 22
2015 12 21 52 1 22
2015 12 20 51 7 22
2015 12 20 51 7 21
2015 12 17 51 4 20
2015 12 16 51 3 04
2015 12 15 51 2 18
2015 12 14 51 1 20
2015 12 14 51 1 19
2015 12 06 49 7 13
2015 12 14 51 1 07
2015 12 13 50 7 23
2015 12 13 50 7 23
2015 12 13 50 7 23
2015 12 13 50 7 23
2015 12 13 50 7 22
2015 12 13 50 7 22
2015 12 13 50 7 22
2015 12 13 50 7 22
2015 12 13 50 7 22
2015 12 13 50 7 21
2015 12 10 50 4 22
2015 12 10 50 4 02
2015 12 10 50 4 02
2015 12 08 50 2 23
2015 12 01 49 2 02
2015 12 01 49 2 02
2015 12 01 49 2 02
2015 12 01 49 2 01
2015 12 01 49 2 01
2015 11 29 48 7 04
2015 11 29 48 7 03
2015 11 29 48 7 01
2015 11 28 48 6 23
2015 11 28 48 6 01
2015 11 28 48 6 00
2015 11 28 48 6 00
2015 11 28 48 6 00
2015 11 28 48 6 00
2015 11 27 48 5 23
2015 11 27 48 5 23
2015 11 27 48 5 07
2015 11 13 46 5 22
2015 11 13 46 5 22
2015 11 13 46 5 22
2015 11 12 46 4 00
2015 11 11 46 3 23
2015 11 11 46 3 22
2015 11 11 46 3 22
2015 11 11 46 3 22
2015 11 11 46 3 21
2015 11 07 45 6 18
2015 11 07 45 6 18
2015 10 26 44 1 07
2015 10 26 44 1 07
2015 10 26 44 1 06
2015 10 23 43 5 11
2015 10 23 43 5 05
2015 10 12 42 1 21
2015 10 12 42 1 21
2015 10 12 42 1 21
2015 10 05 41 1 18
2015 10 04 40 7 00
2015 10 01 40 4 22
2015 09 30 40 3 14
2015 10 01 40 4 19
2015 09 30 40 3 20
2015 09 30 40 3 19
2015 09 30 40 3 06
2015 09 30 40 3 06
2015 09 29 40 2 19
2015 09 28 40 1 23
2015 09 28 40 1 22
2015 09 28 40 1 20
2015 09 24 39 4 21
2015 09 24 39 4 01
2015 09 24 39 4 00
2015 09 23 39 3 22
2015 09 20 38 7 14
2015 09 19 38 6 16
2015 09 20 38 7 01
2015 09 19 38 6 23
2015 09 19 38 6 23
2015 09 19 38 6 23
2015 09 17 38 4 23
2015 09 17 38 4 18
2015 07 20 30 1 21
2015 09 16 38 3 23
2015 09 16 38 3 19
2015 09 15 38 2 02
2015 09 15 38 2 02
2015 09 13 37 7 01
2015 09 13 37 7 01
2015 09 09 37 3 20
2015 09 03 36 4 18
2015 09 01 36 2 18
2015 08 31 36 1 20
2015 08 31 36 1 20
2015 08 28 35 5 22
2015 08 28 35 5 18
2015 08 21 34 5 02
2015 08 19 34 3 01
2015 08 18 34 2 00
2015 08 17 34 1 23
2015 08 17 34 1 23
2015 08 17 34 1 19
2015 08 17 34 1 19
2015 08 13 33 4 00
2015 08 12 33 3 19
2015 08 11 33 2 01
2015 08 11 33 2 00
2015 08 10 33 1 19
2015 08 06 32 4 20
2015 08 05 32 3 22
2015 08 05 32 3 22
2015 07 24 30 5 23
2015 07 24 30 5 23
2015 07 22 30 3 20
2015 07 21 30 2 10
2015 07 22 30 3 23
2015 07 20 30 1 21
2015 07 20 30 1 01
2015 07 20 30 1 01
2015 07 16 29 4 20
2015 07 16 29 4 03
2015 07 15 29 3 23
2015 07 15 29 3 02
2015 07 15 29 3 00
2015 07 15 29 3 00
2015 06 25 26 4 15
2015 06 25 26 4 22
2015 06 24 26 3 00
2015 06 24 26 3 00
2015 06 22 26 1 20
2015 06 22 26 1 19
2015 06 22 26 1 19
2015 06 17 25 3 01
2015 06 17 25 3 00
2015 06 15 25 1 18
2015 06 14 24 7 12
2015 06 11 24 4 21
2015 06 09 24 2 19
2015 06 09 24 2 19
2015 06 09 24 2 19
2015 06 08 24 1 04
2015 06 03 23 3 01
2015 06 02 23 2 22
2015 06 02 23 2 22
2015 06 01 23 1 22
2015 06 01 23 1 20
2015 06 01 23 1 20
2015 06 01 23 1 20
2015 05 28 22 4 16
2015 05 25 22 1 03
2015 05 25 22 1 03
2015 05 24 21 7 22
2015 05 19 21 2 16
2015 05 17 20 7 21
2015 05 16 20 6 22
2015 05 16 20 6 22
2015 05 16 20 6 21
2015 05 16 20 6 01
2015 05 15 20 5 20
2015 05 11 20 1 18
2015 05 11 20 1 18
2015 05 09 19 6 11
2015 05 08 19 5 23
2015 05 08 19 5 17
2015 05 08 19 5 10
2015 05 07 19 4 09
2015 05 07 19 4 09
2015 05 08 19 5 07
2015 05 07 19 4 18
2015 05 07 19 4 14
2015 05 06 19 3 09
2015 05 06 19 3 00
2015 05 04 19 1 20
2015 05 04 19 1 19
2015 05 04 19 1 19
2015 05 04 19 1 19
2015 05 04 19 1 18
2015 05 04 19 1 18
2015 05 04 19 1 03
2015 05 04 19 1 02
2015 05 04 19 1 02
2015 05 04 19 1 00
2015 05 04 19 1 00
2015 05 04 19 1 00
2014 02 17 08 1 10
2015 05 03 18 7 05
2015 05 03 18 7 07
2015 05 03 18 7 05
2015 05 03 18 7 03
2015 05 02 18 6 23
2015 05 02 18 6 22
2015 05 02 18 6 22
2015 05 02 18 6 22
2015 05 02 18 6 20
2015 04 26 17 7 22
2015 04 26 17 7 22
2015 04 26 17 7 20
2015 04 26 17 7 18
2015 04 26 17 7 18
2015 04 26 17 7 18
2015 04 26 17 7 18
2015 04 24 17 5 19
2015 04 24 17 5 19
2015 04 06 15 1 23
2015 03 23 13 1 21
2015 03 20 12 5 21
2015 04 24 17 5 19
2015 04 22 17 3 22
2015 04 22 17 3 18
2015 04 17 16 5 19
2015 04 16 16 4 21
2015 03 31 14 2 02
2015 03 27 13 5 18
2015 03 24 13 2 17
2015 03 21 12 6 19
2015 03 19 12 4 21
2015 03 05 10 4 18
2015 03 03 10 2 22
2015 03 02 10 1 03
2015 02 27 09 5 02
2015 02 26 09 4 02
2014 10 13 42 1 00
2015 02 25 09 3 20
2015 02 23 09 1 21
2015 02 23 09 1 21
2015 02 23 09 1 21
2015 02 22 08 7 23
2015 02 22 08 7 20
2015 02 21 08 6 19
2015 02 19 08 4 23
2015 02 18 08 3 12
2015 02 18 08 3 15
2015 02 18 08 3 01
2015 02 17 08 2 18
2015 02 17 08 2 00
2015 02 13 07 5 23
2015 02 13 07 5 23
2015 01 15 03 4 10
2015 02 13 07 5 23
2015 02 13 07 5 23
2015 02 13 07 5 10
2015 02 12 07 4 15
2015 02 11 07 3 00
2015 02 10 07 2 23
2015 02 10 07 2 23
2015 02 10 07 2 21
2015 02 10 07 2 09
2015 02 09 07 1 23
2015 02 07 06 6 22
2015 02 01 05 7 03
2015 01 26 05 1 14
2015 01 15 03 4 19
2015 01 15 03 4 10
2015 01 15 03 4 09
2015 01 15 03 4 08
2015 01 08 02 4 14
2015 01 08 02 4 14
2015 01 08 02 4 14
2015 01 08 02 4 14
2015 01 06 02 2 18
2015 01 04 01 7 23
2015 01 04 01 7 22
2015 01 04 01 7 22
2015 01 04 01 7 22
2015 01 04 01 7 22
2015 01 04 01 7 21
2015 01 04 01 7 21
2015 01 03 01 6 21
2014 12 28 52 7 10
2014 12 28 52 7 10
2014 12 28 52 7 10
2014 12 26 52 5 23
2014 12 24 52 3 20
2014 12 23 52 2 23
2014 12 22 52 1 19
2014 12 11 50 4 18
2014 11 19 47 3 19
2014 11 16 46 7 21
2014 11 13 46 4 01
2014 11 09 45 7 20
2014 11 09 45 7 06
2014 11 08 45 6 22
2014 11 02 44 7 16
2014 10 20 43 1 20
2014 10 20 43 1 20
2014 10 18 42 6 19
2014 10 18 42 6 19
2014 10 18 42 6 19
2014 10 18 42 6 19
2014 06 29 26 7 00
2014 10 15 42 3 21
2014 10 13 42 1 13
2014 10 12 41 7 16
2014 10 08 41 3 17
2014 09 28 39 7 22
2014 09 16 38 2 00
2014 09 16 38 2 00
2014 09 11 37 4 18
2014 09 11 37 4 01
2014 09 11 37 4 00
2014 09 09 37 2 09
2014 09 09 37 2 09
2014 09 09 37 2 09
2014 09 09 37 2 09
2014 09 02 36 2 21
2014 08 29 35 5 19
2014 08 25 35 1 04
2014 08 25 35 1 03
2014 08 25 35 1 03
2014 08 25 35 1 02
2014 08 25 35 1 02
2014 08 25 35 1 00
2014 08 24 34 7 23
2014 08 22 34 5 18
2014 08 20 34 3 18
2014 08 20 34 3 18
2014 08 19 34 2 00
2014 08 18 34 1 23
2014 08 18 34 1 23
2014 08 17 33 7 22
2014 08 15 33 5 04
2014 08 15 33 5 19
2014 08 15 33 5 18
2014 08 15 33 5 05
2014 08 14 33 4 18
2014 08 14 33 4 05
2014 08 13 33 3 20
2014 08 13 33 3 11
2014 08 05 32 2 00
2014 08 05 32 2 00
2014 08 04 32 1 23
2014 08 03 31 7 17
2014 08 03 31 7 17
2014 07 31 31 4 13
2014 07 30 31 3 14
2014 07 31 31 4 08
2014 07 29 31 2 09
2014 07 29 31 2 09
2014 07 24 30 4 20
2014 07 24 30 4 07
2014 07 24 30 4 07
2014 07 24 30 4 06
2014 07 24 30 4 06
2014 07 11 28 5 23
2014 07 16 29 3 03
2014 07 20 29 7 23
2014 07 20 29 7 22
2014 07 20 29 7 22
2013 09 22 38 7 23
2014 07 18 29 5 23
2014 07 18 29 5 19
2014 07 17 29 4 18
2014 07 14 29 1 22
2014 07 14 29 1 18
2014 07 14 29 1 17
2014 07 08 28 2 04
2014 07 10 28 4 22
2014 07 10 28 4 22
2014 07 10 28 4 22
2014 03 26 13 3 00
2014 07 10 28 4 21
2014 07 09 28 3 19
2014 07 09 28 3 19
2014 07 09 28 3 19
2014 07 09 28 3 18
2014 07 03 27 4 04
2014 07 09 28 3 02
2014 07 08 28 2 08
2014 07 08 28 2 07
2014 07 07 28 1 18
2014 07 04 27 5 05
2014 07 04 27 5 04
2014 07 06 27 7 05
2014 07 06 27 7 03
2014 07 06 27 7 03
2014 07 06 27 7 03
2014 07 06 27 7 03
2014 07 06 27 7 03
2014 07 05 27 6 21
2014 07 06 27 7 01
2014 07 06 27 7 01
2014 07 06 27 7 01
2014 07 05 27 6 22
2014 07 05 27 6 21
2014 05 27 22 2 04
2014 07 05 27 6 20
2014 07 05 27 6 19
2014 07 05 27 6 03
2014 07 04 27 5 19
2014 07 04 27 5 19
2014 07 03 27 4 21
2014 07 02 27 3 20
2014 07 02 27 3 19
2014 07 02 27 3 19
2014 07 02 27 3 13
2014 06 29 26 7 06
2014 06 17 25 2 06
2014 06 29 26 7 06
2014 05 02 18 5 20
2014 05 02 18 5 19
2014 06 24 26 2 22
2014 06 23 26 1 05
2014 06 15 24 7 02
2014 06 20 25 5 23
2014 06 17 25 2 06
2014 06 16 25 1 18
2014 06 16 25 1 17
2014 06 16 25 1 17
2014 06 14 24 6 22
2014 06 14 24 6 22
2014 06 14 24 6 21
2014 05 31 22 6 08
2014 05 31 22 6 08
2014 05 31 22 6 08
2014 05 31 22 6 08
2014 05 31 22 6 07
2014 05 31 22 6 07
2014 05 31 22 6 07
2014 05 31 22 6 07
2014 05 31 22 6 06
2014 05 28 22 3 09
2014 05 28 22 3 08
2014 05 11 19 7 03
2014 04 28 18 1 08
2014 04 28 18 1 08
2014 04 28 18 1 08
2014 04 28 18 1 07
2014 04 28 18 1 07
2014 04 28 18 1 06
2014 06 11 24 3 22
2014 06 07 23 6 00
2014 06 11 24 3 19
2014 06 11 24 3 19
2014 06 11 24 3 18
2014 06 09 24 1 23
2014 06 10 24 2 02
2014 04 07 15 1 21
2014 06 03 23 2 00
2014 04 16 16 3 00
2014 05 27 22 2 03
2014 05 27 22 2 03
2014 05 27 22 2 02
2014 04 28 18 1 08
2014 04 26 17 6 21
2014 05 27 22 2 01
2014 05 26 22 1 06
2014 05 26 22 1 05
2014 05 26 22 1 03
2014 05 26 22 1 03
2014 05 24 21 6 08
2014 05 23 21 5 08
2014 05 25 21 7 05
2014 05 25 21 7 04
2014 05 24 21 6 12
2014 05 24 21 6 12
2014 05 24 21 6 11
2014 05 24 21 6 09
2014 05 23 21 5 08
2014 05 23 21 5 07
2014 05 23 21 5 06
2014 05 22 21 4 12
2014 05 16 20 5 08
2014 05 16 20 5 08
2014 05 16 20 5 08
2014 05 16 20 5 08
2014 05 15 20 4 17
2014 05 12 20 1 09
2014 05 12 20 1 09
2014 05 11 19 7 19
2014 05 11 19 7 08
2014 05 11 19 7 05
2014 05 11 19 7 04
2014 05 11 19 7 04
2014 05 11 19 7 04
2014 05 11 19 7 04
2014 05 01 18 4 22
2014 05 01 18 4 19
2014 04 29 18 2 20
2014 04 29 18 2 19
2014 04 29 18 2 19
2014 04 29 18 2 19
2014 04 29 18 2 15
2014 04 29 18 2 01
2014 04 28 18 1 19
2014 04 28 18 1 19
2014 04 14 16 1 19
2014 04 14 16 1 19
2014 04 12 15 6 23
2014 04 12 15 6 21
2014 04 11 15 5 15
2014 04 10 15 4 01
2014 04 08 15 2 01
2014 04 08 15 2 00
2014 04 07 15 1 20
2014 04 07 15 1 18
2014 04 07 15 1 18
2014 04 07 15 1 16
2014 04 05 14 6 22
2014 04 05 14 6 22
2014 04 05 14 6 02
2014 04 04 14 5 19
2014 04 04 14 5 19
2014 04 04 14 5 19
2014 04 04 14 5 19
2014 04 04 14 5 19
2014 04 04 14 5 19
2014 04 04 14 5 19
2014 04 03 14 4 23
2014 04 03 14 4 18
2014 04 03 14 4 18
2014 03 31 14 1 23
2014 03 30 13 7 04
2014 03 30 13 7 01
2014 03 30 13 7 01
2014 03 29 13 6 22
2014 03 28 13 5 17
2014 03 27 13 4 09
2014 03 26 13 3 08
2014 03 26 13 3 06
2014 03 26 13 3 06
2014 03 26 13 3 01
2014 03 26 13 3 00
2014 03 25 13 2 19
2014 03 25 13 2 19
2014 03 25 13 2 14
2014 03 25 13 2 14
2014 03 25 13 2 14
2014 03 25 13 2 14
2014 03 25 13 2 13
2014 03 25 13 2 11
2014 03 25 13 2 11
2014 03 25 13 2 10
2014 03 25 13 2 10
2014 03 25 13 2 09
2014 03 25 13 2 09
2014 03 25 13 2 09
2014 03 25 13 2 09
2014 03 24 13 1 11
2014 03 24 13 1 07
2014 03 24 13 1 00
2014 03 21 12 5 01
2014 03 20 12 4 18
2014 03 20 12 4 18
2014 01 02 01 4 23
2014 03 19 12 3 06
2014 03 19 12 3 05
2014 03 17 12 1 05
2014 03 13 11 4 11
2014 03 12 11 3 10
2014 03 14 11 5 04
2014 03 04 10 2 08
2014 03 14 11 5 04
2014 03 13 11 4 12
2014 03 13 11 4 11
2014 03 13 11 4 10
2014 03 11 11 2 12
2014 03 11 11 2 12
2014 03 10 11 1 01
2014 03 10 11 1 01
2014 03 05 10 3 07
2014 03 04 10 2 08
2014 03 04 10 2 08
2014 03 04 10 2 07
2014 03 01 09 6 19
2014 02 26 09 3 07
2014 02 23 08 7 03
2014 02 23 08 7 03
2014 02 23 08 7 05
2014 02 23 08 7 03
2014 02 20 08 4 09
2014 02 20 08 4 08
2014 02 19 08 3 03
2014 02 05 06 3 06
2014 02 02 05 7 11
2014 02 02 05 7 11
2014 02 01 05 6 23
2014 02 02 05 7 11
2014 02 02 05 7 11
2014 02 01 05 6 23
2014 01 31 05 5 06
2014 01 28 05 2 19
2014 01 27 05 1 18
2014 01 27 05 1 08
2014 01 25 04 6 03
2014 01 22 04 3 03
2014 01 16 03 4 02
2014 01 15 03 3 15
2014 01 10 02 5 04
2014 01 04 01 6 21
2014 01 04 01 6 01
2014 01 04 01 6 00
2014 01 03 01 5 23
2014 01 03 01 5 22
2014 01 03 01 5 02
2014 01 03 01 5 01
2014 01 02 01 4 06
2014 01 02 01 4 23
2014 01 02 01 4 23
2014 01 02 01 4 23
2014 01 02 01 4 04
2014 01 02 01 4 03
2014 01 02 01 4 03
2014 01 01 01 3 23
2014 01 02 01 4 00
2014 01 01 01 3 03
2013 12 31 01 2 23
2013 12 30 01 1 00
2013 12 30 01 1 00
2013 12 29 52 7 23
2013 12 29 52 7 23
2013 12 29 52 7 14
2013 12 29 52 7 02
2013 12 28 52 6 19
2013 12 28 52 6 19
2013 12 28 52 6 00
2013 12 28 52 6 01
2013 12 28 52 6 01
2013 12 26 52 4 01
2013 12 18 51 3 23
2013 12 18 51 3 23
2013 12 16 51 1 01
2013 12 13 50 5 17
2013 12 13 50 5 08
2013 12 11 50 3 07
2013 12 11 50 3 07
2013 12 08 49 7 05
2013 12 01 48 7 07
2013 11 29 48 5 23
2013 11 27 48 3 09
2013 11 26 48 2 07
2013 11 25 48 1 10
2013 11 25 48 1 09
2013 11 25 48 1 08
2013 11 25 48 1 06
2013 11 23 47 6 18
2013 11 22 47 5 17
2013 11 20 47 3 03
2013 11 19 47 2 09
2013 11 19 47 2 07
2013 11 19 47 2 05
2013 11 15 46 5 19
2013 10 29 44 2 00
2013 11 15 46 5 12
2013 11 14 46 4 17
2013 11 14 46 4 04
2013 11 14 46 4 04
2013 11 12 46 2 12
2013 11 08 45 5 11
2013 11 03 44 7 02
2013 10 30 44 3 17
2013 10 29 44 2 17
2013 10 29 44 2 17
2013 10 29 44 2 17
2013 10 29 44 2 17
2013 10 25 43 5 09
2013 10 25 43 5 05
2013 10 20 42 7 04
2013 10 20 42 7 04
2013 10 20 42 7 04
2013 10 20 42 7 02
2013 10 20 42 7 01
2013 10 20 42 7 01
2013 10 20 42 7 00
2013 09 17 38 2 07
2013 10 20 42 7 00
2013 10 18 42 5 10
2013 10 17 42 4 08
2013 10 15 42 2 23
2013 10 15 42 2 23
2013 10 15 42 2 23
2013 10 15 42 2 13
2013 10 02 40 3 20
2013 09 28 39 6 09
2013 09 28 39 6 08
2013 09 26 39 4 23
2013 09 24 39 2 16
2013 09 22 38 7 23
2013 09 17 38 2 08
2013 09 17 38 2 07
2013 09 17 38 2 07
2013 08 16 33 5 06
2013 07 15 29 1 16
2013 09 07 36 6 22
2013 08 26 35 1 21
2013 08 21 34 3 13
2013 08 20 34 2 23
2013 08 20 34 2 14
2013 08 20 34 2 14
2013 08 19 34 1 04
2013 08 18 33 7 00
2013 08 16 33 5 07
2013 08 16 33 5 00
2013 07 22 30 1 08
2013 07 20 29 6 00
2013 07 17 29 3 00
2013 07 17 29 3 00
2013 07 13 28 6 03
2013 07 12 28 5 22
2013 07 12 28 5 21
2013 07 09 28 2 07
2013 07 09 28 2 07
2013 07 08 28 1 23
2013 07 08 28 1 05
2013 07 02 27 2 23
2013 07 02 27 2 23
2013 07 01 27 1 00
2013 07 01 27 1 00
2013 07 01 27 1 00
2013 06 25 26 2 15
2013 06 24 26 1 23
2013 06 24 26 1 23
2013 06 24 26 1 22
2013 06 24 26 1 22
2013 06 24 26 1 00
2013 06 23 25 7 05
2013 06 19 25 3 20
2013 06 19 25 3 19
2013 06 18 25 2 20
2013 06 18 25 2 10
2013 06 17 25 1 02
2013 06 17 25 1 02
2013 06 16 24 7 01
2013 06 15 24 6 01
2013 06 13 24 4 18
2013 06 13 24 4 18
2013 06 13 24 4 03
2013 06 13 24 4 02
2013 06 13 24 4 02
2013 06 12 24 3 22
2013 04 14 15 7 21
2013 06 12 24 3 20
2013 06 10 24 1 18
2013 06 10 24 1 02
2013 06 09 23 7 00
2013 06 07 23 5 17
2013 06 07 23 5 10
2013 06 07 23 5 10
2013 06 05 23 3 22
2013 06 05 23 3 00
2013 06 04 23 2 23
2013 06 04 23 2 23
2013 06 04 23 2 18
2013 06 04 23 2 18
2013 06 03 23 1 20
2013 06 03 23 1 19
2013 06 03 23 1 18
2013 06 03 23 1 04
2013 06 02 22 7 00
2013 06 01 22 6 03
2013 06 01 22 6 02
2013 05 31 22 5 06
2013 05 31 22 5 06
2013 05 31 22 5 06
2013 05 31 22 5 05
2013 05 30 22 4 21
2013 05 30 22 4 19
2013 05 30 22 4 19
2013 05 29 22 3 20
2013 05 29 22 3 16
2013 05 29 22 3 16
2013 05 29 22 3 15
2013 05 29 22 3 11
2013 05 29 22 3 07
2013 05 29 22 3 06
2013 05 23 21 4 09
2013 05 25 21 6 02
2013 05 25 21 6 00
2013 05 24 21 5 20
2013 05 24 21 5 19
2013 05 24 21 5 01
2013 05 24 21 5 00
2013 05 24 21 5 00
2013 05 24 21 5 00
2013 05 23 21 4 23
2013 05 23 21 4 22
2013 05 23 21 4 22
2013 05 23 21 4 21
2013 05 23 21 4 08
2013 05 23 21 4 02
2013 05 19 20 7 22
2013 05 19 20 7 22
2013 05 18 20 6 22
2013 05 17 20 5 14
2013 05 17 20 5 02
2013 05 16 20 4 02
2013 05 16 20 4 02
2013 05 12 19 7 22
2013 05 12 19 7 19
2013 05 12 19 7 19
2013 05 08 19 3 20
2013 05 06 19 1 03
2013 05 04 18 6 19
2013 05 04 18 6 19
2013 05 03 18 5 20
2013 05 03 18 5 20
2013 05 03 18 5 20
2013 05 03 18 5 08
2013 05 03 18 5 07
2013 05 03 18 5 07
2013 05 03 18 5 06
2013 03 20 12 3 21
2013 03 15 11 5 16
2013 03 15 11 5 22
2013 05 03 18 5 04
2013 05 03 18 5 03
2013 05 02 18 4 22
2013 05 01 18 3 19
2013 05 01 18 3 18
2013 05 01 18 3 18
2013 05 01 18 3 10
2013 05 01 18 3 04
2013 05 01 18 3 03
2013 04 30 18 2 12
2013 04 28 17 7 23
2013 04 23 17 2 07
2013 04 23 17 2 07
2013 04 23 17 2 07
2013 04 23 17 2 05
2013 04 23 17 2 05
2013 04 23 17 2 05
2013 04 22 17 1 05
2013 04 22 17 1 03
2013 04 22 17 1 03
2013 04 21 16 7 06
2013 04 21 16 7 02
2013 04 21 16 7 00
2013 04 21 16 7 00
2013 04 20 16 6 23
2013 04 20 16 6 23
2013 04 20 16 6 23
2013 04 20 16 6 23
2013 04 20 16 6 23
2013 04 20 16 6 23
2013 04 20 16 6 22
2013 04 20 16 6 22
2013 04 20 16 6 21
2013 04 15 16 1 01
2013 04 14 15 7 18
2013 04 14 15 7 18
2013 04 14 15 7 18
2013 04 14 15 7 18
2013 04 14 15 7 03
2013 04 14 15 7 03
2013 04 14 15 7 03
2013 04 14 15 7 03
2013 04 14 15 7 03
2013 04 14 15 7 02
2013 04 13 15 6 22
2013 04 13 15 6 08
2013 04 13 15 6 07
2013 04 13 15 6 07
2013 04 13 15 6 07
2013 04 13 15 6 06
2013 04 13 15 6 05
2013 04 13 15 6 06
2013 04 13 15 6 07
2013 04 13 15 6 04
2013 04 13 15 6 06
2013 04 13 15 6 04
2013 04 13 15 6 04
2013 04 13 15 6 01
2013 04 13 15 6 01
2013 04 11 15 4 19
2013 04 11 15 4 18
2013 04 10 15 3 08
2013 04 10 15 3 07
2013 04 10 15 3 07
2013 04 10 15 3 06
2013 04 10 15 3 05
2013 04 09 15 2 08
2013 04 08 15 1 09
2013 04 05 14 5 13
2013 04 08 15 1 09
2013 04 08 15 1 08
2013 04 07 14 7 08
2013 04 07 14 7 08
2013 04 07 14 7 07
2013 04 07 14 7 03
2013 04 07 14 7 01
2013 04 07 14 7 02
2013 04 07 14 7 01
2013 04 06 14 6 23
2013 04 06 14 6 23
2013 04 06 14 6 23
2013 04 06 14 6 21
2013 04 05 14 5 08
2013 04 05 14 5 08
2013 04 05 14 5 07
2013 04 05 14 5 07
2013 04 04 14 4 21
2013 04 03 14 3 10
2013 04 03 14 3 08
2013 04 03 14 3 07
2013 03 28 13 4 19
2013 03 26 13 2 19
2013 03 26 13 2 15
2013 03 25 13 1 19
2013 03 23 12 6 23
2013 03 23 12 6 09
2013 03 22 12 5 18
2013 03 22 12 5 18
2013 03 22 12 5 10
2013 03 21 12 4 16
2013 03 20 12 3 17
2013 03 20 12 3 16
2013 03 20 12 3 16
2013 03 20 12 3 00
2013 03 20 12 3 00
2013 03 20 12 3 00
2013 03 19 12 2 23
2013 03 18 12 1 22
2013 03 18 12 1 22
2013 03 18 12 1 22
2013 03 17 11 7 18
2013 03 15 11 5 07
2013 03 11 11 1 00
2013 03 04 10 1 03
2013 03 03 09 7 21
2013 03 03 09 7 21
2013 03 03 09 7 21
2013 03 03 09 7 08
2013 01 18 03 5 04
2013 02 27 09 3 22
2013 02 27 09 3 22
2013 02 25 09 1 01
2013 02 25 09 1 00
2013 02 24 08 7 23
2013 02 24 08 7 22
2013 02 24 08 7 22
2013 02 24 08 7 20
2013 02 24 08 7 22
2013 02 24 08 7 20
2013 02 20 08 3 22
2013 02 20 08 3 02
2013 02 18 08 1 04
2013 02 18 08 1 03
2013 02 16 07 6 08
2013 02 16 07 6 07
2013 02 16 07 6 06
2013 02 11 07 1 03
2013 02 11 07 1 02
2013 02 11 07 1 02
2013 02 11 07 1 01
2013 02 11 07 1 01
2013 02 11 07 1 01
2013 02 06 06 3 09
2013 02 06 06 3 09
2013 02 09 06 6 08
2013 02 09 06 6 07
2013 02 09 06 6 07
2013 02 10 06 7 21
2013 02 10 06 7 11
2013 02 10 06 7 00
2013 02 10 06 7 00
2013 02 10 06 7 00
2012 10 27 43 6 20
2013 02 09 06 6 09
2013 02 09 06 6 19
2013 02 10 06 7 00
2013 02 09 06 6 21
2013 02 09 06 6 21
2013 02 09 06 6 21
2013 02 09 06 6 19
2013 02 09 06 6 19
2013 02 08 06 5 09
2013 02 06 06 3 22
2013 02 06 06 3 09
2013 02 06 06 3 08
2013 02 01 05 5 21
2013 02 01 05 5 19
2013 01 31 05 4 23
2013 01 31 05 4 14
2013 01 28 05 1 02
2013 01 26 04 6 08
2013 01 26 04 6 07
2013 01 26 04 6 05
2013 01 26 04 6 03
2013 01 24 04 4 18
2013 01 23 04 3 08
2013 01 22 04 2 09
2013 01 21 04 1 20
2013 01 19 03 6 02
2013 01 19 03 6 02
2013 01 18 03 5 04
2013 01 15 03 2 08
2013 01 15 03 2 08
2013 01 15 03 2 07
2013 01 15 03 2 07
2013 01 14 03 1 00
2013 01 14 03 1 00
2013 01 12 02 6 02
2013 01 12 02 6 16
2013 01 13 02 7 20
2013 01 13 02 7 20
2013 01 12 02 6 16
2013 01 12 02 6 02
2013 01 12 02 6 01
2013 01 12 02 6 02
2013 01 12 02 6 01
2013 01 09 02 3 22
2013 01 09 02 3 22
2013 01 09 02 3 04
2013 01 09 02 3 18
2013 01 09 02 3 18
2013 01 09 02 3 04
2013 01 09 02 3 05
2013 01 09 02 3 05
2013 01 09 02 3 04
2013 01 08 02 2 19
2013 01 08 02 2 19
2013 01 08 02 2 19
2013 01 08 02 2 08
2013 01 08 02 2 07
2013 01 04 01 5 21
2013 01 04 01 5 21
2013 01 04 01 5 07
2013 01 04 01 5 04
2013 01 04 01 5 04
2013 01 03 01 4 22
2013 01 03 01 4 01
2013 01 02 01 3 04
2013 01 02 01 3 02
2012 12 31 01 1 01
2012 12 31 01 1 00
2012 12 22 51 6 03
2012 12 31 01 1 05
2012 12 31 01 1 05
2012 12 31 01 1 05
2012 12 31 01 1 05
2012 12 31 01 1 00
2012 12 31 01 1 04
2012 12 31 01 1 01
2012 12 31 01 1 00
2012 12 22 51 6 03
2012 12 31 01 1 00
2012 12 26 52 3 07
2012 10 14 41 7 00
2012 10 13 41 6 23
2012 10 13 41 6 23
2012 10 13 41 6 22
2012 10 13 41 6 22
2012 10 25 43 4 00
2012 12 19 51 3 23
2012 12 19 51 3 18
2012 12 18 51 2 11
2012 12 18 51 2 11
2012 12 16 50 7 00
2012 12 15 50 6 23
2012 12 15 50 6 23
2012 12 08 49 6 23
2012 12 03 49 1 15
2012 12 03 49 1 01
2012 11 11 45 7 05
2012 11 11 45 7 03
2012 11 07 45 3 20
2012 11 06 45 2 03
2012 12 15 50 6 23
2012 12 03 49 1 15
2012 12 08 49 6 23
2012 12 03 49 1 01
2012 12 03 49 1 01
2012 12 08 49 6 23
2012 12 03 49 1 01
2012 11 16 46 5 14
2012 11 11 45 7 05
2012 11 11 45 7 03
2012 11 07 45 3 20
2012 11 06 45 2 03
2012 11 04 44 7 17
2012 10 28 43 7 20
2012 10 28 43 7 20
2012 10 27 43 6 20
2012 10 23 43 2 22
2012 10 21 42 7 06
2012 10 21 42 7 06
2012 10 21 42 7 06
2012 10 16 42 2 19
2012 10 16 42 2 19
2012 10 15 42 1 02
2012 10 15 42 1 01
2012 10 14 41 7 07
2012 10 14 41 7 04
2012 10 14 41 7 02
2012 10 12 41 5 06
2012 10 12 41 5 06
2012 10 11 41 4 19
2012 10 11 41 4 03
2012 07 21 29 6 10
2012 10 11 41 4 03
2012 07 21 29 6 10
2012 10 06 40 6 20
2012 10 01 40 1 04
2012 09 30 39 7 22
2012 09 29 39 6 23
2012 09 28 39 5 08
2012 09 28 39 5 08
2012 09 26 39 3 01
2012 09 24 39 1 04
2012 09 24 39 1 03
2012 09 16 37 7 07
2012 09 16 37 7 10
2012 09 16 37 7 08
2012 09 16 37 7 07
2012 09 11 37 2 06
2012 09 15 37 6 08
2012 09 13 37 4 19
2012 09 13 37 4 19
2012 09 13 37 4 19
2012 09 13 37 4 19
2012 08 30 35 4 00
2012 08 29 35 3 23
2012 08 29 35 3 23
2012 09 11 37 2 06
2012 09 06 36 4 21
2012 09 06 36 4 01
2012 09 05 36 3 22
2012 09 05 36 3 19
2012 09 04 36 2 18
2012 09 04 36 2 18
2012 09 02 35 7 19
2012 09 02 35 7 00
2012 09 01 35 6 21
2012 09 01 35 6 21
2012 09 01 35 6 17
2012 08 31 35 5 18
2012 08 29 35 3 01
2012 08 22 34 3 21
2012 08 22 34 3 20
2012 08 21 34 2 04
2012 08 21 34 2 04
2012 08 16 33 4 22
2012 08 16 33 4 22
2012 08 14 33 2 22
2012 08 14 33 2 00
2012 08 10 32 5 21
2012 08 10 32 5 20
2012 08 10 32 5 20
2012 08 10 32 5 17
2012 07 29 30 7 19
2012 07 27 30 5 10
2012 07 27 30 5 10
2012 07 25 30 3 20
2012 07 25 30 3 20
2012 07 25 30 3 20
2012 07 23 30 1 07
2012 07 20 29 5 07
2012 07 19 29 4 07
2012 07 17 29 2 02
2012 07 19 29 4 10
2012 07 19 29 4 08
2012 07 19 29 4 07
2012 07 15 28 7 20
2012 07 16 29 1 10
2012 07 16 29 1 10
2012 07 17 29 2 03
2012 07 16 29 1 22
2012 07 16 29 1 08
2012 07 16 29 1 08
2012 07 15 28 7 21
2012 07 15 28 7 15
2012 07 14 28 6 14
2012 07 13 28 5 08
2012 07 13 28 5 03
2012 07 12 28 4 07
2012 07 12 28 4 04
2012 07 11 28 3 07
2012 07 11 28 3 07
2012 07 09 28 1 19
2012 07 09 28 1 09
2012 07 09 28 1 09
2012 07 09 28 1 09
2012 07 09 28 1 04
2012 07 09 28 1 03
2012 07 08 27 7 05
2012 07 08 27 7 05
2012 07 08 27 7 02
2012 07 08 27 7 01
2012 07 07 27 6 23
2012 07 07 27 6 04
2012 07 05 27 4 01
2012 07 05 27 4 01
2012 07 05 27 4 01
2012 07 04 27 3 20
2012 07 03 27 2 09
2012 07 03 27 2 08
2012 07 03 27 2 06
2012 07 03 27 2 06
2012 07 03 27 2 06
2012 07 03 27 2 06
2012 07 03 27 2 01
2012 07 01 26 7 07
2012 06 28 26 4 14
2012 06 28 26 4 08
2012 06 28 26 4 08
2012 06 24 25 7 02
2012 06 21 25 4 02
2012 06 20 25 3 18
2012 06 20 25 3 05
2012 06 20 25 3 05
2012 06 20 25 3 04
2012 06 19 25 2 01
2012 06 19 25 2 00
2012 06 17 24 7 23
2012 06 17 24 7 21
2012 06 17 24 7 21
2012 06 17 24 7 21
2012 06 17 24 7 20
2012 06 17 24 7 20
2012 06 17 24 7 05
2012 06 17 24 7 02
2012 06 17 24 7 00
2012 06 16 24 6 00
2012 06 16 24 6 00
2012 06 16 24 6 00
2012 06 14 24 4 13
2012 06 14 24 4 13
2012 06 14 24 4 08
2012 06 14 24 4 05
2012 06 09 23 6 23
2012 06 09 23 6 20
2012 06 09 23 6 02
2012 06 06 23 3 18
2012 06 06 23 3 04
2012 06 06 23 3 01
2012 06 06 23 3 01
2012 06 05 23 2 20
2012 06 05 23 2 19
2012 06 05 23 2 19
2012 06 03 22 7 21
2012 06 03 22 7 00
2012 06 02 22 6 23
2012 06 02 22 6 09
2012 06 02 22 6 08
2012 06 02 22 6 05
2012 03 25 12 7 10
2012 03 25 12 7 08
2012 06 02 22 6 04
2012 06 01 22 5 04
2012 05 29 22 2 07
2012 05 28 22 1 23
2012 05 28 22 1 22
2012 05 28 22 1 22
2012 05 26 21 6 03
2012 05 27 21 7 00
2012 05 27 21 7 00
2012 05 26 21 6 23
2012 05 26 21 6 23
2012 05 24 21 4 23
2012 05 26 21 6 03
2012 05 25 21 5 22
2012 05 25 21 5 21
2012 05 25 21 5 01
2012 05 25 21 5 01
2012 05 25 21 5 01
2012 05 24 21 4 23
2012 05 24 21 4 20
2012 05 24 21 4 20
2012 05 24 21 4 20
2012 05 24 21 4 19
2012 05 24 21 4 19
2012 05 23 21 3 23
2012 05 23 21 3 19
2012 05 23 21 3 04
2012 05 23 21 3 04
2012 05 22 21 2 23
2012 05 21 21 1 06
2012 05 20 20 7 08
2012 05 20 20 7 08
2012 05 20 20 7 08
2012 05 20 20 7 07
2012 05 20 20 7 01
2012 05 19 20 6 22
2012 05 19 20 6 23
2012 05 19 20 6 22
2012 05 19 20 6 22
2012 05 17 20 4 06
2012 05 12 19 6 17
2012 05 11 19 5 07
2012 05 11 19 5 05
2012 05 11 19 5 01
2012 05 11 19 5 01
2012 05 11 19 5 00
2012 05 10 19 4 23
2012 05 10 19 4 23
2012 05 10 19 4 20
2012 05 10 19 4 20
2012 05 09 19 3 22
2012 05 09 19 3 06
2012 05 07 19 1 23
2012 05 07 19 1 22
2012 05 06 18 7 04
2012 05 05 18 6 06
2012 05 04 18 5 04
2012 05 04 18 5 00
2012 05 03 18 4 01
2012 05 03 18 4 01
2012 05 03 18 4 00
2012 05 03 18 4 00
2012 05 02 18 3 20
2012 05 02 18 3 20
2012 05 02 18 3 07
2012 05 02 18 3 07
2012 05 01 18 2 22
2012 05 01 18 2 09
2012 05 01 18 2 09
2012 05 01 18 2 09
2012 05 01 18 2 06
2012 05 01 18 2 06
2012 04 30 18 1 07
2012 04 02 14 1 05
2012 04 30 18 1 04
2012 04 30 18 1 03
2012 04 29 17 7 18
2012 04 28 17 6 19
2012 04 28 17 6 07
2012 04 28 17 6 07
2012 04 28 17 6 03
2012 04 27 17 5 18
2012 04 27 17 5 18
2012 04 27 17 5 06
2012 04 27 17 5 01
2012 04 27 17 5 01
2012 04 27 17 5 01
2012 04 27 17 5 01
2012 04 27 17 5 01
2012 04 27 17 5 00
2012 04 27 17 5 00
2012 04 27 17 5 00
2012 04 27 17 5 00
2012 04 27 17 5 00
2012 04 27 17 5 00
2012 04 27 17 5 00
2012 04 26 17 4 23
2012 04 26 17 4 23
2012 04 26 17 4 22
2012 04 26 17 4 22
2012 04 26 17 4 08
2012 04 23 17 1 04
2012 04 26 17 4 08
2012 04 23 17 1 03
2012 04 26 17 4 07
2012 04 25 17 3 18
2012 04 24 17 2 09
2012 04 24 17 2 08
2012 04 24 17 2 07
2012 04 24 17 2 07
2012 04 24 17 2 06
2012 04 23 17 1 09
2012 04 23 17 1 10
2012 04 23 17 1 10
2012 04 22 16 7 20
2012 04 21 16 6 23
2012 04 21 16 6 08
2012 04 18 16 3 09
2012 04 20 16 5 19
2012 04 20 16 5 00
2012 04 04 14 3 00
2012 04 18 16 3 08
2012 04 17 16 2 21
2012 04 17 16 2 19
2012 04 17 16 2 19
2012 04 17 16 2 09
2012 04 17 16 2 09
2012 04 17 16 2 08
2012 04 17 16 2 01
2012 04 17 16 2 00
2012 04 17 16 2 00
2012 04 16 16 1 23
2012 04 16 16 1 23
2012 04 16 16 1 23
2012 04 16 16 1 22
2012 04 14 15 6 23
2012 04 14 15 6 23
2012 04 14 15 6 23
2012 04 14 15 6 23
2012 04 14 15 6 22
2012 04 13 15 5 14
2012 04 13 15 5 14
2012 04 13 15 5 14
2012 04 13 15 5 14
2012 04 13 15 5 14
2012 04 14 15 6 22
2012 04 04 14 3 19
2012 04 13 15 5 01
2012 04 12 15 4 20
2012 04 12 15 4 20
2012 04 10 15 2 04
2012 04 10 15 2 04
2012 04 09 15 1 23
2012 04 08 14 7 05
2012 04 09 15 1 09
2012 04 09 15 1 05
2012 04 06 14 5 07
2012 04 04 14 3 19
2012 04 04 14 3 09
2012 04 02 14 1 05
2012 04 02 14 1 03
2012 04 02 14 1 03
2012 04 02 14 1 03
2012 03 29 13 4 19
2012 03 29 13 4 19
2012 03 29 13 4 12
2012 03 28 13 3 01
2012 03 27 13 2 06
2012 03 26 13 1 02
2012 03 25 12 7 21
2012 03 25 12 7 05
2012 03 25 12 7 05
2012 03 19 12 1 02
2012 03 19 12 1 01
2012 03 19 12 1 01
2012 03 19 12 1 00
2012 03 18 11 7 00
2012 03 15 11 4 08
2012 03 15 11 4 08
2012 03 15 11 4 06
2012 03 14 11 3 08
2012 03 15 11 4 04
2012 03 15 11 4 04
2012 03 15 11 4 04
2012 03 14 11 3 18
2012 03 14 11 3 07
2012 03 14 11 3 06
2012 03 13 11 2 17
2012 03 12 11 1 18
2012 03 13 11 2 05
2012 03 12 11 1 07
2012 03 12 11 1 07
2012 03 12 11 1 07
2012 03 12 11 1 07
2012 03 12 11 1 06
2012 03 12 11 1 06
2012 03 11 10 7 19
2012 03 11 10 7 04
2012 03 11 10 7 04
2012 03 11 10 7 03
2012 03 11 10 7 03
2012 03 09 10 5 08
2012 03 05 10 1 07
2012 03 08 10 4 06
2012 03 08 10 4 06
2012 03 05 10 1 07
2012 03 05 10 1 08
2012 03 05 10 1 08
2012 03 05 10 1 02
2012 03 05 10 1 02
2012 03 05 10 1 02
2012 03 05 10 1 02
2012 03 05 10 1 01
2012 03 05 10 1 00
2012 03 04 09 7 01
2012 03 04 09 7 01
2012 03 04 09 7 01
2012 03 04 09 7 01
2012 03 04 09 7 00
2012 03 04 09 7 00
2012 03 04 09 7 00
2012 03 01 09 4 22
2012 03 01 09 4 06
2012 02 26 08 7 00
2012 02 19 07 7 06
2012 02 18 07 6 19
2012 02 18 07 6 19
2012 02 18 07 6 18
2012 02 17 07 5 00
2012 02 13 07 1 21
2012 02 12 06 7 20
2012 02 12 06 7 20
2012 02 12 06 7 19
2012 02 11 06 6 10
2012 02 11 06 6 10
2012 02 11 06 6 09
2012 02 11 06 6 08
2012 02 11 06 6 05
2012 02 09 06 4 18
2012 02 09 06 4 08
2012 02 09 06 4 07
2012 02 09 06 4 07
2012 02 08 06 3 17
2012 02 08 06 3 17
2012 02 08 06 3 17
2012 02 05 05 7 20
2012 02 05 05 7 08
2012 02 03 05 5 09
2012 02 03 05 5 06
2012 02 01 05 3 08
2012 02 01 05 3 07
2012 02 01 05 3 07
2012 02 01 05 3 07
2012 02 01 05 3 06
2012 01 30 05 1 19
2012 01 24 04 2 19
2012 01 17 03 2 05
2012 01 17 03 2 00
2012 01 16 03 1 23
2012 01 16 03 1 23
2012 01 15 02 7 22
2012 01 15 02 7 18
2012 01 15 02 7 18
2012 01 14 02 6 23
2012 01 14 02 6 21
2012 01 14 02 6 21
2012 01 14 02 6 21
2012 01 14 02 6 21
2012 01 09 02 1 05
2012 01 08 01 7 08
2012 01 08 01 7 03
2012 01 08 01 7 02
2012 01 08 01 7 02
2012 01 08 01 7 01
2012 01 07 01 6 08
2012 01 07 01 6 07
2012 01 06 01 5 09
2012 01 06 01 5 09
2012 01 06 01 5 06
2012 01 06 01 5 05
2012 01 06 01 5 05
2012 01 06 01 5 05
2012 01 04 01 3 09
2012 01 04 01 3 09
2012 01 03 01 2 07
2012 01 02 01 1 23
2012 01 02 01 1 23
2012 01 02 01 1 23
2012 01 02 01 1 23
2012 01 02 01 1 22
2012 01 02 01 1 19
2012 01 02 01 1 19
2012 01 02 01 1 19
2012 01 02 01 1 19
2012 01 02 01 1 19
2012 01 02 01 1 02
2011 12 31 52 6 23
2011 12 31 52 6 22
2011 12 31 52 6 21
2011 12 31 52 6 21
2011 12 31 52 6 04
2011 12 30 52 5 04
2011 12 30 52 5 04
2011 12 30 52 5 04
2011 12 30 52 5 04
2011 12 30 52 5 00
2011 12 29 52 4 07
2011 12 29 52 4 00
2011 12 28 52 3 04
2011 12 28 52 3 03
2011 12 28 52 3 03
2011 12 28 52 3 03
2011 12 28 52 3 03
2011 12 28 52 3 03
2011 12 27 52 2 22
2011 12 27 52 2 09
2011 12 27 52 2 06
2011 12 27 52 2 01
2011 12 27 52 2 00
2011 12 26 52 1 20
2011 12 26 52 1 20
2011 12 25 51 7 19
2011 12 25 51 7 18
2011 12 25 51 7 08
2011 12 25 51 7 08
2011 12 25 51 7 01
2011 12 24 51 6 21
2011 12 24 51 6 20
2011 12 23 51 5 23
2011 12 23 51 5 23
2011 12 23 51 5 21
2011 12 23 51 5 19
2011 12 23 51 5 19
2011 12 23 51 5 06
2011 12 22 51 4 23
2011 12 22 51 4 23
2011 12 22 51 4 23
2011 12 22 51 4 09
2011 12 22 51 4 09
2011 12 22 51 4 06
2011 12 22 51 4 05
2011 12 21 51 3 22
2011 12 21 51 3 21
2011 12 21 51 3 20
2011 12 21 51 3 20
2011 12 21 51 3 02
2011 12 21 51 3 02
2011 12 19 51 1 18
2011 12 18 50 7 05
2011 12 18 50 7 05
2011 12 17 50 6 23
2011 12 16 50 5 14
2011 12 16 50 5 07
2011 12 16 50 5 02
2011 12 16 50 5 01
2011 12 16 50 5 01
2011 12 16 50 5 01
2011 12 16 50 5 01
2011 12 16 50 5 01
2011 12 16 50 5 01
2011 12 12 50 1 19
2011 12 15 50 4 06
2011 12 14 50 3 19
2011 12 14 50 3 08
2011 12 13 50 2 00
2011 12 13 50 2 00
2011 12 12 50 1 23
2011 12 12 50 1 22
2011 12 12 50 1 19
2011 12 12 50 1 05
2011 12 07 49 3 08
2011 12 12 50 1 01
2011 12 12 50 1 01
2011 12 12 50 1 01
2011 12 12 50 1 00
2011 12 11 49 7 05
2011 12 11 49 7 02
2011 12 10 49 6 20
2011 12 10 49 6 20
2011 12 10 49 6 05
2011 12 10 49 6 01
2011 12 10 49 6 00
2011 12 09 49 5 20
2011 12 09 49 5 19
2011 12 09 49 5 19
2011 12 08 49 4 06
2011 12 08 49 4 06
2011 12 07 49 3 20
2011 12 06 49 2 19
2011 12 06 49 2 00
2011 12 04 48 7 20
2011 12 02 48 5 07
2011 12 01 48 4 17
2011 12 01 48 4 09
2011 12 01 48 4 09
2011 12 01 48 4 07
2011 12 01 48 4 07
2011 12 01 48 4 07
2011 12 01 48 4 07
2011 12 01 48 4 06
2011 12 01 48 4 05
2011 12 01 48 4 05
2011 12 01 48 4 07
2011 12 01 48 4 05
2011 11 30 48 3 19
2011 11 30 48 3 19
2011 11 30 48 3 08
2011 11 30 48 3 07
2011 11 30 48 3 07
2011 11 29 48 2 23
2011 11 29 48 2 20
2011 11 29 48 2 20
2011 11 29 48 2 20
2011 11 28 48 1 09
2011 11 28 48 1 07
2011 11 28 48 1 07
2011 11 28 48 1 06
2011 11 28 48 1 05
2011 11 28 48 1 05
2011 11 27 47 7 08
2011 11 27 47 7 08
2011 11 27 47 7 05
2011 11 27 47 7 05
2011 11 27 47 7 03
2011 11 27 47 7 01
2011 11 27 47 7 01
2011 11 27 47 7 00
2011 11 26 47 6 01
2011 11 26 47 6 01
2011 11 25 47 5 06
2011 11 25 47 5 00
2011 11 24 47 4 23
2011 11 24 47 4 07
2011 11 24 47 4 07
2011 11 24 47 4 06
2011 11 23 47 3 19
2011 11 23 47 3 19
2011 11 22 47 2 06
2011 11 21 47 1 09
2011 11 21 47 1 06
2011 11 21 47 1 02
2011 11 21 47 1 02
2011 11 20 46 7 22
2011 11 20 46 7 22
2011 11 20 46 7 04
2011 11 20 46 7 04
2011 11 20 46 7 03
2011 11 20 46 7 00
2011 11 20 46 7 00
2011 11 19 46 6 23
2011 11 19 46 6 23
2011 11 19 46 6 23
2011 11 19 46 6 07
2011 11 19 46 6 07
2011 11 19 46 6 06
2011 11 19 46 6 06
2011 11 19 46 6 05
2011 11 19 46 6 05
2011 11 19 46 6 05
2011 11 19 46 6 02
2011 11 19 46 6 02
2011 11 19 46 6 02
2011 11 19 46 6 02
2011 11 19 46 6 01
2011 11 19 46 6 01
2011 11 18 46 5 23
2011 11 18 46 5 22
2011 11 18 46 5 09
2011 11 18 46 5 04
2011 11 18 46 5 01
2011 11 17 46 4 22
2011 11 17 46 4 20
2011 11 16 46 3 00
2011 11 14 46 1 20
2011 11 14 46 1 06
2011 11 11 45 5 21
2011 11 11 45 5 21
2011 11 11 45 5 20
2011 11 11 45 5 01
2011 11 11 45 5 01
2011 11 11 45 5 00
2011 11 11 45 5 00
2011 11 11 45 5 00
2011 11 11 45 5 00
2011 11 10 45 4 23
2011 11 10 45 4 21
2011 11 10 45 4 06
2011 11 09 45 3 01
2011 11 09 45 3 01
2011 11 09 45 3 01
2011 11 09 45 3 00
2011 11 09 45 3 00
2011 11 09 45 3 00
2011 11 09 45 3 00
2011 11 09 45 3 00
2011 11 09 45 3 00
2011 11 08 45 2 23
2011 11 08 45 2 19
2011 11 08 45 2 09
2011 11 08 45 2 08
2011 11 08 45 2 08
2011 11 08 45 2 07
2011 11 08 45 2 02
2011 11 07 45 1 20
2011 11 06 44 7 06
2011 11 03 44 4 18
2011 10 31 44 1 05
2011 10 28 43 5 08
2011 10 27 43 4 18
2011 10 27 43 4 02
2011 10 26 43 3 18
2011 10 25 43 2 06
2011 10 24 43 1 23
2011 10 24 43 1 20
2011 10 20 42 4 05
2011 10 20 42 4 01
2011 10 20 42 4 01
2011 10 20 42 4 01
2011 10 20 42 4 01
2011 10 19 42 3 07
2011 10 19 42 3 06
2011 10 18 42 2 23
2011 10 18 42 2 21
2011 10 16 41 7 03
2011 10 15 41 6 23
2011 10 15 41 6 20
2011 10 14 41 5 22
2011 10 14 41 5 22
2011 10 14 41 5 22
2011 10 14 41 5 20
2011 10 13 41 4 22
2011 10 13 41 4 04
2011 10 13 41 4 01
2011 10 12 41 3 00
2011 10 07 40 5 21
2011 10 05 40 3 17
2011 10 04 40 2 20
2011 10 04 40 2 02
2011 09 27 39 2 21
2011 09 23 38 5 22
2011 09 23 38 5 06
2011 09 21 38 3 03
2011 09 20 38 2 19
2011 09 20 38 2 18
2011 09 20 38 2 18
2011 09 20 38 2 18
2011 09 20 38 2 18
2011 09 20 38 2 18
2011 09 19 38 1 01
2011 09 18 37 7 01
2011 09 17 37 6 21
2011 09 17 37 6 21
2011 09 16 37 5 19
2011 09 13 37 2 01
2011 09 12 37 1 19
2011 09 12 37 1 19
2011 09 11 36 7 19
2011 09 09 36 5 20
2011 09 09 36 5 08
2011 09 08 36 4 20
2011 09 06 36 2 20
2011 09 06 36 2 19
2011 09 05 36 1 01
2011 09 05 36 1 01
2011 09 03 35 6 19
2011 08 31 35 3 22
2011 08 31 35 3 22
2011 08 31 35 3 22
2011 08 31 35 3 22
2011 08 31 35 3 22
2011 08 31 35 3 21
2011 08 30 35 2 23
2011 08 30 35 2 00
2011 08 29 35 1 21
2011 08 29 35 1 21
2011 08 29 35 1 21
2011 08 29 35 1 20
2011 08 29 35 1 20
2011 08 29 35 1 20
2011 08 29 35 1 20
2011 08 29 35 1 20
2011 08 22 34 1 10
2011 08 21 33 7 20
2011 08 21 33 7 02
2011 08 21 33 7 02
2011 08 21 33 7 01
2011 08 20 33 6 03
2011 08 20 33 6 03
2011 08 20 33 6 02
2011 08 20 33 6 01
2011 08 20 33 6 01
2011 08 20 33 6 01
2011 08 19 33 5 02
2011 08 18 33 4 07
2011 08 18 33 4 05
2011 08 14 32 7 22
2011 08 12 32 5 08
2011 08 12 32 5 07
2011 08 12 32 5 07
2011 08 10 32 3 00
2011 08 10 32 3 00
2011 08 10 32 3 00
2011 08 09 32 2 23
2011 08 09 32 2 23
2011 08 09 32 2 23
2011 08 09 32 2 23
2011 08 09 32 2 20
2011 08 09 32 2 20
2011 08 09 32 2 20
2011 08 08 32 1 23
2011 08 07 31 7 00
2011 08 06 31 6 23
2011 08 06 31 6 23
2011 08 06 31 6 23
2011 08 06 31 6 23
2011 08 06 31 6 20
2011 08 06 31 6 20
2011 08 06 31 6 20
2011 08 06 31 6 07
2011 08 06 31 6 06
2011 08 06 31 6 00
2011 08 05 31 5 20
2011 08 05 31 5 20
2011 08 05 31 5 20
2011 08 05 31 5 19
2011 08 05 31 5 19
2011 08 05 31 5 19
2011 08 05 31 5 04
2011 08 05 31 5 04
2011 08 05 31 5 04
2011 08 05 31 5 04
2011 08 04 31 4 19
2011 08 04 31 4 19
2011 08 04 31 4 08
2011 08 04 31 4 02
2011 08 04 31 4 00
2011 08 03 31 3 23
2011 08 03 31 3 07
2011 08 03 31 3 07
2011 08 03 31 3 06
2011 08 03 31 3 04
2011 08 02 31 2 22
2011 08 02 31 2 19
2011 08 02 31 2 18
2011 08 01 31 1 05
2011 08 01 31 1 04
2011 07 28 30 4 05
2011 07 28 30 4 04
2011 07 27 30 3 23
2011 07 27 30 3 22
2011 07 27 30 3 22
2011 07 27 30 3 21
2011 07 27 30 3 21
2011 07 27 30 3 21
2011 07 27 30 3 10
2011 07 27 30 3 08
2011 07 27 30 3 06
2011 07 27 30 3 06
2011 07 27 30 3 06
2011 07 27 30 3 06
2011 07 27 30 3 06
2011 07 27 30 3 06
2011 07 27 30 3 06
2011 07 27 30 3 06
2011 07 27 30 3 06
2011 07 27 30 3 01
2011 07 27 30 3 01
2011 07 27 30 3 01
2011 07 26 30 2 22
2011 07 26 30 2 22
2011 07 26 30 2 21
2011 07 26 30 2 21
2011 07 26 30 2 20
2011 07 26 30 2 19
2011 07 26 30 2 05
2011 07 26 30 2 05
2011 07 26 30 2 01
2011 07 24 29 7 07
2011 07 24 29 7 07
2011 07 24 29 7 07
2011 07 24 29 7 06
2011 07 24 29 7 06
2011 07 22 29 5 20
2011 07 22 29 5 01
2011 07 22 29 5 01
2011 07 21 29 4 22
2011 07 17 28 7 00
2011 07 17 28 7 00
2011 07 17 28 7 00
2011 07 15 28 5 06
2011 07 15 28 5 06
2011 07 15 28 5 06
2011 07 15 28 5 06
2011 07 15 28 5 06
2011 07 14 28 4 21
2011 07 14 28 4 03
2011 07 14 28 4 03
2011 07 14 28 4 03
2011 07 14 28 4 03
2011 07 14 28 4 03
2011 07 14 28 4 02
2011 07 14 28 4 02
2011 07 14 28 4 02
2011 07 14 28 4 02
2011 07 13 28 3 20
2011 07 13 28 3 09
2011 07 13 28 3 07
2011 07 12 28 2 07
2011 07 12 28 2 03
2011 07 12 28 2 01
2011 07 11 28 1 19
2011 07 11 28 1 19
2011 07 11 28 1 01
2011 07 11 28 1 00
2011 07 11 28 1 00
2011 07 10 27 7 22
2011 07 10 27 7 22
2011 07 10 27 7 22
2011 07 10 27 7 22
2011 07 10 27 7 22
2011 07 10 27 7 22
2011 07 10 27 7 22
2011 07 10 27 7 22
2011 07 10 27 7 22
2011 07 09 27 6 00
2011 07 08 27 5 22
2011 07 08 27 5 01
2011 07 08 27 5 01
2011 07 07 27 4 07
2011 07 07 27 4 07
2011 07 07 27 4 07
2011 07 06 27 3 19
2011 07 06 27 3 19
2011 07 06 27 3 19
2011 07 06 27 3 19
2011 07 06 27 3 19
2011 07 06 27 3 19
2011 07 06 27 3 19
2011 07 06 27 3 18
2011 07 01 26 5 19
2011 07 01 26 5 19
2011 06 29 26 3 00
2011 06 27 26 1 22
2011 06 27 26 1 21
2011 06 24 25 5 21
2011 06 24 25 5 21
2011 06 24 25 5 20
2011 06 24 25 5 20
2011 06 24 25 5 19
2011 06 24 25 5 05
2011 06 24 25 5 03
2011 06 23 25 4 18
2011 06 23 25 4 18
2011 06 22 25 3 21
2011 06 14 24 2 23
2011 06 14 24 2 23
2011 06 14 24 2 22
2011 06 14 24 2 03
2011 06 14 24 2 03
2011 06 12 23 7 20
2011 06 10 23 5 08
2011 06 10 23 5 07
2011 06 09 23 4 05
2011 06 08 23 3 06
2011 06 06 23 1 20
2011 06 06 23 1 12
2011 06 06 23 1 12
2011 06 06 23 1 03
2011 06 05 22 7 22
2011 06 05 22 7 21
2011 06 05 22 7 21
2011 06 02 22 4 19
2011 06 02 22 4 12
2011 06 02 22 4 11
2011 05 29 21 7 17
2011 05 22 20 7 17
2011 06 01 22 3 21
2011 06 01 22 3 01
2011 06 01 22 3 00
2011 05 29 21 7 17
2011 05 31 22 2 07
2011 05 22 20 7 17
2011 05 22 20 7 23
2011 05 22 20 7 23
2011 05 19 20 4 19
2011 05 19 20 4 19
2011 05 19 20 4 00
2011 05 12 19 4 21
2011 05 08 18 7 06
2011 05 06 18 5 23
2011 04 30 17 6 07
2011 04 30 17 6 02
2011 04 29 17 5 21
2011 04 29 17 5 21
2011 04 29 17 5 21
2011 04 29 17 5 20
2011 04 27 17 3 08
2011 04 27 17 3 08
2011 04 27 17 3 07
2011 04 27 17 3 07
2011 04 27 17 3 07
2011 04 26 17 2 21
2011 04 26 17 2 20
2011 04 26 17 2 16
2011 04 25 17 1 22
2011 04 25 17 1 22
2011 04 25 17 1 18
2011 04 25 17 1 05
2011 04 22 16 5 20
2011 04 20 16 3 22
2011 04 20 16 3 22
2011 04 19 16 2 23
2011 04 18 16 1 19
2011 04 17 15 7 08
2011 04 17 15 7 01
2011 04 17 15 7 00
2011 04 15 15 5 19
2011 04 15 15 5 19
2011 04 15 15 5 18
2011 04 15 15 5 00
2011 04 13 15 3 05
2011 04 11 15 1 00
2011 04 11 15 1 00
2011 04 11 15 1 00
2011 04 10 14 7 23
2011 04 10 14 7 02
2011 04 08 14 5 21
2011 04 08 14 5 20
2011 04 08 14 5 20
2011 04 08 14 5 20
2011 04 07 14 4 01
2011 03 16 11 3 20
2011 02 21 08 1 22
2011 02 21 08 1 21
2011 02 21 08 1 17
2011 02 21 08 1 16
2011 02 19 07 6 01
2011 02 19 07 6 01
2011 02 16 07 3 18
2011 02 13 06 7 06
2011 02 11 06 5 16
2011 02 11 06 5 08
2011 02 06 05 7 19
2011 02 05 05 6 19
2011 02 05 05 6 19
2011 02 05 05 6 19
2011 01 31 05 1 00
2011 01 30 04 7 23
2011 01 30 04 7 23
2011 01 22 03 6 22
2011 01 19 03 3 00
2011 01 10 02 1 19
2011 01 06 01 4 01
2011 01 06 01 4 01
2011 01 05 01 3 19
2011 01 01 52 6 23
2011 01 01 52 6 23
2011 01 01 52 6 23
2010 12 24 51 5 02
2010 12 24 51 5 02
2010 11 01 44 1 03
2010 11 01 44 1 03
2010 10 20 42 3 18
2010 10 16 41 6 07
2010 09 25 38 6 00
2010 09 22 38 3 03
2010 09 22 38 3 03
2010 09 11 36 6 18
2010 09 11 36 6 18
2010 09 07 36 2 03
2010 09 06 36 1 19
2010 09 06 36 1 06
2010 09 06 36 1 04
2010 09 06 36 1 04
2010 09 06 36 1 04
2010 09 05 35 7 09
2010 09 05 35 7 08
2010 09 05 35 7 08
2010 09 05 35 7 05
2010 08 06 31 5 18
2010 08 06 31 5 18
2010 08 06 31 5 18
2010 08 06 31 5 18
2010 08 04 31 3 05
2010 08 04 31 3 05
2010 04 28 17 3 23
2010 04 28 17 3 23
2010 03 03 09 3 07
2010 03 03 09 3 06
2010 03 03 09 3 02
2010 04 28 17 3 23
2010 04 18 15 7 21
2010 03 29 13 1 03
2010 03 23 12 2 04
2010 02 15 07 1 22
2010 02 15 07 1 22
2010 02 03 05 3 02
2010 02 03 05 3 02
2010 02 03 05 3 02
2010 02 03 05 3 02
2010 02 03 05 3 02
2010 02 03 05 3 02
2010 01 30 04 6 07
2010 01 21 03 4 00
2010 01 21 03 4 00
2009 12 30 53 3 06
2009 12 30 53 3 06
2009 12 30 53 3 06
2009 12 28 53 1 21
2009 12 13 50 7 21
2009 12 10 50 4 03
2009 12 10 50 4 03
2009 12 08 50 2 06
2009 12 08 50 2 06
2009 12 08 50 2 06
2009 12 08 50 2 00
2009 12 04 49 5 01
2009 12 04 49 5 01
2009 12 04 49 5 00
2009 12 04 49 5 00
2009 12 03 49 4 22
2009 12 03 49 4 22
2009 12 03 49 4 22
2009 11 30 49 1 20
2009 11 24 48 2 23
2009 11 24 48 2 23
2009 11 23 48 1 19
2009 11 23 48 1 00
2009 11 22 47 7 23
2009 11 18 47 3 00
2009 11 18 47 3 00
2009 11 18 47 3 00
2009 11 18 47 3 00
2009 11 18 47 3 00
2009 11 17 47 2 23
2009 11 17 47 2 23
2009 11 17 47 2 22
2009 11 17 47 2 21
2009 11 17 47 2 21
2009 11 17 47 2 21
2009 11 17 47 2 21
2009 11 17 47 2 21
2009 11 17 47 2 21
2009 11 17 47 2 20
2009 11 17 47 2 20
2009 11 17 47 2 20
2009 11 17 47 2 20
2009 11 17 47 2 20
2009 11 17 47 2 20
2009 11 17 47 2 20
2009 11 17 47 2 20
2009 11 17 47 2 20
2009 11 17 47 2 20
2009 11 17 47 2 20
2009 11 17 47 2 20
2009 11 17 47 2 20
2009 11 17 47 2 07
2009 11 17 47 2 07
2009 11 17 47 2 07
2009 11 17 47 2 01
2009 11 17 47 2 01
2009 11 17 47 2 01
2009 11 17 47 2 01
2009 11 17 47 2 01
2009 11 17 47 2 01
2009 11 16 47 1 20
2009 11 16 47 1 20
2009 11 16 47 1 20
2009 11 13 46 5 21
2009 11 12 46 4 01
2009 11 12 46 4 01
2009 11 12 46 4 01
2009 11 11 46 3 23
2009 11 11 46 3 23
2009 11 11 46 3 23
2009 11 11 46 3 23
2009 11 11 46 3 23
2009 11 11 46 3 23
2009 11 11 46 3 00
2009 11 11 46 3 00
2009 11 11 46 3 00
2009 11 10 46 2 20
2009 11 10 46 2 20
2009 11 10 46 2 20
2009 11 07 45 6 01
2009 11 07 45 6 01
2009 11 07 45 6 01
2009 11 03 45 2 21
2009 11 03 45 2 21
2009 11 03 45 2 21
2009 11 03 45 2 21
2009 11 03 45 2 21
2009 11 03 45 2 21
2009 11 03 45 2 01
2009 11 03 45 2 01
2009 11 03 45 2 01
2009 11 03 45 2 01
2009 11 03 45 2 01
2009 11 03 45 2 01
2009 11 03 45 2 01
2009 11 03 45 2 01
2009 11 03 45 2 01
2009 11 02 45 1 23
2009 11 02 45 1 23
2009 11 02 45 1 23
2009 10 29 44 4 17
2009 10 29 44 4 17
2009 10 29 44 4 17
2009 10 29 44 4 17
2009 10 29 44 4 17
2009 10 29 44 4 17
2009 10 28 44 3 22
2009 10 28 44 3 22
2009 10 28 44 3 22
2009 10 28 44 3 18
2009 10 28 44 3 18
2009 10 28 44 3 18
2009 10 28 44 3 17
2009 10 28 44 3 02
2009 10 28 44 3 02
2009 10 26 44 1 23
2009 10 26 44 1 23
2009 10 26 44 1 23
2009 10 26 44 1 17
2009 10 23 43 5 02
2009 10 23 43 5 01
2009 10 23 43 5 01
2009 10 23 43 5 01
2009 10 23 43 5 01
2009 10 23 43 5 01
2009 10 23 43 5 01
2009 10 23 43 5 01
2009 10 23 43 5 01
2009 10 22 43 4 19
2009 10 22 43 4 19
2009 10 22 43 4 19
2009 10 22 43 4 07
2009 10 16 42 5 18
2009 10 16 42 5 01
2009 10 15 42 4 23
2009 10 15 42 4 20
2009 10 14 42 3 23
2009 10 14 42 3 23
2009 10 14 42 3 23
2009 10 12 42 1 23
2009 10 12 42 1 23
2009 10 09 41 5 19
2009 10 09 41 5 19
2009 10 09 41 5 19
2009 10 08 41 4 20
2009 10 08 41 4 20
2009 10 08 41 4 20
2009 10 08 41 4 20
2009 10 08 41 4 20
2009 10 08 41 4 20
2009 10 08 41 4 20
2009 10 08 41 4 20
2009 10 08 41 4 20
2009 10 08 41 4 20
2009 10 08 41 4 20
2009 10 08 41 4 20
2009 10 08 41 4 20
2009 10 08 41 4 20
2009 10 08 41 4 19
2009 10 08 41 4 19
2009 10 08 41 4 19
2009 10 07 41 3 20
2009 10 07 41 3 01
2009 10 07 41 3 01
2009 10 07 41 3 01
2009 10 07 41 3 01
2009 10 06 41 2 22
2009 10 02 40 5 00
2009 10 02 40 5 00
2009 10 02 40 5 00
2009 10 02 40 5 00
2009 10 02 40 5 00
2009 10 02 40 5 00
2009 10 01 40 4 23
2009 10 01 40 4 23
2009 10 01 40 4 23
2009 10 01 40 4 20
2009 10 01 40 4 20
2009 10 01 40 4 00
2009 10 01 40 4 00
2009 10 01 40 4 00
2009 10 01 40 4 00
2009 10 01 40 4 00
2009 10 01 40 4 00
2009 10 01 40 4 00
2009 10 01 40 4 00
2009 10 01 40 4 00
2009 10 01 40 4 00
2009 09 30 40 3 00
2009 09 30 40 3 00
2009 09 30 40 3 00
2009 09 29 40 2 23
2009 09 29 40 2 23
2009 09 29 40 2 19
2009 09 29 40 2 04
2009 09 25 39 5 01
2009 09 25 39 5 01
2009 09 25 39 5 01
2009 09 25 39 5 01
2009 09 25 39 5 01
2009 09 21 39 1 19
2009 09 21 39 1 19
2009 09 21 39 1 19
2009 09 21 39 1 19
2009 09 21 39 1 19
2009 09 19 38 6 22
2009 09 19 38 6 22
2009 09 19 38 6 22
2009 09 18 38 5 18
2009 09 18 38 5 18
2009 09 18 38 5 18
2009 09 17 38 4 19
2009 09 17 38 4 19
2009 09 17 38 4 19
2009 09 17 38 4 18
2009 09 17 38 4 18
2009 09 17 38 4 18
2009 09 17 38 4 18
2009 09 17 38 4 18
2009 09 17 38 4 18
2009 09 04 36 5 22
2009 09 04 36 5 22
2009 09 04 36 5 22
2009 08 12 33 3 22
2009 08 12 33 3 22
2009 08 12 33 3 22
2009 08 12 33 3 22
2009 08 12 33 3 19
2009 08 12 33 3 19
2009 08 12 33 3 19
2009 08 12 33 3 19
2009 08 12 33 3 01
2009 08 12 33 3 01
2009 08 12 33 3 01
2009 08 12 33 3 00
2009 08 12 33 3 00
2009 08 12 33 3 00
2009 08 11 33 2 20
2009 08 11 33 2 20
2009 08 11 33 2 20
2009 08 09 32 7 22
2009 08 09 32 7 22
2009 08 09 32 7 22
2009 08 09 32 7 22
2009 08 09 32 7 22
2009 08 09 32 7 22
2009 08 09 32 7 02
2009 08 09 32 7 02
2009 08 09 32 7 02
2009 08 06 32 4 00
2009 08 06 32 4 00
2009 08 06 32 4 00
2009 08 05 32 3 01
2009 08 05 32 3 01
2009 08 05 32 3 01
2009 08 05 32 3 01
2009 08 05 32 3 01
2009 08 05 32 3 01
2009 08 05 32 3 01
2009 08 05 32 3 00
2009 08 05 32 3 00
2009 08 05 32 3 00
2009 08 04 32 2 21
2009 08 04 32 2 21
2009 08 04 32 2 21
2009 08 04 32 2 21
2009 07 31 31 5 19
2009 07 31 31 5 19
2009 07 31 31 5 19
2009 07 31 31 5 18
2009 07 31 31 5 18
2009 07 31 31 5 18
2009 07 30 31 4 23
2009 07 30 31 4 23
2009 07 30 31 4 23
2009 07 30 31 4 02
2009 07 29 31 3 20
2009 07 29 31 3 20
2009 07 29 31 3 20
2009 07 29 31 3 20
2009 07 29 31 3 19
2009 07 29 31 3 19
2009 07 29 31 3 19
2009 07 28 31 2 23
2009 07 28 31 2 23
2009 07 28 31 2 23
2009 07 28 31 2 22
2009 07 28 31 2 22
2009 07 28 31 2 22
2009 07 28 31 2 22
2009 07 28 31 2 22
2009 07 28 31 2 22
2009 07 28 31 2 20
2009 07 28 31 2 20
2009 07 28 31 2 20
2009 07 28 31 2 20
2009 07 28 31 2 20
2009 07 28 31 2 20
2009 07 28 31 2 18
2009 07 28 31 2 18
2009 07 28 31 2 17
2009 07 28 31 2 17
2009 07 28 31 2 01
2009 07 28 31 2 01
2009 07 28 31 2 01
