
2015 11 30 49 1 23
2015 11 19 47 4 08
2015 11 18 47 3 02
2015 11 18 47 3 02
2015 11 18 47 3 01
2015 11 18 47 3 01
2015 11 18 47 3 01
2015 11 18 47 3 00
2015 11 11 46 3 22
2015 09 07 37 1 19
2015 08 13 33 4 16
2015 07 27 31 1 00
2015 08 13 33 4 10
2015 08 13 33 4 10
2015 08 13 33 4 10
2015 08 07 32 5 03
2015 07 25 30 6 16
2015 07 25 30 6 14
2015 07 25 30 6 16
2015 07 25 30 6 14
2015 07 25 30 6 15
2015 07 25 30 6 14
2015 07 10 28 5 09
2015 07 07 28 2 17
2015 07 02 27 4 11
2015 07 01 27 3 21
2015 07 01 27 3 18
2015 06 30 27 2 10
2015 06 29 27 1 18
2015 06 28 26 7 23
2015 06 28 26 7 23
2015 06 28 26 7 11
2015 06 28 26 7 09
2015 06 28 26 7 09
2015 06 28 26 7 00
2015 06 28 26 7 00
2015 06 28 26 7 00
2015 06 28 26 7 00
2015 06 27 26 6 13
2015 06 27 26 6 13
2015 06 27 26 6 13
2015 06 27 26 6 13
2015 06 27 26 6 12
2015 06 27 26 6 00
2015 06 23 26 2 21
2015 06 19 25 5 10
2015 06 19 25 5 10
2015 06 19 25 5 10
2015 06 19 25 5 10
2015 06 19 25 5 10
2015 06 19 25 5 10
2015 06 19 25 5 10
2015 06 19 25 5 10
2015 06 19 25 5 10
2015 06 19 25 5 10
2015 06 19 25 5 10
2015 06 19 25 5 10
2015 06 19 25 5 10
2015 06 19 25 5 10
2015 06 19 25 5 10
2015 06 19 25 5 10
2015 06 19 25 5 10
2015 06 20 25 6 10
2015 06 23 26 2 22
2015 06 23 26 2 22
2015 06 27 26 6 00
2015 06 23 26 2 22
2015 06 22 26 1 01
2015 06 22 26 1 00
2015 06 22 26 1 00
2015 06 21 25 7 22
2015 06 21 25 7 05
2015 06 19 25 5 17
2015 06 16 25 2 17
2015 06 16 25 2 10
2015 06 15 25 1 22
2015 06 15 25 1 21
2015 06 13 24 6 10
2015 06 12 24 5 16
2015 06 12 24 5 16
2015 06 11 24 4 11
2015 06 11 24 4 10
2015 06 11 24 4 10
2015 06 09 24 2 11
2015 06 09 24 2 09
2015 06 08 24 1 17
2015 06 08 24 1 12
2015 06 08 24 1 10
2015 06 08 24 1 10
2015 06 08 24 1 04
2015 06 08 24 1 03
2015 06 07 23 7 21
2015 06 07 23 7 16
2015 06 07 23 7 10
2015 06 07 23 7 10
2015 06 07 23 7 00
2015 06 06 23 6 11
2015 06 06 23 6 10
2015 06 06 23 6 09
2015 06 05 23 5 16
2015 06 05 23 5 15
2015 06 06 23 6 10
2015 06 05 23 5 09
2015 06 06 23 6 02
2015 06 06 23 6 02
2015 06 05 23 5 20
2015 06 05 23 5 10
2015 06 05 23 5 09
2015 06 04 23 4 23
2015 06 04 23 4 17
2015 06 04 23 4 13
2015 06 04 23 4 12
2015 06 04 23 4 11
2015 06 04 23 4 01
2015 06 03 23 3 03
2015 06 03 23 3 10
2015 06 02 23 2 22
2015 06 02 23 2 04
2015 06 02 23 2 01
2015 06 02 23 2 14
2015 06 02 23 2 11
2015 06 02 23 2 10
2015 06 02 23 2 10
2015 05 30 22 6 18
2015 05 30 22 6 18
2015 05 30 22 6 18
2015 05 30 22 6 17
2015 05 28 22 4 19
2015 05 28 22 4 17
2015 05 28 22 4 16
2015 05 27 22 3 21
2015 05 27 22 3 09
2015 05 27 22 3 09
2015 05 27 22 3 09
2015 05 27 22 3 02
2015 05 26 22 2 21
2015 05 26 22 2 12
2015 05 26 22 2 10
2015 05 26 22 2 09
2015 05 26 22 2 09
2015 05 25 22 1 18
2015 05 25 22 1 18
2015 05 25 22 1 18
2015 05 25 22 1 17
2015 05 25 22 1 17
2015 05 24 21 7 15
2015 05 05 19 2 16
2015 05 24 21 7 13
2015 05 24 21 7 13
2015 05 24 21 7 13
2015 05 24 21 7 13
2015 05 24 21 7 11
2015 05 24 21 7 11
2015 05 24 21 7 11
2015 05 12 20 2 08
2015 05 23 21 6 18
2015 05 21 21 4 20
2015 05 21 21 4 19
2015 05 21 21 4 18
2015 05 21 21 4 14
2015 05 20 21 3 20
2015 05 20 21 3 20
2015 05 20 21 3 17
2015 05 19 21 2 23
2015 05 19 21 2 01
2015 05 18 21 1 05
2015 05 16 20 6 05
2015 05 15 20 5 06
2015 05 15 20 5 11
2015 05 14 20 4 18
2015 05 14 20 4 18
2015 05 14 20 4 13
2015 05 13 20 3 12
2015 05 13 20 3 12
2015 05 12 20 2 22
2015 05 12 20 2 12
2015 05 12 20 2 08
2015 05 12 20 2 08
2015 05 11 20 1 19
2015 05 11 20 1 18
2015 05 11 20 1 10
2015 05 11 20 1 10
2015 05 10 19 7 14
2015 05 10 19 7 14
2015 05 10 19 7 13
2015 05 10 19 7 13
2015 05 10 19 7 12
2015 05 10 19 7 09
2015 05 10 19 7 01
2015 05 10 19 7 01
2015 05 10 19 7 00
2015 05 10 19 7 01
2015 05 09 19 6 21
2015 05 09 19 6 19
2015 05 09 19 6 19
2015 05 09 19 6 18
2015 05 09 19 6 12
2015 05 09 19 6 11
2015 05 09 19 6 11
2015 05 08 19 5 22
2015 05 08 19 5 22
2015 05 08 19 5 22
2015 05 08 19 5 22
2015 05 08 19 5 20
2015 05 08 19 5 20
2015 05 08 19 5 08
2015 05 08 19 5 07
2015 05 02 18 6 13
2015 05 06 19 3 17
2015 05 06 19 3 17
2015 05 06 19 3 17
2015 05 06 19 3 13
2015 05 06 19 3 13
2015 05 06 19 3 10
2015 05 05 19 2 16
2015 05 01 18 5 13
2015 05 01 18 5 11
2015 05 01 18 5 11
2015 04 26 17 7 11
2015 05 05 19 2 07
2015 05 05 19 2 07
2015 05 02 18 6 13
2015 05 01 18 5 08
2015 04 30 18 4 12
2015 04 27 18 1 21
2015 04 29 18 3 09
2015 04 08 15 3 20
2015 04 10 15 5 20
2015 04 28 18 2 04
2015 04 27 18 1 21
2015 04 26 17 7 09
2015 04 25 17 6 11
2015 04 24 17 5 21
2015 04 24 17 5 21
2015 04 20 17 1 19
2015 04 20 17 1 19
2015 04 20 17 1 18
2015 04 20 17 1 18
2015 04 17 16 5 18
2015 04 17 16 5 17
2015 04 15 16 3 22
2015 04 15 16 3 22
2015 04 15 16 3 22
2015 04 15 16 3 21
2015 04 23 17 4 11
2015 04 23 17 4 10
2015 04 23 17 4 10
2015 04 22 17 3 09
2015 04 22 17 3 09
2015 04 21 17 2 17
2015 04 21 17 2 17
2015 04 21 17 2 17
2015 04 18 16 6 12
2015 04 17 16 5 00
2015 04 15 16 3 21
2015 04 14 16 2 10
2015 04 14 16 2 10
2015 04 14 16 2 10
2015 04 14 16 2 09
2015 04 14 16 2 09
2015 04 14 16 2 09
2015 04 13 16 1 18
2015 04 11 15 6 22
2015 04 11 15 6 22
2015 04 11 15 6 22
2015 04 11 15 6 19
2015 04 11 15 6 19
2015 04 10 15 5 20
2015 04 04 14 6 21
2015 04 10 15 5 09
2015 04 09 15 4 22
2015 04 09 15 4 14
2015 04 09 15 4 14
2015 04 08 15 3 22
2015 04 08 15 3 22
2015 04 08 15 3 19
2015 04 08 15 3 18
2015 04 08 15 3 09
2015 04 08 15 3 13
2015 04 08 15 3 13
2015 04 08 15 3 13
2015 04 08 15 3 00
2015 04 07 15 2 11
2015 04 04 14 6 21
2015 04 06 15 1 11
2015 04 06 15 1 10
2015 04 06 15 1 19
2015 04 06 15 1 10
2014 04 05 14 6 19
2015 04 04 14 6 21
2015 04 04 14 6 21
2015 04 04 14 6 21
2015 04 04 14 6 16
2015 04 04 14 6 16
2015 04 04 14 6 15
2015 04 04 14 6 15
2015 04 04 14 6 15
2015 04 04 14 6 15
2015 04 04 14 6 14
2015 04 04 14 6 14
2015 04 04 14 6 14
2015 04 04 14 6 14
2015 04 03 14 5 23
2015 04 03 14 5 23
2015 04 03 14 5 19
2015 04 03 14 5 18
2015 04 03 14 5 18
2015 04 03 14 5 16
2015 04 03 14 5 16
2015 04 03 14 5 16
2015 04 03 14 5 16
2015 04 03 14 5 15
2015 04 03 14 5 15
2015 04 03 14 5 10
2015 04 03 14 5 00
2015 04 02 14 4 23
2015 04 02 14 4 23
2015 04 02 14 4 22
2015 04 01 14 3 22
2015 04 02 14 4 21
2015 04 02 14 4 21
2015 04 02 14 4 20
2015 04 01 14 3 22
2015 04 02 14 4 09
2015 04 02 14 4 09
2015 04 01 14 3 21
2015 03 31 14 2 22
2015 03 31 14 2 21
2015 03 31 14 2 21
2015 03 31 14 2 09
2015 03 28 13 6 00
2015 03 27 13 5 23
2015 03 25 13 3 17
2015 03 18 12 3 21
2015 03 12 11 4 01
2015 02 16 08 1 21
2015 02 08 06 7 00
2015 02 08 06 7 00
2015 02 06 06 5 17
2015 02 01 05 7 17
2015 01 20 04 2 20
2015 01 17 03 6 22
2015 01 16 03 5 16
2015 01 16 03 5 15
2015 01 16 03 5 12
2015 01 16 03 5 12
2014 10 26 43 7 04
2015 01 02 01 5 15
2015 01 02 01 5 14
2015 01 02 01 5 14
2015 01 02 01 5 14
2015 01 02 01 5 14
2015 01 02 01 5 13
2015 01 02 01 5 13
2014 12 27 52 6 23
2014 12 22 52 1 19
2014 12 19 51 5 10
2014 12 17 51 3 20
2014 12 17 51 3 20
2014 12 09 50 2 09
2014 12 17 51 3 09
2014 12 17 51 3 02
2014 12 17 51 3 02
2014 12 17 51 3 02
2014 12 16 51 2 17
2014 12 16 51 2 17
2014 12 16 51 2 16
2014 12 15 51 1 21
2014 12 15 51 1 16
2014 12 10 50 3 09
2014 12 09 50 2 19
2014 12 08 50 1 21
2014 12 08 50 1 19
2014 12 06 49 6 15
2014 12 03 49 3 18
2014 12 03 49 3 18
2014 12 03 49 3 18
2014 11 30 48 7 19
2014 11 29 48 6 22
2014 11 28 48 5 12
2014 11 28 48 5 12
2014 11 28 48 5 12
2014 11 28 48 5 10
2014 11 28 48 5 10
2014 11 28 48 5 09
2014 11 28 48 5 09
2014 11 28 48 5 08
2014 11 27 48 4 17
2014 11 27 48 4 16
2014 11 27 48 4 10
2014 11 20 47 4 10
2014 11 20 47 4 10
2014 11 20 47 4 09
2014 11 19 47 3 23
2014 11 18 47 2 16
2014 11 18 47 2 16
2014 11 14 46 5 12
2014 11 17 47 1 16
2014 11 17 47 1 16
2014 11 17 47 1 16
2014 11 16 46 7 20
2014 11 16 46 7 20
2014 11 16 46 7 13
2014 11 16 46 7 13
2014 11 16 46 7 13
2014 11 16 46 7 13
2014 11 16 46 7 13
2014 11 16 46 7 13
2014 11 16 46 7 13
2014 11 16 46 7 13
2014 03 27 13 4 22
2014 03 27 13 4 22
2014 03 27 13 4 22
2014 03 27 13 4 22
2014 03 12 11 3 09
2014 03 11 11 2 15
2014 03 11 11 2 14
2014 03 11 11 2 14
2014 03 11 11 2 12
2014 03 11 11 2 12
2014 11 14 46 5 05
2014 11 11 46 2 17
2014 11 11 46 2 16
2014 11 07 45 5 13
2014 11 07 45 5 13
2014 11 07 45 5 13
2014 11 07 45 5 13
2014 11 07 45 5 13
2014 11 06 45 4 17
2014 11 03 45 1 21
2014 11 03 45 1 00
2014 10 31 44 5 14
2014 10 31 44 5 06
2014 10 30 44 4 22
2014 10 30 44 4 15
2014 10 30 44 4 15
2014 10 30 44 4 14
2014 10 30 44 4 06
2014 10 29 44 3 10
2014 10 29 44 3 10
2014 10 29 44 3 10
2014 10 26 43 7 23
2014 10 26 43 7 23
2014 10 26 43 7 00
2014 10 25 43 6 21
2014 10 25 43 6 21
2014 10 25 43 6 21
2014 10 25 43 6 21
2014 10 23 43 4 22
2014 10 23 43 4 09
2014 10 22 43 3 21
2014 10 22 43 3 21
2014 10 22 43 3 19
2014 10 22 43 3 17
2014 10 22 43 3 17
2014 10 22 43 3 03
2014 10 22 43 3 03
2014 10 22 43 3 02
2014 10 21 43 2 10
2014 10 21 43 2 10
2014 10 21 43 2 10
2014 10 19 42 7 17
2014 10 19 42 7 16
2014 08 22 34 5 09
2014 10 15 42 3 11
2014 10 15 42 3 11
2014 10 15 42 3 11
2014 10 14 42 2 17
2014 10 14 42 2 15
2014 10 14 42 2 15
2014 10 14 42 2 10
2014 10 14 42 2 10
2014 10 14 42 2 01
2014 10 14 42 2 01
2014 10 13 42 1 22
2014 10 13 42 1 21
2014 10 13 42 1 22
2014 10 13 42 1 22
2014 10 13 42 1 21
2014 10 13 42 1 16
2014 10 13 42 1 16
2014 10 13 42 1 15
2014 10 13 42 1 13
2014 10 11 41 6 13
2014 10 09 41 4 09
2014 10 01 40 3 22
2014 10 09 41 4 10
2014 08 21 34 4 10
2014 10 09 41 4 10
2014 10 09 41 4 08
2014 10 09 41 4 05
2014 10 09 41 4 02
2014 08 22 34 5 02
2014 10 08 41 3 13
2014 10 08 41 3 13
2014 10 08 41 3 08
2014 10 07 41 2 11
2014 10 06 41 1 19
2014 10 06 41 1 19
2014 10 01 40 3 21
2014 08 20 34 3 21
2014 09 03 36 3 00
2014 05 24 21 6 08
2014 09 03 36 3 02
2014 09 03 36 3 00
2014 08 19 34 2 03
2014 08 18 34 1 18
2014 08 17 33 7 06
2014 08 17 33 7 06
2014 08 14 33 4 22
2014 08 14 33 4 22
2014 08 17 33 7 01
2014 08 16 33 6 21
2014 08 15 33 5 02
2014 08 03 31 7 19
2014 05 30 22 5 21
2014 05 30 22 5 21
2014 05 30 22 5 21
2014 08 10 32 7 21
2014 08 10 32 7 13
2014 08 10 32 7 02
2014 07 23 30 3 06
2014 07 11 28 5 04
2014 07 11 28 5 04
2014 07 11 28 5 03
2014 07 08 28 2 05
2014 07 08 28 2 05
2014 07 04 27 5 20
2014 07 04 27 5 20
2014 07 04 27 5 20
2014 07 04 27 5 20
2014 08 08 32 5 23
2014 06 14 24 6 16
2014 04 15 16 2 19
2014 04 11 15 5 01
2014 04 11 15 5 01
2014 04 11 15 5 01
2014 08 08 32 5 22
2014 08 06 32 3 08
2014 07 31 31 4 12
2014 07 20 29 7 20
2014 05 21 21 3 15
2014 05 21 21 3 15
2014 05 21 21 3 15
2014 04 17 16 4 23
2014 04 05 14 6 08
2014 04 02 14 3 07
2014 04 02 14 3 07
2014 04 02 14 3 02
2014 04 01 14 2 20
2014 04 01 14 2 20
2014 04 01 14 2 19
2014 04 01 14 2 19
2014 03 31 14 1 17
2014 03 31 14 1 17
2014 03 31 14 1 17
2014 03 31 14 1 16
2014 03 31 14 1 16
2014 03 31 14 1 16
2014 03 31 14 1 15
2014 03 31 14 1 15
2014 03 31 14 1 04
2014 03 30 13 7 17
2014 03 30 13 7 17
2014 03 30 13 7 17
2014 03 30 13 7 17
2014 03 30 13 7 13
2014 03 30 13 7 13
2014 03 30 13 7 13
2014 03 30 13 7 13
2014 03 30 13 7 12
2014 03 30 13 7 11
2014 03 30 13 7 11
2014 03 30 13 7 11
2014 03 30 13 7 11
2014 03 30 13 7 11
2014 03 10 11 1 22
2014 03 10 11 1 22
2014 03 02 09 7 17
2014 03 02 09 7 16
2014 02 26 09 3 10
2014 02 26 09 3 10
2014 02 25 09 2 08
2014 02 22 08 6 16
2014 02 22 08 6 16
2014 02 22 08 6 09
2014 02 21 08 5 19
2014 02 21 08 5 19
2014 02 16 07 7 14
2014 02 16 07 7 14
2014 02 16 07 7 14
2014 02 15 07 6 13
2014 02 12 07 3 17
2014 02 12 07 3 17
2014 02 12 07 3 17
2014 02 11 07 2 21
2014 02 11 07 2 21
2014 02 11 07 2 21
2014 02 11 07 2 21
2014 02 11 07 2 14
2014 02 11 07 2 14
2014 02 11 07 2 14
2014 02 10 07 1 20
2014 02 10 07 1 20
2014 02 10 07 1 20
2014 02 10 07 1 20
2014 02 10 07 1 20
2014 02 10 07 1 20
2014 02 10 07 1 15
2014 02 08 06 6 22
2014 02 08 06 6 22
2014 02 08 06 6 22
2014 02 08 06 6 22
2014 02 08 06 6 21
2014 02 07 06 5 20
2014 02 07 06 5 10
2014 02 06 06 4 18
2014 02 05 06 3 15
2014 02 05 06 3 12
2014 02 05 06 3 10
2014 02 04 06 2 22
2014 02 04 06 2 21
2014 02 04 06 2 18
2014 02 03 06 1 18
2014 02 03 06 1 18
2014 02 03 06 1 10
2014 02 03 06 1 10
2014 02 01 05 6 23
2014 02 01 05 6 23
2014 02 01 05 6 23
2014 01 29 05 3 22
2014 01 29 05 3 22
2014 01 29 05 3 21
2014 01 29 05 3 21
2014 01 29 05 3 21
2014 01 29 05 3 17
2014 01 28 05 2 17
2014 01 28 05 2 17
2014 01 25 04 6 16
2014 01 25 04 6 16
2014 01 22 04 3 21
2014 01 22 04 3 20
2014 01 22 04 3 10
2014 01 21 04 2 22
2014 01 21 04 2 18
2014 01 21 04 2 18
2014 01 21 04 2 17
2014 01 21 04 2 17
2014 01 20 04 1 18
2014 01 19 03 7 14
2014 01 19 03 7 14
2014 01 19 03 7 13
2014 01 17 03 5 10
2014 01 15 03 3 21
2014 01 15 03 3 21
2014 01 15 03 3 21
2014 01 15 03 3 21
2014 01 14 03 2 21
2014 01 14 03 2 20
2014 01 14 03 2 19
2014 01 14 03 2 19
2014 01 14 03 2 19
2014 01 14 03 2 19
2014 01 14 03 2 10
2014 01 14 03 2 10
2014 01 13 03 1 15
2014 01 13 03 1 15
2014 01 13 03 1 14
2014 01 13 03 1 14
2014 01 13 03 1 14
2014 01 13 03 1 13
2014 01 12 02 7 15
2014 01 11 02 6 22
2014 01 11 02 6 22
