
2016 01 01 53 5 15
2016 01 01 53 5 14
2016 01 01 53 5 14
2016 01 01 53 5 13
2015 12 31 53 4 20
2015 12 31 53 4 17
2015 12 30 53 3 12
2015 12 30 53 3 12
2015 12 29 53 2 20
2015 12 29 53 2 20
2015 12 20 51 7 22
2015 12 20 51 7 21
2015 12 20 51 7 21
2015 12 20 51 7 21
2015 12 20 51 7 21
2015 12 20 51 7 21
2015 12 20 51 7 21
2015 12 20 51 7 15
2015 12 20 51 7 15
2015 12 20 51 7 15
2015 12 19 51 6 12
2015 12 19 51 6 12
2015 12 19 51 6 10
2015 12 18 51 5 08
2015 12 18 51 5 08
2015 12 17 51 4 09
2015 12 15 51 2 18
2015 12 15 51 2 18
2015 12 13 50 7 17
2015 12 13 50 7 14
2015 12 13 50 7 13
2015 12 13 50 7 12
2015 12 13 50 7 12
2015 12 13 50 7 12
2015 12 13 50 7 11
2015 12 13 50 7 11
2015 12 13 50 7 09
2015 12 12 50 6 12
2015 12 12 50 6 12
2015 12 12 50 6 12
2015 12 12 50 6 10
2015 12 11 50 5 09
2015 12 11 50 5 09
2015 12 11 50 5 08
2015 12 11 50 5 08
2015 12 10 50 4 22
2015 12 06 49 7 18
2015 12 06 49 7 17
2015 12 06 49 7 17
2015 12 06 49 7 17
2015 12 06 49 7 17
2015 12 06 49 7 15
2015 12 06 49 7 15
2015 12 06 49 7 14
2015 12 06 49 7 13
2015 12 06 49 7 13
2015 12 06 49 7 13
2015 12 06 49 7 13
2015 12 06 49 7 12
2015 12 06 49 7 12
2015 12 06 49 7 12
2015 12 06 49 7 11
2015 12 06 49 7 11
2015 12 05 49 6 19
2015 12 05 49 6 19
2015 12 05 49 6 19
2015 12 05 49 6 19
2015 12 05 49 6 19
2015 12 05 49 6 18
2015 12 05 49 6 18
2015 12 05 49 6 18
2015 12 05 49 6 18
2015 12 05 49 6 18
2015 12 05 49 6 18
2015 12 05 49 6 18
2015 12 05 49 6 18
2015 12 05 49 6 18
2015 12 05 49 6 18
2015 12 05 49 6 18
2015 12 05 49 6 18
2015 12 05 49 6 17
2015 12 05 49 6 12
2015 12 05 49 6 12
2015 12 05 49 6 12
2015 12 02 49 3 11
2015 12 02 49 3 13
2015 12 02 49 3 11
2015 12 02 49 3 12
2015 12 02 49 3 12
2015 11 30 49 1 20
2015 11 30 49 1 20
2015 11 30 49 1 20
2015 11 30 49 1 19
2015 11 30 49 1 19
2015 11 30 49 1 08
2015 11 29 48 7 23
2015 11 29 48 7 23
2015 11 29 48 7 22
2015 11 29 48 7 22
2015 11 29 48 7 21
2015 11 29 48 7 21
2015 11 29 48 7 21
2015 11 29 48 7 21
2015 11 29 48 7 10
2015 11 28 48 6 17
2015 11 28 48 6 15
2015 11 28 48 6 15
2015 11 28 48 6 12
2015 11 28 48 6 12
2015 11 28 48 6 11
2015 11 28 48 6 11
2015 11 28 48 6 11
2015 11 28 48 6 11
2015 11 28 48 6 11
2015 11 28 48 6 11
2015 11 28 48 6 11
2015 11 28 48 6 11
2015 11 28 48 6 11
2015 11 28 48 6 10
2015 11 28 48 6 10
2015 11 28 48 6 00
2015 11 26 48 4 19
2015 11 26 48 4 19
2015 11 26 48 4 18
2015 11 26 48 4 18
2015 11 26 48 4 18
2015 11 26 48 4 18
2015 11 26 48 4 18
2015 11 26 48 4 18
2015 11 23 48 1 17
2015 11 23 48 1 17
2015 11 23 48 1 17
2015 11 23 48 1 17
2015 11 15 46 7 19
2015 11 14 46 6 12
2015 11 14 46 6 11
2015 11 14 46 6 10
2015 07 11 28 6 12
2015 11 12 46 4 05
2015 11 11 46 3 07
2015 11 08 45 7 12
2015 11 08 45 7 12
2015 11 08 45 7 11
2015 11 08 45 7 11
2015 06 27 26 6 22
2015 11 07 45 6 13
2015 11 07 45 6 13
2015 11 07 45 6 12
2015 11 07 45 6 12
2015 11 07 45 6 11
2015 11 07 45 6 10
2015 11 07 45 6 10
2015 11 04 45 3 09
2015 11 01 44 7 13
2015 11 01 44 7 12
2015 11 01 44 7 12
2015 10 30 44 5 14
2015 10 23 43 5 19
2015 10 23 43 5 00
2015 10 21 43 3 23
2015 10 21 43 3 22
2015 10 21 43 3 21
2015 10 21 43 3 22
2015 10 21 43 3 21
2015 10 21 43 3 21
2015 10 21 43 3 21
2015 10 19 43 1 22
2015 10 19 43 1 04
2015 09 20 38 7 11
2015 09 20 38 7 11
2015 09 19 38 6 11
2015 09 19 38 6 11
2015 09 19 38 6 11
2015 09 19 38 6 10
2015 09 19 38 6 10
2015 09 19 38 6 10
2015 09 17 38 4 23
2015 08 17 34 1 11
2015 08 17 34 1 11
2015 08 17 34 1 11
2015 07 17 29 5 19
2015 07 17 29 5 19
2015 08 15 33 6 10
2015 08 15 33 6 10
2015 08 15 33 6 10
2015 08 15 33 6 10
2015 08 15 33 6 10
2015 08 06 32 4 17
2015 08 05 32 3 10
2015 08 04 32 2 20
2015 07 27 31 1 18
2015 07 27 31 1 18
2015 07 11 28 6 17
2015 07 11 28 6 17
2015 07 11 28 6 13
2015 07 11 28 6 13
2015 07 09 28 4 20
2015 07 08 28 3 22
2015 07 08 28 3 14
2015 07 03 27 5 20
2015 07 04 27 6 09
2015 07 04 27 6 09
2015 07 03 27 5 20
2015 06 28 26 7 10
2015 06 27 26 6 22
2015 06 27 26 6 21
2015 06 27 26 6 21
2015 06 27 26 6 20
2015 06 27 26 6 20
2015 06 27 26 6 16
2015 06 27 26 6 16
2015 06 27 26 6 16
2015 06 27 26 6 16
2015 06 27 26 6 13
2015 06 27 26 6 12
2015 06 25 26 4 14
2015 06 22 26 1 10
2015 06 21 25 7 19
2015 06 21 25 7 11
2015 06 21 25 7 10
2015 06 21 25 7 10
2015 06 21 25 7 10
2015 06 21 25 7 09
2015 06 20 25 6 10
2015 06 19 25 5 09
2015 06 19 25 5 08
2015 06 18 25 4 21
2015 06 18 25 4 21
2015 06 17 25 3 22
2015 06 16 25 2 09
2015 06 17 25 3 21
2015 06 16 25 2 09
2015 06 15 25 1 22
2015 06 14 24 7 20
2015 06 14 24 7 18
2015 06 14 24 7 18
2015 06 14 24 7 16
2015 06 14 24 7 14
2015 06 14 24 7 14
2015 06 14 24 7 13
2015 06 14 24 7 11
2015 06 14 24 7 11
2015 06 14 24 7 11
2015 06 14 24 7 11
2015 06 14 24 7 11
2015 06 12 24 5 09
2015 06 14 24 7 10
2015 06 14 24 7 10
2015 06 13 24 6 20
2015 06 13 24 6 11
2015 06 10 24 3 22
2015 06 10 24 3 22
2015 06 10 24 3 22
2015 06 08 24 1 21
2015 06 10 24 3 21
2015 06 10 24 3 21
2015 06 10 24 3 21
2015 06 07 23 7 14
2015 06 07 23 7 14
2015 06 07 23 7 14
2015 06 07 23 7 13
2015 06 07 23 7 12
2015 06 07 23 7 13
2015 06 07 23 7 12
2015 06 07 23 7 11
2015 06 06 23 6 21
2015 06 06 23 6 18
2015 06 06 23 6 18
2015 06 06 23 6 18
2015 06 06 23 6 18
2015 06 06 23 6 18
2015 06 06 23 6 18
2015 06 06 23 6 17
2015 06 06 23 6 17
2015 06 06 23 6 16
2015 06 06 23 6 16
2015 06 06 23 6 16
2015 06 06 23 6 16
2015 06 06 23 6 16
2015 06 06 23 6 16
2015 06 06 23 6 15
2015 06 06 23 6 14
2015 06 06 23 6 14
2015 06 06 23 6 14
2015 06 03 23 3 21
2015 06 03 23 3 21
2015 06 03 23 3 21
2015 06 03 23 3 21
2015 06 01 23 1 22
2015 06 01 23 1 22
2015 06 01 23 1 09
2015 06 01 23 1 09
2015 05 31 22 7 22
2015 05 31 22 7 22
2015 05 31 22 7 21
2015 05 31 22 7 21
2015 05 31 22 7 20
2015 05 31 22 7 20
2015 05 31 22 7 13
2015 05 31 22 7 12
2015 02 21 08 6 10
2015 05 31 22 7 11
2015 05 31 22 7 11
2015 05 31 22 7 11
2015 05 28 22 4 20
2015 05 28 22 4 20
2015 05 28 22 4 20
2015 05 28 22 4 20
2015 05 28 22 4 20
2015 05 28 22 4 20
2015 05 25 22 1 13
2015 05 25 22 1 11
2015 05 25 22 1 10
2015 05 25 22 1 10
2015 05 25 22 1 10
2015 05 23 21 6 18
2015 05 23 21 6 16
2015 05 23 21 6 16
2015 05 23 21 6 16
2015 05 23 21 6 09
2015 05 23 21 6 09
2015 05 17 20 7 10
2015 05 22 21 5 09
2015 05 22 21 5 09
2015 05 21 21 4 23
2015 05 18 21 1 21
2015 05 19 21 2 10
2015 05 18 21 1 19
2015 05 18 21 1 19
2015 05 18 21 1 19
2015 05 18 21 1 19
2015 05 17 20 7 12
2015 05 17 20 7 11
2015 05 17 20 7 09
2015 05 16 20 6 18
2015 05 15 20 5 18
2015 05 15 20 5 17
2015 05 15 20 5 16
2015 05 15 20 5 16
2015 05 15 20 5 16
2015 05 15 20 5 15
2015 05 15 20 5 15
2015 05 15 20 5 15
2015 05 15 20 5 14
2015 05 15 20 5 14
2015 05 15 20 5 14
2015 05 15 20 5 14
2015 05 15 20 5 14
2015 05 15 20 5 08
2015 05 15 20 5 10
2015 05 15 20 5 11
2015 05 15 20 5 08
2015 05 15 20 5 08
2015 05 15 20 5 08
2015 05 14 20 4 22
2015 05 14 20 4 22
2015 05 14 20 4 21
2015 05 13 20 3 19
2015 05 14 20 4 16
2015 05 14 20 4 16
2015 05 14 20 4 16
2015 05 14 20 4 16
2015 05 14 20 4 16
2015 05 14 20 4 16
2015 05 11 20 1 21
2015 05 01 18 5 20
2015 05 13 20 3 14
2015 05 13 20 3 13
2015 05 13 20 3 13
2015 05 13 20 3 11
2015 05 13 20 3 11
2015 05 13 20 3 11
2015 05 13 20 3 10
2015 05 13 20 3 10
2015 05 13 20 3 09
2015 05 13 20 3 09
2015 05 13 20 3 09
2015 05 13 20 3 09
2015 05 13 20 3 09
2015 05 13 20 3 09
2015 05 13 20 3 09
2015 05 12 20 2 22
2015 05 12 20 2 09
2015 05 12 20 2 09
2015 05 12 20 2 09
2015 05 12 20 2 09
2015 05 11 20 1 21
2015 05 11 20 1 20
2015 05 11 20 1 18
2015 05 10 19 7 18
2015 05 10 19 7 22
2015 05 10 19 7 22
2015 05 10 19 7 22
2015 05 10 19 7 22
2015 05 10 19 7 21
2015 05 10 19 7 21
2015 05 10 19 7 18
2015 05 10 19 7 17
2015 05 10 19 7 17
2015 05 10 19 7 16
2015 05 10 19 7 16
2015 05 10 19 7 16
2015 05 10 19 7 15
2015 05 10 19 7 12
2015 05 10 19 7 11
2015 05 10 19 7 11
2015 05 09 19 6 20
2015 05 09 19 6 20
2015 05 09 19 6 20
2015 05 09 19 6 20
2015 05 09 19 6 20
2015 05 09 19 6 19
2015 05 09 19 6 18
2015 05 09 19 6 18
2015 05 09 19 6 18
2015 05 09 19 6 18
2015 05 09 19 6 12
2015 05 09 19 6 13
2015 05 09 19 6 13
2015 05 09 19 6 12
2015 05 09 19 6 09
2015 05 09 19 6 11
2015 05 09 19 6 09
2015 05 09 19 6 09
2015 05 08 19 5 22
2015 05 08 19 5 21
2015 05 08 19 5 21
2015 05 08 19 5 20
2015 05 08 19 5 20
2015 05 08 19 5 20
2015 05 08 19 5 19
2015 05 06 19 3 17
2015 05 06 19 3 17
2015 05 06 19 3 14
2015 05 06 19 3 14
2015 05 06 19 3 13
2015 05 03 18 7 18
2015 05 04 19 1 09
2015 05 04 19 1 09
2015 05 04 19 1 09
2015 05 04 19 1 09
2015 05 03 18 7 10
2015 05 01 18 5 12
2015 05 01 18 5 12
2015 05 01 18 5 10
2015 05 01 18 5 10
2015 05 01 18 5 10
2015 05 01 18 5 09
2015 05 01 18 5 09
2015 04 19 16 7 10
2015 04 19 16 7 09
2015 04 19 16 7 09
2015 04 18 16 6 21
2015 04 18 16 6 23
2015 03 07 10 6 17
2015 03 07 10 6 16
2015 03 07 10 6 11
2015 02 21 08 6 10
2015 02 21 08 6 10
2015 02 21 08 6 10
2015 01 31 05 6 13
2015 01 12 03 1 08
2015 01 12 03 1 08
2014 12 13 50 6 11
2015 01 11 02 7 13
2015 01 11 02 7 12
2015 01 10 02 6 11
2014 12 21 51 7 11
2014 12 06 49 6 12
2015 01 05 02 1 18
2015 01 04 01 7 13
2015 01 04 01 7 13
2015 01 04 01 7 13
2015 01 04 01 7 13
2015 01 04 01 7 13
2015 01 01 01 4 12
2014 12 27 52 6 16
2014 12 27 52 6 17
2014 12 06 49 6 15
2014 12 01 49 1 03
2014 12 01 49 1 02
2014 11 23 47 7 23
2014 11 23 47 7 22
2014 11 23 47 7 22
2014 11 05 45 3 11
2014 11 23 47 7 22
2014 12 06 49 6 11
2014 12 06 49 6 11
2014 11 30 48 7 11
2014 11 29 48 6 10
2014 11 23 47 7 20
2014 11 23 47 7 23
2014 11 23 47 7 23
2014 11 23 47 7 18
2014 11 23 47 7 18
2014 11 23 47 7 18
2014 11 23 47 7 18
2014 11 19 47 3 21
2014 11 16 46 7 22
2014 11 16 46 7 22
2014 09 11 37 4 19
2014 11 05 45 3 11
2014 09 29 40 1 03
2014 10 20 43 1 14
2014 09 29 40 1 04
2014 09 06 36 6 12
2014 09 06 36 6 12
2014 09 06 36 6 12
2014 09 06 36 6 12
2014 09 06 36 6 12
2014 09 06 36 6 12
2014 09 06 36 6 12
2014 09 06 36 6 12
2014 09 06 36 6 12
2014 09 06 36 6 12
2014 09 06 36 6 12
2014 09 06 36 6 12
2014 09 06 36 6 12
2014 09 06 36 6 12
2014 09 06 36 6 12
2014 09 06 36 6 12
2014 09 06 36 6 12
2014 09 06 36 6 12
2014 09 06 36 6 12
2014 09 06 36 6 12
2014 07 22 30 2 11
2014 09 06 36 6 12
2014 09 06 36 6 12
2014 09 06 36 6 12
2014 09 06 36 6 11
2014 09 06 36 6 11
2014 04 25 17 5 06
2014 09 06 36 6 00
2014 09 03 36 3 20
2014 08 31 35 7 17
2014 08 31 35 7 17
2014 08 31 35 7 17
2014 08 21 34 4 14
2014 08 17 33 7 10
2014 08 17 33 7 10
2014 08 17 33 7 10
2014 08 12 33 2 11
2014 08 09 32 6 12
2014 07 19 29 6 16
2014 08 09 32 6 11
2014 07 20 29 7 12
2014 07 20 29 7 12
2014 07 20 29 7 12
2014 07 20 29 7 12
2014 07 15 29 2 14
2014 07 10 28 4 00
2014 06 17 25 2 08
2014 06 16 25 1 18
2014 06 16 25 1 18
2014 06 16 25 1 18
2014 06 15 24 7 19
2014 06 11 24 3 22
2014 06 08 23 7 11
2014 06 08 23 7 17
2014 06 08 23 7 17
2014 06 08 23 7 10
2014 06 08 23 7 13
2014 06 08 23 7 10
2014 06 08 23 7 10
2014 06 08 23 7 10
2014 06 08 23 7 10
2014 06 08 23 7 10
2014 05 11 19 7 11
2014 05 09 19 5 10
2014 05 09 19 5 09
2014 05 09 19 5 09
2014 05 09 19 5 09
2014 05 09 19 5 09
2014 05 09 19 5 09
2014 05 09 19 5 09
2014 05 09 19 5 09
2014 05 07 19 3 09
2014 05 07 19 3 09
2014 05 06 19 2 21
2014 05 06 19 2 21
2014 05 06 19 2 21
2014 05 05 19 1 08
2014 05 01 18 4 12
2014 05 01 18 4 12
2014 05 01 18 4 12
2014 05 01 18 4 11
2014 05 01 18 4 11
2014 05 01 18 4 11
2014 05 01 18 4 11
2014 05 01 18 4 11
2014 05 01 18 4 11
2014 05 01 18 4 10
2014 04 28 18 1 09
2014 04 21 17 1 15
2014 04 24 17 4 09
2014 04 23 17 3 23
2014 04 23 17 3 22
2014 04 23 17 3 22
2014 04 23 17 3 09
2014 04 23 17 3 09
2014 04 22 17 2 22
2014 04 22 17 2 09
2014 04 22 17 2 09
2014 04 22 17 2 09
2014 04 21 17 1 22
2014 04 21 17 1 21
2014 04 21 17 1 20
2014 04 21 17 1 20
2014 04 21 17 1 19
2014 04 21 17 1 19
2014 04 21 17 1 11
2014 04 21 17 1 11
2014 04 21 17 1 11
2014 04 21 17 1 11
2014 04 21 17 1 11
2014 04 20 16 7 18
2014 04 20 16 7 15
2014 04 20 16 7 14
2014 04 20 16 7 14
2014 04 20 16 7 14
2014 04 20 16 7 14
2014 04 20 16 7 13
2014 04 20 16 7 13
2014 04 20 16 7 13
2014 04 20 16 7 12
2014 04 20 16 7 11
2014 04 20 16 7 11
2014 04 13 15 7 16
2014 04 02 14 3 20
2014 04 15 16 2 09
2014 04 15 16 2 08
2014 04 14 16 1 21
2014 04 14 16 1 21
2014 04 14 16 1 20
2014 04 14 16 1 09
2014 04 14 16 1 20
2014 04 13 15 7 20
2014 04 13 15 7 20
2014 04 13 15 7 20
2014 04 13 15 7 20
2014 04 13 15 7 10
2014 04 12 15 6 13
2014 04 12 15 6 12
2014 04 12 15 6 12
2014 04 12 15 6 12
2014 04 12 15 6 12
2014 04 12 15 6 12
2014 04 12 15 6 11
2014 04 12 15 6 11
2014 04 12 15 6 11
2014 04 12 15 6 11
2014 04 12 15 6 11
2014 04 12 15 6 11
2014 04 05 14 6 09
2014 04 01 14 2 23
2014 04 02 14 3 09
2014 03 31 14 1 21
2014 03 29 13 6 10
2014 03 28 13 5 14
2014 03 28 13 5 14
2014 03 26 13 3 12
2014 03 22 12 6 17
2014 03 22 12 6 17
2014 03 22 12 6 17
2014 03 22 12 6 17
2014 03 22 12 6 17
2014 03 22 12 6 12
2014 03 22 12 6 12
2014 03 17 12 1 14
2014 03 15 11 6 15
2014 03 15 11 6 15
2014 03 15 11 6 15
2014 03 15 11 6 15
2014 03 15 11 6 15
2014 03 15 11 6 15
2014 03 15 11 6 15
2014 03 15 11 6 14
2014 03 15 11 6 14
2014 03 15 11 6 14
2014 03 15 11 6 14
2014 03 15 11 6 11
2014 03 14 11 5 22
2014 03 13 11 4 14
2014 03 07 10 5 21
2014 03 07 10 5 21
2014 03 07 10 5 21
2014 03 07 10 5 20
2014 02 20 08 4 23
2014 02 20 08 4 23
2014 02 20 08 4 23
2014 02 20 08 4 23
2014 02 20 08 4 23
2014 02 20 08 4 23
2014 02 20 08 4 23
2014 02 20 08 4 23
2014 02 20 08 4 23
2014 02 20 08 4 23
2014 02 20 08 4 23
2014 02 07 06 5 12
2013 12 27 52 5 13
2013 12 27 52 5 12
2013 12 24 52 2 14
2013 12 15 50 7 11
2013 12 15 50 7 11
2013 12 15 50 7 11
2013 12 15 50 7 11
2013 12 15 50 7 11
2013 12 15 50 7 11
2013 12 15 50 7 11
2013 12 15 50 7 11
2013 12 15 50 7 10
2013 12 15 50 7 10
2013 12 15 50 7 10
2013 12 15 50 7 10
2013 12 15 50 7 10
2013 12 15 50 7 10
2013 12 15 50 7 10
2013 12 15 50 7 10
2013 12 15 50 7 10
2013 12 15 50 7 10
2013 12 15 50 7 10
2013 12 15 50 7 10
2013 12 15 50 7 10
2013 12 15 50 7 10
2013 12 15 50 7 10
2013 12 15 50 7 01
2013 12 15 50 7 01
2013 12 15 50 7 00
2013 12 12 50 4 02
2013 12 11 50 3 18
2013 12 11 50 3 18
2013 12 11 50 3 18
2013 12 11 50 3 18
2013 12 11 50 3 18
2013 12 11 50 3 18
2013 12 11 50 3 18
2013 12 11 50 3 17
2013 12 11 50 3 17
2013 12 11 50 3 17
2013 12 11 50 3 17
2013 12 11 50 3 17
2013 12 11 50 3 17
2013 12 11 50 3 17
2013 12 11 50 3 17
2013 12 11 50 3 17
2013 12 11 50 3 17
2013 12 11 50 3 17
2013 12 11 50 3 17
2013 12 11 50 3 17
2013 12 11 50 3 17
2013 12 11 50 3 17
2013 12 11 50 3 17
2013 12 11 50 3 17
2013 12 11 50 3 17
2013 12 11 50 3 17
2013 12 11 50 3 17
2013 12 11 50 3 17
2013 12 11 50 3 17
2013 12 11 50 3 17
2013 12 11 50 3 17
2013 12 11 50 3 17
2013 12 11 50 3 17
2013 12 11 50 3 17
2013 12 11 50 3 17
2013 12 11 50 3 17
2013 12 11 50 3 17
2013 12 11 50 3 17
2013 12 11 50 3 17
2013 12 11 50 3 17
2013 12 11 50 3 17
2013 12 11 50 3 17
2013 12 11 50 3 17
2013 12 11 50 3 12
2013 12 11 50 3 12
2013 12 11 50 3 12
2013 12 11 50 3 12
2013 12 11 50 3 12
2013 12 11 50 3 12
2013 12 11 50 3 12
2013 12 11 50 3 12
2013 12 11 50 3 12
2013 12 11 50 3 12
2013 12 11 50 3 12
2013 12 11 50 3 12
2013 12 11 50 3 12
2013 12 11 50 3 12
2013 12 11 50 3 12
2013 12 10 50 2 21
2013 12 09 50 1 21
2013 12 09 50 1 21
2013 12 09 50 1 21
2013 12 09 50 1 20
2013 12 06 49 5 22
2013 12 06 49 5 21
2013 12 04 49 3 11
2013 12 04 49 3 11
2013 12 05 49 4 23
2013 12 05 49 4 23
2013 12 05 49 4 23
2013 12 05 49 4 22
2013 12 05 49 4 22
2013 12 04 49 3 16
2013 12 04 49 3 13
2013 12 04 49 3 12
2013 12 04 49 3 11
2013 11 27 48 3 22
2013 11 27 48 3 22
2013 11 27 48 3 13
2013 11 27 48 3 13
2013 11 27 48 3 10
2013 11 26 48 2 10
2013 11 26 48 2 09
2013 11 26 48 2 09
2013 11 25 48 1 09
2013 11 24 47 7 14
2013 11 23 47 6 17
2013 11 23 47 6 17
2013 11 23 47 6 15
2013 11 23 47 6 14
2013 11 22 47 5 22
2013 11 22 47 5 21
2013 11 22 47 5 21
2013 11 22 47 5 18
2013 11 22 47 5 16
2013 11 22 47 5 16
2013 11 22 47 5 16
2013 11 22 47 5 16
2013 11 21 47 4 22
2013 11 21 47 4 21
2013 11 21 47 4 20
2013 11 21 47 4 20
2013 11 21 47 4 20
2013 11 21 47 4 20
2013 11 21 47 4 20
2013 11 21 47 4 20
2013 11 18 47 1 12
2013 11 10 45 7 17
2013 11 10 45 7 17
2013 11 09 45 6 17
2013 11 08 45 5 10
2013 11 08 45 5 09
2013 11 08 45 5 09
2013 11 08 45 5 09
2013 11 05 45 2 09
2013 11 05 45 2 09
2013 11 02 44 6 12
2013 11 02 44 6 11
2013 10 09 41 3 09
2013 10 03 40 4 11
2013 10 02 40 3 23
2013 10 02 40 3 23
2013 09 29 39 7 11
2013 09 20 38 5 12
2013 09 20 38 5 12
2013 09 29 39 7 11
2013 09 29 39 7 11
2013 09 29 39 7 11
2013 09 29 39 7 09
2013 09 29 39 7 09
2013 09 28 39 6 22
2013 09 20 38 5 12
2013 09 20 38 5 12
2013 09 20 38 5 11
2013 09 03 36 2 21
2013 09 01 35 7 00
2013 08 31 35 6 22
2013 08 31 35 6 22
2013 08 31 35 6 10
2013 08 31 35 6 10
2013 05 29 22 3 22
2013 05 29 22 3 21
2013 05 29 22 3 21
2013 05 27 22 1 10
2013 05 27 22 1 10
2013 05 23 21 4 21
2013 05 16 20 4 17
2013 05 04 18 6 11
2013 04 28 17 7 13
2013 04 28 17 7 12
2013 04 28 17 7 12
2013 04 28 17 7 12
2013 04 28 17 7 11
2013 04 26 17 5 19
2013 04 26 17 5 19
2013 04 25 17 4 08
2013 04 24 17 3 22
2013 04 24 17 3 22
2013 04 24 17 3 22
2013 04 24 17 3 22
2013 04 24 17 3 22
2013 04 24 17 3 22
2013 04 24 17 3 22
2013 04 23 17 2 22
2013 04 23 17 2 12
2013 04 23 17 2 12
2013 04 21 16 7 04
2013 04 19 16 5 00
2013 04 18 16 4 19
2013 04 18 16 4 19
2013 04 17 16 3 22
2013 04 11 15 4 22
2013 04 11 15 4 21
2013 04 11 15 4 21
2013 04 11 15 4 21
2013 04 10 15 3 22
2013 04 10 15 3 22
2013 04 07 14 7 17
2013 04 07 14 7 17
2013 04 07 14 7 17
2013 04 07 14 7 15
2013 04 07 14 7 15
2013 04 07 14 7 14
2013 04 07 14 7 14
2013 04 07 14 7 13
2013 04 07 14 7 13
2013 04 07 14 7 13
2013 04 07 14 7 12
2013 04 07 14 7 12
2013 04 07 14 7 11
2013 04 06 14 6 12
2013 04 06 14 6 12
2013 04 06 14 6 10
2013 04 06 14 6 10
2013 04 06 14 6 10
2013 04 05 14 5 19
2013 04 05 14 5 19
2013 04 01 14 1 19
2013 04 01 14 1 15
2013 04 01 14 1 14
2013 04 01 14 1 14
2013 04 01 14 1 14
2013 04 01 14 1 10
2013 04 01 14 1 10
2013 04 01 14 1 09
2013 04 01 14 1 09
2013 04 01 14 1 09
2013 04 01 14 1 08
2013 04 01 14 1 08
2013 04 01 14 1 08
2013 03 31 13 7 17
2013 03 25 13 1 23
2013 03 23 12 6 21
2013 03 23 12 6 21
2013 03 23 12 6 19
2013 03 21 12 4 22
2013 03 18 12 1 20
2013 03 18 12 1 20
2013 03 17 11 7 19
2013 03 17 11 7 18
2013 03 17 11 7 16
2013 03 17 11 7 16
2013 03 17 11 7 16
2013 03 17 11 7 14
2013 03 17 11 7 14
2013 03 14 11 4 09
2013 03 14 11 4 09
2013 03 12 11 2 22
2013 03 11 11 1 22
2013 03 11 11 1 20
2013 03 11 11 1 18
2013 03 11 11 1 15
2013 03 03 09 7 23
2013 03 03 09 7 21
2013 03 03 09 7 20
2013 03 03 09 7 17
2013 03 03 09 7 13
2013 03 03 09 7 13
2013 03 02 09 6 10
2013 03 02 09 6 10
2013 03 02 09 6 10
2013 02 28 09 4 11
2013 02 27 09 3 22
2013 02 27 09 3 22
2013 02 27 09 3 22
2013 02 27 09 3 22
2013 02 27 09 3 21
2013 02 27 09 3 20
2013 02 27 09 3 20
2013 02 27 09 3 19
2013 02 27 09 3 19
2013 02 27 09 3 16
2013 02 27 09 3 16
2013 02 27 09 3 15
2013 02 27 09 3 15
2013 02 26 09 2 22
2013 02 25 09 1 21
2013 02 25 09 1 21
2013 02 25 09 1 21
2013 02 25 09 1 20
2013 02 25 09 1 20
2013 02 25 09 1 20
2013 02 25 09 1 20
2013 02 25 09 1 20
2013 02 25 09 1 19
2013 02 24 08 7 18
2013 02 24 08 7 16
2013 02 24 08 7 12
2013 02 24 08 7 12
2013 02 24 08 7 12
2013 02 24 08 7 11
2013 02 24 08 7 11
2013 02 24 08 7 11
2013 02 24 08 7 11
2013 02 20 08 3 07
2013 02 20 08 3 07
2013 02 17 07 7 13
2013 02 17 07 7 11
2013 02 17 07 7 10
2013 02 17 07 7 10
2013 02 17 07 7 10
2013 02 17 07 7 09
2013 02 17 07 7 09
2013 02 17 07 7 09
2013 02 17 07 7 09
2013 02 15 07 5 08
2013 02 14 07 4 15
2013 02 12 07 2 11
2013 02 12 07 2 11
2013 02 12 07 2 10
2013 02 12 07 2 10
2013 02 12 07 2 10
2013 02 12 07 2 09
2013 02 12 07 2 09
2013 02 12 07 2 09
2013 02 12 07 2 09
2013 02 12 07 2 09
2013 02 12 07 2 08
2013 02 12 07 2 08
2013 02 10 06 7 22
2013 02 10 06 7 20
2013 02 08 06 5 00
2013 02 10 06 7 23
2013 02 10 06 7 22
2013 02 10 06 7 22
2013 02 05 06 2 15
2013 02 05 06 2 15
2013 02 05 06 2 15
2013 02 05 06 2 15
2013 02 05 06 2 09
2013 02 05 06 2 09
2013 02 05 06 2 09
2013 02 03 05 7 15
2013 01 31 05 4 22
2013 01 31 05 4 22
2013 01 31 05 4 21
2013 01 31 05 4 20
2013 01 31 05 4 20
2013 01 31 05 4 19
2013 01 31 05 4 19
2013 01 31 05 4 19
2013 01 29 05 2 09
2013 01 29 05 2 09
2013 01 29 05 2 09
2013 01 29 05 2 08
2013 01 28 05 1 21
2013 01 28 05 1 19
2013 01 28 05 1 18
2013 01 28 05 1 07
2013 01 27 04 7 11
2013 01 27 04 7 11
2013 01 27 04 7 11
2013 01 25 04 5 20
2013 01 24 04 4 18
2013 01 23 04 3 17
2013 01 23 04 3 13
2013 01 23 04 3 13
2013 01 23 04 3 13
2013 01 23 04 3 13
2013 01 23 04 3 13
2013 01 23 04 3 13
2013 01 23 04 3 13
2013 01 23 04 3 13
2013 01 23 04 3 12
2013 01 23 04 3 12
2013 01 23 04 3 13
2013 01 23 04 3 12
2013 01 23 04 3 12
2013 01 22 04 2 17
2013 01 14 03 1 17
2013 01 13 02 7 16
2013 01 12 02 6 12
2013 01 12 02 6 11
2013 01 12 02 6 11
2013 01 12 02 6 10
2013 01 12 02 6 10
2013 01 12 02 6 09
2013 01 08 02 2 16
2013 01 07 02 1 10
2013 01 05 01 6 09
2013 01 04 01 5 22
2013 01 04 01 5 22
2013 01 04 01 5 21
2013 01 03 01 4 18
2013 01 03 01 4 18
2013 01 03 01 4 14
2013 01 03 01 4 13
2013 01 03 01 4 12
2012 12 30 52 7 14
2012 12 30 52 7 14
2012 12 30 52 7 14
2012 12 30 52 7 14
2012 12 30 52 7 14
2012 12 30 52 7 12
2012 12 30 52 7 12
2012 12 30 52 7 12
2012 12 30 52 7 10
2012 12 30 52 7 09
2012 12 29 52 6 11
2012 12 29 52 6 11
2012 12 29 52 6 11
2012 12 29 52 6 10
2012 12 29 52 6 10
2012 12 29 52 6 09
2012 12 29 52 6 09
2012 12 28 52 5 23
2012 12 28 52 5 23
2012 12 28 52 5 23
2012 12 28 52 5 23
2012 12 28 52 5 23
2012 12 28 52 5 23
2012 12 28 52 5 20
2012 12 26 52 3 07
2012 12 26 52 3 07
2012 12 26 52 3 07
2012 12 26 52 3 07
2012 12 25 52 2 21
2012 12 25 52 2 00
2012 12 25 52 2 00
2012 12 24 52 1 19
2012 12 24 52 1 19
2012 12 23 51 7 13
2012 12 18 51 2 16
2012 12 09 49 7 18
2012 12 09 49 7 18
2012 12 09 49 7 17
2012 12 09 49 7 15
2012 12 09 49 7 10
2012 11 29 48 4 10
2012 11 28 48 3 11
2012 11 27 48 2 21
2012 11 27 48 2 21
2012 11 27 48 2 21
2012 11 26 48 1 20
2012 11 26 48 1 09
2012 11 24 47 6 12
2012 11 24 47 6 12
2012 11 24 47 6 12
2012 11 24 47 6 12
2012 11 24 47 6 12
2012 11 24 47 6 10
2012 11 24 47 6 10
2012 11 14 46 3 13
2012 11 14 46 3 13
2012 11 14 46 3 12
2012 11 14 46 3 12
2012 11 14 46 3 11
2012 11 14 46 3 11
2012 11 13 46 2 23
2012 11 13 46 2 23
2012 11 13 46 2 22
2012 11 13 46 2 19
2012 11 13 46 2 19
2012 11 13 46 2 18
2012 11 13 46 2 15
2012 11 13 46 2 15
2012 11 13 46 2 15
2012 11 13 46 2 15
2012 11 11 45 7 13
2012 11 07 45 3 17
2012 11 07 45 3 16
2012 11 07 45 3 04
2012 11 04 44 7 21
2012 11 04 44 7 20
2012 11 04 44 7 17
2012 11 04 44 7 17
2012 11 04 44 7 17
2012 11 04 44 7 17
2012 11 04 44 7 16
2012 11 04 44 7 16
2012 11 04 44 7 16
2012 11 03 44 6 21
2012 11 03 44 6 21
2012 11 03 44 6 12
2012 11 03 44 6 12
2012 11 03 44 6 11
2012 11 03 44 6 10
2012 11 02 44 5 21
2012 11 02 44 5 21
2012 11 02 44 5 20
2012 11 01 44 4 23
2012 11 01 44 4 23
2012 11 01 44 4 22
2012 11 01 44 4 22
2012 11 01 44 4 22
2012 11 01 44 4 22
2012 10 29 44 1 07
2012 10 29 44 1 07
2012 10 29 44 1 07
2012 10 29 44 1 03
2012 10 28 43 7 20
2012 10 28 43 7 19
2012 10 22 43 1 19
2012 10 19 42 5 18
2012 10 17 42 3 21
2012 10 14 41 7 14
2012 10 14 41 7 14
2012 10 13 41 6 18
2012 10 13 41 6 01
2012 10 13 41 6 01
2012 10 14 41 7 12
2012 10 14 41 7 12
2012 10 14 41 7 12
2012 10 14 41 7 11
2012 10 14 41 7 10
2012 10 14 41 7 09
2012 10 14 41 7 09
2012 10 13 41 6 00
2012 10 13 41 6 01
2012 10 12 41 5 22
2012 10 12 41 5 22
2012 10 09 41 2 16
2012 10 09 41 2 16
2012 09 30 39 7 09
2012 09 30 39 7 09
2012 09 24 39 1 12
2012 09 24 39 1 12
2012 09 24 39 1 08
2012 09 24 39 1 08
2012 09 24 39 1 07
2012 09 24 39 1 07
2012 09 24 39 1 07
2012 09 24 39 1 06
2012 09 23 38 7 16
2012 09 22 38 6 21
2012 09 22 38 6 18
2012 09 22 38 6 18
2012 09 22 38 6 15
2012 09 22 38 6 15
2012 09 22 38 6 15
2012 09 22 38 6 15
2012 09 17 38 1 22
2012 09 16 37 7 18
2012 09 09 36 7 20
2012 09 11 37 2 19
2012 09 11 37 2 17
2012 09 11 37 2 13
2012 08 31 35 5 11
2012 08 31 35 5 11
2012 08 31 35 5 11
2012 08 31 35 5 11
2012 08 31 35 5 10
2012 08 30 35 4 14
2012 08 30 35 4 14
2012 08 30 35 4 14
2012 08 30 35 4 10
2012 08 30 35 4 10
2012 08 30 35 4 10
2012 08 25 34 6 15
2012 08 25 34 6 10
2012 08 25 34 6 10
2012 08 25 34 6 09
2012 08 17 33 5 02
2012 08 11 32 6 19
2012 08 11 32 6 19
2012 08 11 32 6 19
2012 08 11 32 6 00
2012 08 11 32 6 10
2012 08 05 31 7 12
2012 08 05 31 7 12
2012 08 04 31 6 11
2012 08 04 31 6 11
2012 07 30 31 1 09
2012 07 30 31 1 07
2012 07 24 30 2 13
2012 07 20 29 5 12
2012 07 13 28 5 23
2012 07 13 28 5 23
2012 07 13 28 5 22
2012 07 13 28 5 17
2012 07 13 28 5 17
2012 07 07 27 6 11
2012 07 07 27 6 11
2012 07 07 27 6 11
2012 07 01 26 7 19
2012 06 28 26 4 11
2012 06 24 25 7 18
2012 06 24 25 7 18
2012 06 24 25 7 18
2012 06 24 25 7 18
2012 06 24 25 7 17
2012 06 24 25 7 16
2012 06 24 25 7 16
2012 06 16 24 6 14
2012 06 10 23 7 21
2012 06 10 23 7 20
2012 06 10 23 7 19
2012 06 10 23 7 12
2012 06 10 23 7 12
2012 06 10 23 7 12
2012 06 09 23 6 14
2012 06 09 23 6 10
2012 06 09 23 6 10
2012 06 09 23 6 10
2012 06 09 23 6 09
2012 06 08 23 5 23
2012 06 08 23 5 22
2012 06 08 23 5 22
2012 06 05 23 2 21
2012 06 05 23 2 20
2012 06 05 23 2 08
2012 05 29 22 2 17
2012 05 29 22 2 17
2012 05 29 22 2 17
2012 05 29 22 2 17
2012 05 29 22 2 07
2012 05 28 22 1 16
2012 05 28 22 1 14
2012 05 28 22 1 14
2012 05 28 22 1 14
2012 05 28 22 1 14
2012 05 28 22 1 14
2012 05 28 22 1 12
2012 05 28 22 1 10
2012 05 28 22 1 10
2012 05 28 22 1 09
2012 05 28 22 1 09
2012 05 28 22 1 09
2012 05 27 21 7 22
2012 05 27 21 7 22
2012 05 27 21 7 22
2012 05 27 21 7 21
2012 05 27 21 7 20
2012 05 27 21 7 17
2012 05 27 21 7 12
2012 05 27 21 7 12
2012 05 27 21 7 12
2012 05 27 21 7 10
2012 05 27 21 7 10
2012 05 27 21 7 10
2012 05 27 21 7 10
2012 05 27 21 7 10
2012 05 27 21 7 10
2012 05 27 21 7 09
2012 05 24 21 4 21
2012 05 06 18 7 15
2012 05 06 18 7 14
2012 05 06 18 7 14
2012 05 06 18 7 13
2012 05 01 18 2 09
2012 04 28 17 6 08
2012 04 28 17 6 08
2012 04 27 17 5 22
2012 04 27 17 5 20
2012 04 27 17 5 20
2012 04 27 17 5 20
2012 04 27 17 5 19
2012 04 27 17 5 19
2012 04 27 17 5 19
2012 04 26 17 4 18
2012 04 24 17 2 08
2012 04 23 17 1 22
2012 04 23 17 1 21
2012 04 23 17 1 21
2012 04 23 17 1 21
2012 04 23 17 1 21
2012 04 23 17 1 20
2012 04 23 17 1 20
2012 04 23 17 1 20
2012 04 23 17 1 20
2012 04 23 17 1 20
2012 04 15 15 7 11
2012 04 15 15 7 11
2012 04 15 15 7 11
2012 04 12 15 4 22
2012 04 12 15 4 22
2012 04 11 15 3 18
2012 04 11 15 3 15
2012 04 11 15 3 14
2012 04 11 15 3 14
2012 04 11 15 3 14
2012 04 11 15 3 14
2012 04 11 15 3 14
2012 04 11 15 3 13
2012 04 08 14 7 10
2012 04 08 14 7 10
2012 04 08 14 7 09
2012 04 08 14 7 09
2012 04 07 14 6 21
2012 04 06 14 5 23
2012 04 06 14 5 23
2012 03 26 13 1 21
2012 03 25 12 7 19
2012 03 25 12 7 19
2012 03 25 12 7 18
2012 03 25 12 7 18
2012 03 24 12 6 22
2012 03 24 12 6 22
2012 03 24 12 6 14
2012 03 24 12 6 14
2012 03 24 12 6 12
2012 03 24 12 6 12
2012 03 17 11 6 11
2012 03 16 11 5 19
2012 03 16 11 5 19
2012 03 16 11 5 19
2012 03 10 10 6 11
2012 03 10 10 6 10
2012 03 10 10 6 10
2012 03 03 09 6 14
2012 03 03 09 6 14
2012 02 21 08 2 20
2012 02 19 07 7 20
2012 02 19 07 7 20
2012 02 19 07 7 18
2012 02 19 07 7 17
2012 02 19 07 7 15
2012 02 19 07 7 12
2012 02 19 07 7 10
2012 02 19 07 7 10
2012 02 19 07 7 10
2012 02 19 07 7 09
2012 02 18 07 6 12
2012 02 18 07 6 12
2012 02 18 07 6 12
2012 02 18 07 6 10
2012 02 18 07 6 10
2012 02 18 07 6 10
2012 02 18 07 6 10
2012 02 15 07 3 07
2012 02 14 07 2 19
2012 02 14 07 2 19
2012 02 14 07 2 19
2012 02 12 06 7 21
2012 02 18 07 6 10
2012 02 18 07 6 10
2012 02 18 07 6 10
2012 02 12 06 7 20
2012 02 12 06 7 20
2012 02 12 06 7 19
2012 02 12 06 7 19
2012 02 12 06 7 17
2012 02 12 06 7 17
2012 02 12 06 7 16
2012 02 12 06 7 16
2012 02 12 06 7 16
2012 02 12 06 7 16
2012 02 12 06 7 08
2012 02 10 06 5 20
2012 02 10 06 5 20
2012 02 05 05 7 17
2012 02 04 05 6 21
2012 02 04 05 6 16
2012 02 04 05 6 16
2012 02 04 05 6 16
2012 02 04 05 6 16
2012 01 31 05 2 19
2012 01 31 05 2 19
2012 01 28 04 6 22
2012 01 28 04 6 22
2012 01 22 03 7 15
2012 01 22 03 7 15
2012 01 20 03 5 17
2012 01 20 03 5 17
2012 01 17 03 2 19
2012 01 17 03 2 19
2012 01 17 03 2 19
2012 01 17 03 2 19
2012 01 15 02 7 20
2012 01 15 02 7 15
2012 01 15 02 7 14
2012 01 15 02 7 13
2012 01 15 02 7 13
2012 01 15 02 7 11
2012 01 15 02 7 10
2012 01 15 02 7 09
2012 01 15 02 7 09
2012 01 14 02 6 13
2012 01 14 02 6 13
2012 01 14 02 6 13
2012 01 14 02 6 12
2012 01 14 02 6 12
2012 01 14 02 6 12
2012 01 14 02 6 12
2012 01 14 02 6 10
2011 09 08 36 4 03
2012 01 09 02 1 22
2012 01 09 02 1 22
2012 01 09 02 1 19
2012 01 09 02 1 19
2012 01 09 02 1 19
2012 01 09 02 1 19
2012 01 09 02 1 18
2012 01 08 01 7 13
2012 01 03 01 2 18
2011 12 27 52 2 11
2011 12 27 52 2 11
2011 12 27 52 2 11
2011 12 15 50 4 00
2011 12 14 50 3 08
2011 12 14 50 3 08
2011 12 14 50 3 08
2011 12 14 50 3 08
2011 12 12 50 1 22
2011 12 12 50 1 22
2011 12 11 49 7 13
2011 12 11 49 7 13
2011 12 11 49 7 13
2011 12 11 49 7 13
2011 12 11 49 7 12
2011 12 10 49 6 14
2011 12 10 49 6 14
2011 12 10 49 6 14
2011 12 10 49 6 14
2011 12 04 48 7 06
2011 11 18 46 5 17
2011 11 16 46 3 13
2011 11 15 46 2 10
2011 11 15 46 2 10
2011 11 15 46 2 10
2011 11 13 45 7 09
2011 11 06 44 7 21
2011 10 31 44 1 10
2011 10 31 44 1 10
2011 10 31 44 1 09
2011 10 31 44 1 09
2011 10 31 44 1 09
2011 10 31 44 1 09
2011 10 31 44 1 09
2011 10 16 41 7 22
2011 10 16 41 7 22
2011 10 16 41 7 22
2011 10 16 41 7 22
2011 10 16 41 7 22
2011 10 16 41 7 22
2011 10 16 41 7 21
2011 10 16 41 7 21
2011 10 16 41 7 21
2011 10 16 41 7 21
2011 10 15 41 6 14
2011 10 15 41 6 14
2011 10 05 40 3 02
2011 09 25 38 7 11
2011 09 25 38 7 11
2011 09 25 38 7 11
2011 09 25 38 7 11
2011 09 25 38 7 11
2011 09 25 38 7 11
2011 09 25 38 7 10
2011 09 25 38 7 10
2011 09 09 36 5 01
2011 09 09 36 5 01
2011 09 08 36 4 15
2011 09 06 36 2 07
2011 09 04 35 7 12
2011 09 04 35 7 12
2011 09 04 35 7 12
2011 09 04 35 7 11
2011 08 30 35 2 17
2011 08 30 35 2 17
2011 08 28 34 7 16
2011 08 28 34 7 16
2011 08 22 34 1 00
2011 08 15 33 1 15
2011 08 15 33 1 13
2011 08 12 32 5 10
2011 08 11 32 4 01
2011 08 11 32 4 00
2011 08 07 31 7 17
2011 08 04 31 4 01
2011 08 04 31 4 01
2011 08 04 31 4 01
2011 08 04 31 4 01
2011 08 01 31 1 08
2011 07 31 30 7 18
2011 07 31 30 7 17
2011 07 29 30 5 09
2011 07 27 30 3 22
2011 07 27 30 3 22
2011 07 27 30 3 22
2011 07 27 30 3 22
2011 07 27 30 3 22
2011 07 27 30 3 22
2011 07 27 30 3 21
2011 07 27 30 3 20
2011 07 27 30 3 20
2011 07 27 30 3 20
2011 07 26 30 2 22
2011 07 26 30 2 22
2011 07 26 30 2 22
2011 07 26 30 2 21
2011 07 26 30 2 21
2011 07 26 30 2 21
2011 07 26 30 2 21
2011 07 26 30 2 21
2011 07 26 30 2 20
2011 07 26 30 2 20
2011 07 24 29 7 05
2011 07 26 30 2 19
2011 07 26 30 2 19
2011 07 26 30 2 19
2011 07 24 29 7 15
2011 07 24 29 7 15
2011 07 24 29 7 15
2011 07 24 29 7 15
2011 07 24 29 7 14
2011 07 24 29 7 11
2011 07 24 29 7 11
2011 07 24 29 7 11
2011 07 21 29 4 17
2011 07 21 29 4 21
2011 07 21 29 4 13
2011 07 21 29 4 12
2011 07 21 29 4 12
2011 07 21 29 4 12
2011 07 17 28 7 15
2011 07 17 28 7 11
2011 07 17 28 7 11
2011 07 17 28 7 11
2011 07 17 28 7 10
2011 07 17 28 7 10
2011 07 17 28 7 10
2011 07 17 28 7 10
2011 07 17 28 7 10
2011 07 17 28 7 10
2011 07 16 28 6 21
2011 07 16 28 6 21
2011 07 16 28 6 20
2011 07 16 28 6 18
2011 07 16 28 6 18
2011 07 16 28 6 17
2011 07 16 28 6 16
2011 07 14 28 4 10
2011 07 10 27 7 21
2011 07 10 27 7 20
2011 07 10 27 7 13
2011 07 09 27 6 20
2011 07 09 27 6 18
2011 07 09 27 6 18
2011 07 09 27 6 18
2011 07 09 27 6 18
2011 07 09 27 6 14
2011 07 08 27 5 19
2011 07 08 27 5 19
2011 07 05 27 2 07
2011 07 03 26 7 23
2011 07 03 26 7 23
2011 07 03 26 7 21
2011 07 03 26 7 19
2011 07 03 26 7 18
2011 07 03 26 7 17
2011 07 03 26 7 17
2011 07 03 26 7 17
2011 07 03 26 7 11
2011 07 03 26 7 10
2011 07 01 26 5 05
2011 06 30 26 4 08
2011 06 30 26 4 08
2011 06 30 26 4 08
2011 06 30 26 4 08
2011 06 29 26 3 22
2011 06 29 26 3 21
2011 06 29 26 3 21
2011 06 29 26 3 21
2011 06 29 26 3 20
2011 06 28 26 2 22
2011 06 28 26 2 22
2011 06 28 26 2 20
2011 06 28 26 2 20
2011 06 28 26 2 20
2011 06 25 25 6 18
2011 06 25 25 6 18
2011 06 25 25 6 17
2011 06 25 25 6 17
2011 06 25 25 6 16
2011 06 25 25 6 16
2011 06 25 25 6 15
2011 06 25 25 6 15
2011 06 25 25 6 14
2011 06 25 25 6 14
2011 06 25 25 6 13
2011 06 25 25 6 13
2011 06 25 25 6 13
2011 06 24 25 5 21
2011 06 24 25 5 20
2011 06 24 25 5 20
2011 06 22 25 3 21
2011 06 21 25 2 21
2011 06 21 25 2 20
2011 06 20 25 1 21
2011 06 20 25 1 20
2011 06 20 25 1 19
2011 06 20 25 1 19
2011 06 20 25 1 19
2011 06 20 25 1 19
2011 06 19 24 7 22
2011 06 19 24 7 21
2011 06 19 24 7 17
2011 06 18 24 6 23
2011 06 18 24 6 19
2011 06 18 24 6 10
2011 06 18 24 6 10
2011 06 17 24 5 23
2011 06 17 24 5 22
2011 06 17 24 5 21
2011 06 17 24 5 21
2011 06 17 24 5 21
2011 06 17 24 5 20
2011 06 17 24 5 20
2011 06 17 24 5 20
2011 06 13 24 1 16
2011 06 13 24 1 16
2011 06 13 24 1 10
2011 06 12 23 7 21
2011 06 12 23 7 21
2011 06 12 23 7 20
2011 06 12 23 7 20
2011 06 12 23 7 20
2011 06 12 23 7 20
2011 06 12 23 7 20
2011 06 12 23 7 18
2011 06 12 23 7 14
2011 06 12 23 7 14
2011 06 12 23 7 14
2011 06 11 23 6 20
2011 06 11 23 6 20
2011 06 11 23 6 09
2011 06 10 23 5 08
2011 06 10 23 5 08
2011 06 10 23 5 08
2011 06 10 23 5 08
2011 06 10 23 5 08
2011 06 05 22 7 19
2011 06 05 22 7 19
2011 06 05 22 7 19
2011 06 05 22 7 17
2011 06 05 22 7 17
2011 06 05 22 7 17
2011 06 05 22 7 17
2011 06 05 22 7 17
2011 06 05 22 7 17
2011 06 05 22 7 16
2011 06 05 22 7 16
2011 06 05 22 7 15
2011 06 05 22 7 15
2011 06 05 22 7 14
2011 06 05 22 7 13
2011 06 05 22 7 13
2011 06 05 22 7 12
2011 06 05 22 7 09
2011 06 04 22 6 23
2011 06 04 22 6 22
2011 06 04 22 6 21
2011 05 29 21 7 20
2011 05 29 21 7 20
2011 05 23 21 1 22
2011 05 23 21 1 22
2011 05 23 21 1 22
2011 05 23 21 1 22
2011 05 23 21 1 22
2011 05 23 21 1 22
2011 05 23 21 1 22
2011 05 23 21 1 22
2011 05 23 21 1 22
2011 05 23 21 1 19
2011 05 22 20 7 14
2011 05 22 20 7 14
2011 05 21 20 6 17
2011 05 21 20 6 16
2011 05 21 20 6 00
2011 05 20 20 5 23
2011 05 20 20 5 18
2011 05 20 20 5 18
2011 05 20 20 5 18
2011 05 20 20 5 18
2011 05 20 20 5 18
2011 05 20 20 5 18
2011 05 20 20 5 18
2011 05 20 20 5 18
2011 05 20 20 5 17
2011 05 15 19 7 13
2011 05 15 19 7 12
2011 05 15 19 7 12
2011 05 15 19 7 09
2011 05 14 19 6 22
2011 05 14 19 6 21
2011 05 14 19 6 20
2011 05 14 19 6 18
2011 05 14 19 6 18
2011 05 14 19 6 17
2011 05 14 19 6 15
2011 05 14 19 6 14
2011 05 14 19 6 14
2011 05 14 19 6 12
2011 05 14 19 6 11
2011 05 14 19 6 10
2011 05 14 19 6 10
2011 05 12 19 4 19
2011 05 12 19 4 19
2011 05 12 19 4 19
2011 05 12 19 4 19
2011 05 12 19 4 19
2011 05 11 19 3 22
2011 05 11 19 3 22
2011 05 04 18 3 21
2011 05 04 18 3 21
2011 05 04 18 3 21
2011 05 04 18 3 20
2011 05 04 18 3 20
2011 05 03 18 2 21
2011 05 03 18 2 21
2011 05 03 18 2 20
2011 04 21 16 4 18
2011 02 13 06 7 09
2011 02 06 05 7 11
2011 02 06 05 7 11
2011 02 06 05 7 11
2011 02 06 05 7 11
2011 01 08 01 6 22
2011 01 08 01 6 21
2010 12 18 50 6 15
2010 12 18 50 6 12
2010 11 28 47 7 16
2010 11 28 47 7 16
2010 11 28 47 7 14
2010 11 28 47 7 11
2010 11 28 47 7 11
2010 11 28 47 7 11
2010 11 21 46 7 17
2010 11 21 46 7 17
2010 11 21 46 7 17
2010 11 21 46 7 17
2010 11 21 46 7 17
2010 11 21 46 7 16
2010 11 21 46 7 15
2010 11 21 46 7 15
2010 11 11 45 4 13
2010 11 07 44 7 13
2010 11 07 44 7 10
2010 10 31 43 7 11
2010 10 31 43 7 11
2010 10 31 43 7 11
2010 10 31 43 7 11
2010 10 31 43 7 11
2010 10 03 39 7 13
2010 10 03 39 7 12
2010 10 03 39 7 11
2010 09 19 37 7 11
2010 09 19 37 7 11
2010 09 17 37 5 18
2010 09 12 36 7 14
2010 09 12 36 7 14
2010 08 30 35 1 11
2010 08 30 35 1 08
2010 08 29 34 7 09
2010 08 24 34 2 10
2010 08 24 34 2 10
2010 08 24 34 2 10
2010 08 24 34 2 10
2010 08 18 33 3 15
2010 08 18 33 3 15
2010 08 18 33 3 12
2010 08 17 33 2 19
2010 08 17 33 2 19
2010 08 17 33 2 19
2010 08 17 33 2 19
2010 08 17 33 2 18
2010 08 17 33 2 18
2010 08 16 33 1 11
2010 08 16 33 1 11
2010 08 16 33 1 11
2010 08 15 32 7 12
2010 08 15 32 7 12
2010 08 15 32 7 11
2010 08 15 32 7 11
2010 08 15 32 7 10
2010 08 15 32 7 10
2010 08 12 32 4 12
2010 08 11 32 3 14
2010 08 09 32 1 15
2010 08 07 31 6 10
2010 08 06 31 5 10
2010 08 05 31 4 11
2010 08 04 31 3 11
2010 08 04 31 3 11
2010 07 30 30 5 15
2010 07 29 30 4 12
2010 07 26 30 1 21
2010 07 25 29 7 12
2010 07 25 29 7 12
2010 07 25 29 7 12
2010 07 24 29 6 18
2010 07 18 28 7 10
2010 07 16 28 5 17
2010 07 09 27 5 17
2010 07 09 27 5 17
2010 07 09 27 5 17
2010 07 04 26 7 12
2010 07 04 26 7 12
2010 07 04 26 7 12
2010 06 13 23 7 11
2010 06 13 23 7 11
2010 06 13 23 7 11
2010 06 13 23 7 10
2010 06 13 23 7 10
2010 06 13 23 7 10
2010 06 13 23 7 10
2010 06 13 23 7 10
2010 06 13 23 7 10
2010 06 13 23 7 00
2010 06 12 23 6 23
2010 06 12 23 6 23
2010 06 12 23 6 23
2010 06 12 23 6 13
2010 06 12 23 6 11
2010 06 12 23 6 11
2010 06 12 23 6 11
2010 06 12 23 6 11
2010 06 12 23 6 11
2010 06 12 23 6 11
2010 06 12 23 6 10
2010 06 12 23 6 10
2010 06 10 23 4 13
2010 06 10 23 4 13
2010 06 10 23 4 13
2010 06 10 23 4 13
2010 06 06 22 7 10
2010 06 05 22 6 10
2010 06 05 22 6 10
2010 06 05 22 6 10
2010 06 04 22 5 15
2010 06 04 22 5 14
2010 06 04 22 5 14
2010 06 04 22 5 13
2010 05 26 21 3 11
2010 05 21 20 5 16
2010 05 16 19 7 21
2010 05 16 19 7 20
2010 05 16 19 7 19
2010 05 16 19 7 14
2010 05 16 19 7 13
2010 05 16 19 7 13
2010 05 16 19 7 13
2010 05 16 19 7 13
2010 05 16 19 7 13
2010 05 16 19 7 13
2010 05 16 19 7 13
2010 05 16 19 7 13
2010 05 16 19 7 13
2010 05 16 19 7 13
2010 05 16 19 7 12
2010 05 16 19 7 12
2010 05 16 19 7 12
2010 05 16 19 7 12
2010 05 16 19 7 12
2010 05 16 19 7 12
2010 05 16 19 7 11
2010 05 15 19 6 22
2010 05 11 19 2 10
2010 05 10 19 1 13
2010 05 10 19 1 13
2010 05 10 19 1 13
2010 05 10 19 1 13
2010 05 10 19 1 13
2010 05 10 19 1 13
2010 05 10 19 1 12
2010 05 10 19 1 12
2010 05 10 19 1 12
2010 05 10 19 1 11
2010 05 09 18 7 16
2010 05 09 18 7 15
2010 05 09 18 7 14
2010 05 09 18 7 14
2010 05 09 18 7 14
2010 05 09 18 7 14
2010 05 09 18 7 13
2010 05 09 18 7 12
2010 05 08 18 6 12
2010 05 08 18 6 12
2010 05 07 18 5 21
2010 05 07 18 5 20
2010 05 02 17 7 21
2010 05 02 17 7 21
2010 05 02 17 7 20
2010 05 02 17 7 20
2010 05 02 17 7 19
2010 05 02 17 7 18
2010 05 02 17 7 18
2010 05 02 17 7 18
2010 05 02 17 7 18
2010 05 02 17 7 17
2010 05 01 17 6 23
2010 05 01 17 6 23
2010 05 01 17 6 19
2010 05 01 17 6 19
2010 05 01 17 6 18
2010 05 01 17 6 18
2010 05 01 17 6 18
2010 05 01 17 6 18
2010 05 01 17 6 13
2010 05 01 17 6 11
2010 05 01 17 6 11
2010 05 01 17 6 11
2010 05 01 17 6 11
2010 05 01 17 6 11
2010 05 01 17 6 10
2010 05 01 17 6 10
2010 05 01 17 6 10
2010 04 25 16 7 10
2010 04 25 16 7 10
2010 04 25 16 7 10
2010 04 24 16 6 10
2010 04 24 16 6 10
2010 04 24 16 6 10
2010 04 24 16 6 10
2010 04 23 16 5 20
2010 04 22 16 4 09
2010 04 21 16 3 09
2010 04 21 16 3 09
2010 04 21 16 3 09
2010 04 21 16 3 09
2010 04 20 16 2 08
2010 04 20 16 2 02
2010 04 20 16 2 00
2010 04 19 16 1 22
2010 04 19 16 1 22
2010 04 19 16 1 21
2010 04 19 16 1 20
2010 04 19 16 1 18
2010 04 19 16 1 18
2010 04 19 16 1 16
2010 04 19 16 1 16
2010 04 19 16 1 15
2010 04 19 16 1 13
2010 04 19 16 1 13
2010 04 19 16 1 13
2010 04 19 16 1 13
2010 04 19 16 1 02
2010 04 18 15 7 20
2010 04 18 15 7 20
2010 04 18 15 7 10
2010 04 16 15 5 23
2010 04 16 15 5 14
2010 04 16 15 5 14
2010 04 16 15 5 13
2010 04 16 15 5 13
2010 04 16 15 5 12
2010 04 16 15 5 11
2010 04 15 15 4 12
2010 04 15 15 4 12
2010 04 14 15 3 10
2010 04 14 15 3 10
2010 04 14 15 3 10
2010 04 14 15 3 09
2010 04 14 15 3 09
2010 04 13 15 2 22
2010 04 13 15 2 22
2010 04 13 15 2 18
2010 04 13 15 2 14
2010 04 13 15 2 14
2010 04 13 15 2 13
2010 04 13 15 2 12
2010 04 13 15 2 11
2010 04 13 15 2 11
2010 04 13 15 2 11
2010 04 13 15 2 11
2010 04 13 15 2 11
2010 04 13 15 2 11
2010 04 13 15 2 11
2010 04 13 15 2 11
2010 04 13 15 2 10
2010 04 13 15 2 10
2010 04 13 15 2 10
2010 04 12 15 1 22
2010 04 12 15 1 22
2010 04 12 15 1 22
2010 04 12 15 1 19
2010 04 12 15 1 10
2010 04 12 15 1 10
2010 04 11 14 7 20
2010 04 11 14 7 19
2010 04 11 14 7 19
2010 04 11 14 7 14
2010 04 11 14 7 14
2010 04 11 14 7 14
2010 04 11 14 7 14
2010 04 11 14 7 14
2010 04 11 14 7 14
2010 04 11 14 7 13
2010 04 11 14 7 13
2010 04 11 14 7 13
2010 04 11 14 7 13
2010 04 11 14 7 12
2010 04 11 14 7 11
2010 04 11 14 7 11
2010 04 11 14 7 11
2010 04 08 14 4 21
2010 04 07 14 3 11
2010 04 07 14 3 11
2010 04 07 14 3 11
2010 04 06 14 2 13
2010 04 06 14 2 13
2010 04 06 14 2 13
2010 04 05 14 1 11
2010 04 05 14 1 11
2010 04 05 14 1 11
2010 04 05 14 1 11
2010 04 03 13 6 19
2010 04 03 13 6 18
2010 04 03 13 6 16
2010 04 03 13 6 16
2010 04 03 13 6 16
2010 04 03 13 6 14
2010 04 03 13 6 14
2010 04 03 13 6 14
2010 04 03 13 6 12
2010 04 03 13 6 12
2010 04 02 13 5 18
2010 04 02 13 5 18
2010 03 28 12 7 20
2010 03 28 12 7 20
2010 03 28 12 7 16
2010 03 28 12 7 14
2010 03 28 12 7 14
2010 03 28 12 7 14
2010 03 28 12 7 14
2010 03 28 12 7 14
2010 03 28 12 7 13
2010 03 28 12 7 11
2010 03 28 12 7 11
2010 03 28 12 7 10
2010 03 28 12 7 10
2010 03 27 12 6 22
2010 03 27 12 6 22
2010 03 27 12 6 22
2010 03 27 12 6 22
2010 03 27 12 6 22
2010 03 27 12 6 22
2010 03 25 12 4 20
2010 03 23 12 2 12
2010 03 23 12 2 12
2010 03 23 12 2 11
2010 03 23 12 2 11
2010 03 23 12 2 11
2010 03 22 12 1 16
2010 03 22 12 1 13
2010 03 22 12 1 13
2010 03 22 12 1 12
2010 03 22 12 1 12
2010 03 22 12 1 11
2010 03 22 12 1 11
2010 03 22 12 1 11
2010 03 22 12 1 11
2010 03 19 11 5 16
2010 03 19 11 5 15
2010 03 19 11 5 10
2010 03 18 11 4 19
2010 03 18 11 4 19
2010 03 15 11 1 08
2010 03 15 11 1 08
2010 03 15 11 1 08
2010 03 14 10 7 23
2010 03 14 10 7 23
2010 03 14 10 7 23
2010 03 14 10 7 18
2010 03 14 10 7 18
2010 03 14 10 7 18
2010 03 14 10 7 18
2010 03 12 10 5 21
2010 03 12 10 5 21
2010 03 11 10 4 12
2010 03 11 10 4 12
2010 03 11 10 4 12
2010 03 11 10 4 10
2010 03 11 10 4 09
2010 03 11 10 4 09
2010 03 11 10 4 09
2010 03 10 10 3 23
2010 03 10 10 3 23
2010 03 10 10 3 07
2010 03 08 10 1 10
2010 03 07 09 7 13
2010 03 07 09 7 13
2010 03 07 09 7 13
2010 03 07 09 7 13
2010 03 07 09 7 13
2010 03 07 09 7 13
2010 03 05 09 5 18
2010 03 05 09 5 18
2010 03 05 09 5 18
2010 03 05 09 5 18
2010 03 05 09 5 18
2010 03 05 09 5 18
2010 03 05 09 5 12
2010 03 05 09 5 12
2010 03 05 09 5 12
2010 03 05 09 5 12
2010 03 01 09 1 12
2010 03 01 09 1 12
2010 03 01 09 1 12
2010 03 01 09 1 10
2010 03 01 09 1 09
2010 03 01 09 1 09
2010 02 28 08 7 18
2010 02 28 08 7 18
2010 02 28 08 7 18
2010 02 28 08 7 18
2010 02 28 08 7 18
2010 02 28 08 7 18
2010 02 28 08 7 18
2010 02 28 08 7 18
2010 02 28 08 7 17
2010 02 28 08 7 17
2010 02 28 08 7 17
2010 02 28 08 7 17
2010 02 28 08 7 16
2010 02 28 08 7 16
2010 02 28 08 7 16
2010 02 28 08 7 16
2010 02 28 08 7 16
2010 02 28 08 7 16
2010 02 28 08 7 15
2010 02 28 08 7 15
2010 02 28 08 7 14
2010 02 28 08 7 14
2010 02 28 08 7 14
2010 02 28 08 7 14
2010 02 28 08 7 14
2010 02 28 08 7 14
2010 02 28 08 7 11
2010 02 28 08 7 11
2010 02 28 08 7 11
2010 02 28 08 7 11
2010 02 28 08 7 11
2010 02 27 08 6 20
2010 02 27 08 6 20
2010 02 26 08 5 10
2010 02 26 08 5 10
2010 02 25 08 4 16
2010 02 25 08 4 14
2010 02 24 08 3 23
2010 02 24 08 3 23
2010 02 24 08 3 23
2010 02 24 08 3 20
2010 02 24 08 3 19
2010 02 24 08 3 19
2010 02 24 08 3 19
2010 02 24 08 3 17
2010 02 24 08 3 17
2010 02 24 08 3 16
2010 02 24 08 3 16
2010 02 24 08 3 15
2010 02 24 08 3 15
2010 02 24 08 3 15
2010 02 23 08 2 19
2010 02 23 08 2 11
2010 02 22 08 1 11
2010 02 22 08 1 11
2010 02 22 08 1 11
2010 02 21 07 7 20
2010 02 21 07 7 20
2010 02 21 07 7 20
2010 02 21 07 7 20
2010 02 21 07 7 19
2010 02 20 07 6 22
2010 02 20 07 6 22
2010 02 20 07 6 13
2010 02 19 07 5 13
2010 02 19 07 5 13
2010 02 18 07 4 18
2010 02 16 07 2 11
2010 02 16 07 2 10
2010 02 15 07 1 14
2010 02 15 07 1 14
2010 02 15 07 1 11
2010 02 15 07 1 11
2010 02 15 07 1 11
2010 02 15 07 1 11
2010 02 10 06 3 21
2010 02 10 06 3 10
2010 02 10 06 3 10
2010 02 10 06 3 10
2010 02 10 06 3 10
2010 02 09 06 2 20
2010 02 08 06 1 13
2010 02 07 05 7 23
2010 02 07 05 7 23
2010 02 07 05 7 23
2010 02 07 05 7 23
2010 02 07 05 7 23
2010 02 07 05 7 23
2010 02 07 05 7 18
2010 02 07 05 7 18
2010 02 07 05 7 17
2010 02 07 05 7 15
2010 02 07 05 7 15
2010 02 07 05 7 14
2010 02 07 05 7 14
2010 02 07 05 7 14
2010 02 07 05 7 14
2010 02 07 05 7 14
2010 02 07 05 7 13
2010 02 07 05 7 13
2010 02 07 05 7 12
2010 02 04 05 4 09
2010 02 04 05 4 09
2010 02 01 05 1 13
2010 02 01 05 1 12
2010 02 01 05 1 12
2010 02 01 05 1 12
2010 02 01 05 1 11
2010 02 01 05 1 10
2010 02 01 05 1 10
2010 02 01 05 1 10
2010 02 01 05 1 10
2010 02 01 05 1 10
2010 02 01 05 1 09
2010 02 01 05 1 09
2010 01 31 04 7 20
2010 01 31 04 7 20
2010 01 31 04 7 19
2010 01 31 04 7 19
2010 01 31 04 7 19
2010 01 31 04 7 19
2010 01 31 04 7 19
2010 01 31 04 7 18
2010 01 31 04 7 18
2010 01 31 04 7 18
2010 01 31 04 7 18
2010 01 31 04 7 18
2010 01 31 04 7 17
2010 01 30 04 6 12
2010 01 30 04 6 12
2010 01 30 04 6 12
2010 01 30 04 6 12
2010 01 30 04 6 11
2010 01 30 04 6 11
2010 01 30 04 6 10
2010 01 30 04 6 10
2010 01 30 04 6 10
2010 01 30 04 6 10
2010 01 29 04 5 11
2010 01 29 04 5 11
2010 01 27 04 3 23
2010 01 27 04 3 23
2010 01 27 04 3 23
2010 01 27 04 3 23
2010 01 27 04 3 19
2010 01 22 03 5 13
2010 01 22 03 5 13
2010 01 18 03 1 10
2010 01 18 03 1 09
2010 01 18 03 1 09
2010 01 18 03 1 09
2010 01 17 02 7 22
2010 01 17 02 7 21
2010 01 17 02 7 19
2010 01 17 02 7 17
2010 01 17 02 7 17
2010 01 17 02 7 17
2010 01 17 02 7 12
2010 01 17 02 7 12
2010 01 17 02 7 11
2010 01 17 02 7 11
2010 01 17 02 7 11
2010 01 17 02 7 11
2010 01 17 02 7 11
2010 01 16 02 6 23
2010 01 16 02 6 20
2010 01 16 02 6 20
2010 01 16 02 6 20
2010 01 16 02 6 19
2010 01 16 02 6 19
2010 01 16 02 6 18
2010 01 16 02 6 17
2010 01 16 02 6 17
2010 01 16 02 6 17
2010 01 16 02 6 14
2010 01 16 02 6 14
2010 01 15 02 5 16
2010 01 15 02 5 16
2010 01 15 02 5 16
2010 01 15 02 5 16
2010 01 15 02 5 16
2010 01 15 02 5 16
2010 01 15 02 5 14
2010 01 15 02 5 14
2010 01 15 02 5 14
2010 01 15 02 5 12
2010 01 15 02 5 12
2010 01 13 02 3 17
2010 01 13 02 3 17
2010 01 13 02 3 16
2010 01 13 02 3 16
2010 01 13 02 3 16
2010 01 10 01 7 22
2010 01 10 01 7 11
2010 01 09 01 6 13
2010 01 08 01 5 20
2010 01 08 01 5 20
2010 01 08 01 5 10
2010 01 08 01 5 10
2010 01 08 01 5 10
2010 01 08 01 5 10
2010 01 08 01 5 10
2010 01 08 01 5 09
2010 01 07 01 4 13
2010 01 07 01 4 11
2010 01 07 01 4 11
2010 01 07 01 4 10
2010 01 07 01 4 10
2010 01 07 01 4 10
2010 01 03 53 7 15
2009 12 22 52 2 21
2009 12 22 52 2 21
2009 12 22 52 2 21
2009 12 10 50 4 14
2009 12 07 50 1 11
2009 12 06 49 7 15
2009 12 06 49 7 15
2009 11 24 48 2 09
2009 11 24 48 2 09
2009 11 23 48 1 15
2009 11 23 48 1 14
2009 11 23 48 1 14
2009 11 23 48 1 13
2009 11 23 48 1 13
2009 11 23 48 1 13
2009 11 23 48 1 13
2009 11 23 48 1 13
2009 11 23 48 1 13
2009 11 21 47 6 11
2009 11 17 47 2 16
2009 11 17 47 2 16
2009 11 17 47 2 16
2009 11 17 47 2 15
2009 11 17 47 2 12
2009 11 16 47 1 17
2009 11 16 47 1 17
2009 11 16 47 1 17
2009 11 16 47 1 16
2009 11 16 47 1 16
2009 11 16 47 1 16
2009 11 14 46 6 13
2009 11 14 46 6 13
2009 11 14 46 6 13
2009 11 07 45 6 14
2009 11 07 45 6 10
2009 11 07 45 6 10
2009 11 06 45 5 23
2009 11 02 45 1 00
2009 11 02 45 1 00
2009 11 02 45 1 00
2009 11 02 45 1 00
2009 11 01 44 7 23
2009 10 27 44 2 11
2009 10 26 44 1 21
2009 10 26 44 1 21
2009 10 26 44 1 21
2009 10 26 44 1 20
2009 10 26 44 1 20
2009 10 26 44 1 20
2009 10 26 44 1 20
2009 10 26 44 1 20
2009 10 19 43 1 13
2009 10 06 41 2 21
2009 10 06 41 2 21
2009 10 06 41 2 13
2009 10 05 41 1 18
2009 10 05 41 1 18
2009 10 05 41 1 18
2009 10 02 40 5 16
2009 10 02 40 5 13
2009 10 02 40 5 13
2009 10 02 40 5 13
2009 10 02 40 5 13
2009 09 28 40 1 10
2009 09 27 39 7 21
2009 09 27 39 7 21
2009 09 27 39 7 21
2009 09 27 39 7 21
2009 09 27 39 7 20
2009 09 27 39 7 20
2009 09 27 39 7 20
2009 09 27 39 7 20
2009 09 27 39 7 20
2009 09 27 39 7 20
2009 09 27 39 7 20
2009 09 27 39 7 20
2009 09 20 38 7 21
2009 09 19 38 6 11
2009 09 19 38 6 11
2009 09 19 38 6 11
2009 09 19 38 6 11
2009 09 19 38 6 11
2009 09 19 38 6 10
2009 09 19 38 6 10
2009 09 19 38 6 10
2009 09 02 36 3 20
2009 08 29 35 6 19
2009 08 29 35 6 18
2009 08 29 35 6 14
2009 08 23 34 7 11
2009 08 23 34 7 11
2009 08 18 34 2 20
2009 08 15 33 6 11
2009 08 15 33 6 11
2009 08 14 33 5 19
2009 08 10 33 1 20
2009 08 10 33 1 20
2009 08 10 33 1 20
2009 08 09 32 7 17
2009 08 09 32 7 16
2009 08 09 32 7 16
2009 08 09 32 7 12
2009 08 09 32 7 12
2009 08 08 32 6 21
2009 08 08 32 6 21
2009 08 08 32 6 21
2009 08 08 32 6 21
2009 08 08 32 6 21
2009 08 08 32 6 14
2009 08 08 32 6 14
2009 08 08 32 6 14
2009 08 08 32 6 14
2009 08 08 32 6 12
2009 08 07 32 5 20
2009 08 07 32 5 20
2009 08 07 32 5 20
2009 08 04 32 2 21
2009 08 04 32 2 19
2009 07 30 31 4 09
2009 07 30 31 4 09
2009 07 26 30 7 15
2009 07 26 30 7 15
2009 07 26 30 7 15
2009 07 25 30 6 15
2009 07 24 30 5 11
2009 07 21 30 2 11
2009 07 20 30 1 10
2009 07 20 30 1 09
2009 07 20 30 1 09
2009 07 20 30 1 09
2009 07 18 29 6 14
2009 07 18 29 6 13
2009 07 18 29 6 13
2009 07 18 29 6 13
2009 07 18 29 6 12
2009 07 18 29 6 12
2009 07 18 29 6 12
2009 07 18 29 6 11
2009 07 17 29 5 17
2009 07 17 29 5 17
2009 07 17 29 5 17
2009 07 17 29 5 16
2009 07 17 29 5 15
2009 07 17 29 5 14
2009 07 17 29 5 14
2009 07 17 29 5 14
2009 07 17 29 5 14
2009 07 17 29 5 13
2009 07 17 29 5 11
2009 07 13 29 1 22
2009 07 13 29 1 22
2009 07 11 28 6 20
2009 07 11 28 6 10
2009 07 11 28 6 10
2009 07 08 28 3 13
2009 07 08 28 3 13
2009 07 08 28 3 13
2009 07 08 28 3 13
2009 07 08 28 3 13
2009 07 07 28 2 21
2009 07 07 28 2 21
2009 07 07 28 2 21
2009 07 07 28 2 20
2009 07 07 28 2 19
2009 07 07 28 2 19
2009 07 07 28 2 19
2009 07 07 28 2 19
2009 07 07 28 2 19
2009 07 07 28 2 19
2009 07 07 28 2 12
2009 07 07 28 2 12
2009 07 07 28 2 12
2009 07 06 28 1 14
2009 07 06 28 1 14
2009 07 06 28 1 13
2009 07 05 27 7 15
2009 07 05 27 7 13
2009 07 04 27 6 16
2009 07 04 27 6 16
2009 07 04 27 6 13
2009 07 04 27 6 13
2009 07 04 27 6 10
2009 07 04 27 6 09
2009 07 04 27 6 09
2009 07 04 27 6 09
2009 07 04 27 6 09
2009 07 03 27 5 15
2009 07 03 27 5 15
2009 07 03 27 5 15
2009 07 03 27 5 15
2009 07 03 27 5 15
2009 07 03 27 5 15
2009 07 03 27 5 15
2009 07 03 27 5 13
2009 07 03 27 5 13
2009 07 03 27 5 13
2009 07 03 27 5 12
2009 07 03 27 5 12
2009 06 28 26 7 18
2009 06 28 26 7 17
2009 06 28 26 7 17
2009 06 28 26 7 17
2009 06 28 26 7 17
2009 06 26 26 5 13
2009 06 26 26 5 13
2009 06 25 26 4 15
2009 06 18 25 4 20
2009 06 18 25 4 20
2009 06 18 25 4 20
2009 06 17 25 3 20
2009 06 17 25 3 20
2009 06 17 25 3 11
2009 06 17 25 3 11
2009 06 17 25 3 11
2009 06 17 25 3 11
2009 06 16 25 2 13
2009 06 16 25 2 13
2009 06 16 25 2 13
2009 06 16 25 2 13
2009 06 16 25 2 12
2009 06 16 25 2 12
2009 06 16 25 2 12
2009 06 16 25 2 12
2009 06 16 25 2 12
2009 06 16 25 2 12
2009 06 16 25 2 11
2009 06 16 25 2 11
2009 06 16 25 2 11
2009 06 16 25 2 11
2009 06 05 23 5 16
2009 06 05 23 5 16
2009 06 02 23 2 20
2009 06 02 23 2 20
2009 06 02 23 2 19
2009 06 02 23 2 19
2009 06 02 23 2 19
2009 06 02 23 2 19
2009 06 01 23 1 15
2009 06 01 23 1 15
2009 06 01 23 1 14
2009 06 01 23 1 14
2009 06 01 23 1 14
2009 06 01 23 1 14
2009 06 01 23 1 14
2009 06 01 23 1 14
2009 06 01 23 1 14
2009 06 01 23 1 14
2009 06 01 23 1 14
2009 05 10 19 7 17
2009 05 10 19 7 15
2009 05 10 19 7 12
2009 05 10 19 7 12
2009 05 10 19 7 12
2009 05 10 19 7 12
2009 05 10 19 7 12
2009 05 03 18 7 15
2009 05 03 18 7 14
2009 05 03 18 7 14
2009 05 03 18 7 14
2009 05 03 18 7 14
2009 05 03 18 7 13
2009 05 03 18 7 12
2009 05 02 18 6 22
2009 05 02 18 6 22
2009 05 02 18 6 22
2009 05 02 18 6 22
2009 05 02 18 6 13
2009 05 02 18 6 13
2009 05 02 18 6 13
2009 05 02 18 6 12
2009 05 02 18 6 12
2009 05 02 18 6 12
2009 05 02 18 6 12
2009 05 01 18 5 19
2009 05 01 18 5 14
2009 05 01 18 5 13
2009 05 01 18 5 13
2009 05 01 18 5 12
2009 05 01 18 5 12
2009 05 01 18 5 10
2009 05 01 18 5 09
2009 05 01 18 5 09
2009 05 01 18 5 09
2009 05 01 18 5 08
2009 05 01 18 5 08
2009 04 29 18 3 15
2009 04 29 18 3 11
2009 04 29 18 3 10
2009 04 28 18 2 21
2009 04 28 18 2 20
2009 04 28 18 2 20
2009 04 28 18 2 20
2009 04 28 18 2 20
2009 04 28 18 2 20
2009 04 28 18 2 20
2009 04 28 18 2 19
2009 04 28 18 2 11
2009 04 28 18 2 11
2009 04 28 18 2 11
2009 04 28 18 2 11
2009 04 20 17 1 12
2009 04 19 16 7 15
2009 04 19 16 7 15
2009 04 19 16 7 15
2009 04 19 16 7 10
2009 04 19 16 7 10
2009 04 16 16 4 17
2009 04 16 16 4 11
2009 04 16 16 4 11
2009 04 16 16 4 11
2009 04 16 16 4 11
2009 04 16 16 4 11
2009 04 16 16 4 11
2009 04 16 16 4 10
2009 04 16 16 4 10
2009 04 16 16 4 09
2009 04 16 16 4 09
2009 04 16 16 4 09
2009 04 16 16 4 09
2009 04 15 16 3 15
2009 04 15 16 3 15
2009 04 15 16 3 14
2009 04 15 16 3 14
2009 04 13 16 1 13
2009 04 13 16 1 13
2009 04 13 16 1 13
2009 04 13 16 1 13
2009 04 13 16 1 12
2009 04 13 16 1 12
2009 04 13 16 1 11
2009 04 12 15 7 12
2009 04 12 15 7 12
2009 04 12 15 7 12
2009 04 12 15 7 11
2009 04 11 15 6 09
2009 04 09 15 4 10
2009 04 08 15 3 19
2009 04 08 15 3 18
2009 04 06 15 1 17
2009 04 06 15 1 17
2009 04 06 15 1 16
2009 04 06 15 1 16
2009 04 06 15 1 16
2009 04 06 15 1 16
2009 04 06 15 1 16
2009 04 01 14 3 14
2009 03 30 14 1 21
2009 03 30 14 1 15
2009 03 30 14 1 15
2009 03 30 14 1 14
2009 03 30 14 1 14
2009 03 28 13 6 11
2009 03 28 13 6 11
2009 03 28 13 6 11
2009 03 28 13 6 11
2009 03 28 13 6 11
2009 03 27 13 5 11
2009 03 27 13 5 11
2009 03 27 13 5 11
2009 03 23 13 1 16
2009 03 22 12 7 17
2009 03 21 12 6 13
2009 03 19 12 4 15
2009 03 19 12 4 15
2009 03 19 12 4 14
2009 03 19 12 4 14
2009 03 19 12 4 14
2009 03 19 12 4 14
2009 03 19 12 4 14
2009 03 18 12 3 21
2009 03 18 12 3 21
2009 03 18 12 3 21
2009 03 17 12 2 18
2009 03 17 12 2 17
2009 03 17 12 2 09
2009 03 17 12 2 09
2009 03 17 12 2 09
2009 03 17 12 2 09
2009 03 17 12 2 09
2009 03 17 12 2 08
2009 03 17 12 2 08
2009 03 17 12 2 08
2009 03 14 11 6 11
2009 03 14 11 6 11
2009 03 14 11 6 11
2009 03 14 11 6 10
2009 03 14 11 6 10
2009 03 14 11 6 10
2009 03 13 11 5 10
2009 03 13 11 5 10
2009 03 13 11 5 10
2009 03 13 11 5 10
2009 03 13 11 5 10
2009 03 09 11 1 19
2009 03 09 11 1 19
2009 03 09 11 1 15
2009 03 09 11 1 15
2009 03 09 11 1 14
2009 03 09 11 1 14
2009 03 08 10 7 20
2009 03 08 10 7 12
2009 03 08 10 7 12
2009 03 08 10 7 12
2009 03 08 10 7 10
2009 03 04 10 3 19
2009 03 04 10 3 18
2009 03 01 09 7 12
2009 03 01 09 7 12
2009 03 01 09 7 12
2009 03 01 09 7 11
2009 03 01 09 7 11
2009 03 01 09 7 11
2009 03 01 09 7 10
2009 03 01 09 7 10
2009 03 01 09 7 10
2009 03 01 09 7 10
2009 02 28 09 6 18
2009 02 28 09 6 18
2009 02 28 09 6 18
2009 02 28 09 6 13
2009 02 28 09 6 13
2009 02 28 09 6 13
2009 02 28 09 6 13
2009 02 28 09 6 13
2009 02 28 09 6 13
2009 02 28 09 6 13
2009 02 28 09 6 13
2009 02 28 09 6 13
2009 02 28 09 6 12
2009 02 28 09 6 12
2009 02 28 09 6 12
2009 02 28 09 6 12
2009 02 28 09 6 12
2009 02 28 09 6 12
2009 02 28 09 6 12
2009 02 28 09 6 11
2009 02 28 09 6 11
2009 02 28 09 6 09
2009 02 28 09 6 09
2009 02 28 09 6 09
2009 02 25 09 3 12
2009 02 23 09 1 10
2009 02 23 09 1 09
2009 02 22 08 7 22
2009 02 22 08 7 21
2009 02 22 08 7 21
2009 02 22 08 7 20
2009 02 22 08 7 19
2009 02 22 08 7 19
2009 02 22 08 7 19
2009 02 22 08 7 17
2009 02 22 08 7 16
2009 02 21 08 6 19
2009 02 18 08 3 12
2009 02 18 08 3 12
2009 02 18 08 3 12
2009 02 18 08 3 12
2009 02 18 08 3 12
2009 02 18 08 3 11
2009 02 15 07 7 20
2009 02 15 07 7 20
2009 02 15 07 7 20
2009 02 15 07 7 20
2009 02 13 07 5 11
2009 02 13 07 5 11
2009 02 13 07 5 11
2009 02 11 07 3 14
2009 02 11 07 3 14
2009 02 10 07 2 15
2009 02 08 06 7 21
2009 02 08 06 7 21
2009 02 08 06 7 20
2009 02 08 06 7 20
2009 02 08 06 7 20
2009 02 08 06 7 19
2009 02 08 06 7 15
2009 02 08 06 7 14
2009 02 08 06 7 13
2009 02 08 06 7 13
2009 02 08 06 7 13
2009 02 08 06 7 13
2009 02 08 06 7 12
2009 02 07 06 6 21
2009 02 07 06 6 21
2009 02 07 06 6 20
2009 02 07 06 6 19
2009 02 07 06 6 19
2009 02 07 06 6 18
2009 02 07 06 6 18
2009 02 06 06 5 16
2009 02 06 06 5 10
2009 02 06 06 5 10
2009 02 06 06 5 10
2009 02 05 06 4 14
2009 02 05 06 4 14
2009 02 05 06 4 13
2009 02 05 06 4 13
2009 02 05 06 4 13
2009 02 05 06 4 12
2009 02 05 06 4 12
2009 02 05 06 4 12
2009 02 05 06 4 12
2009 02 05 06 4 12
2009 02 05 06 4 12
2009 02 05 06 4 12
2009 02 04 06 3 22
2009 02 04 06 3 22
2009 02 04 06 3 21
2009 02 04 06 3 21
2009 02 04 06 3 21
2009 02 04 06 3 21
2009 02 04 06 3 21
2009 02 04 06 3 18
2009 02 04 06 3 18
2009 02 04 06 3 18
2009 02 04 06 3 18
2009 02 04 06 3 18
2009 02 04 06 3 17
2009 02 04 06 3 16
2009 02 04 06 3 15
2009 02 03 06 2 22
2009 02 03 06 2 20
2009 02 03 06 2 20
2009 02 03 06 2 20
2009 02 03 06 2 20
2009 02 03 06 2 20
2009 02 03 06 2 17
2009 02 03 06 2 17
2009 02 03 06 2 17
2009 02 03 06 2 16
2009 02 03 06 2 14
2009 02 03 06 2 14
2009 02 03 06 2 14
2009 02 03 06 2 12
2009 02 01 05 7 20
2009 02 01 05 7 19
2009 02 01 05 7 19
2009 02 01 05 7 19
2009 02 01 05 7 18
2009 02 01 05 7 18
2009 02 01 05 7 12
2009 02 01 05 7 12
2009 02 01 05 7 12
2009 02 01 05 7 11
2009 02 01 05 7 11
2009 02 01 05 7 11
2009 02 01 05 7 11
2009 02 01 05 7 11
2009 02 01 05 7 11
2009 02 01 05 7 11
2009 02 01 05 7 11
2009 01 31 05 6 22
2009 01 31 05 6 22
2009 01 31 05 6 22
2009 01 31 05 6 22
2009 01 31 05 6 22
2009 01 31 05 6 22
2009 01 27 05 2 18
2009 01 27 05 2 13
2009 01 25 04 7 18
2009 01 25 04 7 18
2009 01 25 04 7 16
2009 01 25 04 7 13
2009 01 25 04 7 13
2009 01 25 04 7 13
2009 01 25 04 7 10
2009 01 24 04 6 16
2009 01 24 04 6 15
2009 01 24 04 6 15
2008 12 21 51 7 14
2008 12 21 51 7 13
2008 12 21 51 7 13
2008 12 21 51 7 11
2008 12 21 51 7 10
2008 12 21 51 7 10
2008 12 20 51 6 15
2008 12 20 51 6 15
2008 12 11 50 4 12
2008 12 11 50 4 12
2008 12 11 50 4 12
2008 12 11 50 4 12
2008 12 11 50 4 12
2008 12 11 50 4 12
2008 12 03 49 3 16
2008 11 15 46 6 12
2008 11 15 46 6 12
2008 11 15 46 6 12
2008 10 16 42 4 09
2008 10 16 42 4 09
2008 10 16 42 4 09
2008 10 16 42 4 09
2008 10 16 42 4 08
2008 09 27 39 6 10
2008 09 24 39 3 19
2008 09 24 39 3 19
2008 09 24 39 3 19
2008 09 24 39 3 18
2008 09 24 39 3 18
2008 09 22 39 1 18
2008 09 22 39 1 18
2008 09 18 38 4 16
2008 09 14 37 7 11
2008 09 14 37 7 10
2008 09 14 37 7 10
2008 09 14 37 7 10
2008 09 08 37 1 11
2008 09 08 37 1 11
2008 09 04 36 4 18
2008 09 04 36 4 18
2008 09 04 36 4 18
2008 09 04 36 4 18
2008 09 08 37 1 10
2008 09 04 36 4 18
2008 08 23 34 6 13
2008 08 23 34 6 12
2008 08 23 34 6 11
2008 08 22 34 5 18
2008 08 22 34 5 09
2008 08 22 34 5 09
2008 08 22 34 5 09
2008 08 22 34 5 09
2008 08 22 34 5 09
2008 08 22 34 5 09
2008 08 22 34 5 09
2008 08 21 34 4 21
2008 08 21 34 4 12
2008 08 21 34 4 11
2008 08 18 34 1 16
2008 08 18 34 1 16
2008 08 18 34 1 16
2008 08 18 34 1 16
2008 08 18 34 1 10
2008 08 18 34 1 10
2008 08 17 33 7 19
2008 08 17 33 7 18
2008 08 17 33 7 18
2008 08 17 33 7 16
2008 08 12 33 2 20
2008 08 12 33 2 20
2008 08 12 33 2 20
2008 08 11 33 1 16
2008 08 11 33 1 15
2008 08 11 33 1 15
2008 08 11 33 1 13
2008 08 11 33 1 13
2008 08 11 33 1 10
2008 08 09 32 6 22
2008 08 09 32 6 21
2008 08 09 32 6 21
2008 08 08 32 5 16
2008 08 08 32 5 14
2008 08 08 32 5 14
2008 08 08 32 5 14
2008 08 08 32 5 14
2008 08 08 32 5 14
2008 07 20 29 7 10
2008 07 14 29 1 21
2008 07 14 29 1 21
2008 07 14 29 1 20
2008 07 14 29 1 20
2008 07 14 29 1 19
2008 07 14 29 1 19
2008 07 14 29 1 18
2008 07 14 29 1 18
2008 07 14 29 1 18
2008 07 14 29 1 18
2008 07 14 29 1 18
2008 07 13 28 7 14
2008 07 13 28 7 14
2008 07 13 28 7 13
2008 07 13 28 7 12
2008 07 13 28 7 12
2008 07 13 28 7 11
2008 07 13 28 7 11
2008 07 13 28 7 11
2008 07 13 28 7 11
2008 07 13 28 7 11
2008 07 13 28 7 11
2008 07 13 28 7 11
2008 07 13 28 7 11
2008 07 13 28 7 11
2008 07 13 28 7 11
2008 07 13 28 7 11
2008 07 13 28 7 11
2008 07 13 28 7 11
2008 07 13 28 7 11
2008 07 13 28 7 10
2008 07 12 28 6 16
2008 07 12 28 6 15
2008 07 12 28 6 15
2008 07 12 28 6 15
2008 07 12 28 6 15
2008 07 12 28 6 15
2008 07 12 28 6 14
2008 07 10 28 4 20
2008 07 10 28 4 20
2008 07 08 28 2 21
2008 07 08 28 2 21
2008 07 08 28 2 20
2008 07 08 28 2 08
2008 07 06 27 7 17
2008 07 06 27 7 17
2008 07 06 27 7 17
2008 07 06 27 7 17
2008 07 06 27 7 17
2008 07 06 27 7 17
2008 07 06 27 7 17
2008 07 06 27 7 17
2008 07 06 27 7 15
2008 07 06 27 7 14
2008 07 06 27 7 14
2008 07 06 27 7 14
2008 07 06 27 7 14
2008 07 06 27 7 14
2008 07 06 27 7 14
2008 07 06 27 7 13
2008 07 06 27 7 12
2008 07 06 27 7 12
2008 07 06 27 7 12
2008 07 06 27 7 12
2008 07 06 27 7 11
2008 07 06 27 7 11
2008 07 06 27 7 11
2008 07 06 27 7 11
2008 07 06 27 7 11
2008 07 06 27 7 11
2008 07 06 27 7 11
2008 07 06 27 7 11
2008 07 05 27 6 18
2008 07 05 27 6 17
2008 07 05 27 6 17
2008 07 05 27 6 15
2008 07 05 27 6 15
2008 07 05 27 6 15
2008 07 05 27 6 11
2008 07 05 27 6 11
2008 07 05 27 6 11
2008 07 05 27 6 10
2008 07 05 27 6 10
2008 07 05 27 6 09
2008 06 25 26 3 10
2008 06 25 26 3 10
2008 06 24 26 2 22
2008 06 24 26 2 18
2008 06 24 26 2 18
2008 06 24 26 2 18
2008 06 23 26 1 18
2008 06 22 25 7 15
2008 06 22 25 7 15
2008 06 22 25 7 15
2008 06 21 25 6 21
2008 06 21 25 6 17
2008 06 21 25 6 17
2008 06 21 25 6 17
2008 06 21 25 6 17
2008 06 21 25 6 17
2008 06 21 25 6 15
2008 06 21 25 6 14
2008 06 21 25 6 14
2008 06 21 25 6 14
2008 06 21 25 6 14
2008 06 21 25 6 14
2008 06 21 25 6 13
2008 06 21 25 6 13
2008 06 21 25 6 13
2008 06 21 25 6 13
2008 06 21 25 6 13
2008 06 20 25 5 20
2008 06 19 25 4 22
2008 06 19 25 4 21
2008 06 19 25 4 21
2008 06 19 25 4 21
2008 06 19 25 4 20
2008 06 19 25 4 20
2008 06 19 25 4 18
2008 06 19 25 4 16
2008 06 18 25 3 20
2008 06 18 25 3 20
2008 06 18 25 3 20
2008 06 18 25 3 20
2008 06 18 25 3 18
2008 06 18 25 3 18
2008 06 18 25 3 18
2008 06 18 25 3 17
2008 06 18 25 3 17
2008 06 18 25 3 17
2008 06 18 25 3 17
2008 06 18 25 3 14
2008 06 17 25 2 19
2008 06 17 25 2 14
2008 06 17 25 2 14
2008 06 16 25 1 20
2008 06 16 25 1 16
2008 06 16 25 1 16
2008 06 16 25 1 16
2008 06 16 25 1 15
2008 06 15 24 7 22
2008 06 15 24 7 22
2008 06 15 24 7 21
2008 06 15 24 7 21
2008 06 15 24 7 21
2008 06 15 24 7 21
2008 06 15 24 7 21
2008 06 15 24 7 12
2008 06 14 24 6 23
2008 06 14 24 6 23
2008 06 14 24 6 23
2008 06 14 24 6 19
2008 06 14 24 6 19
2008 06 14 24 6 19
2008 06 14 24 6 18
2008 06 14 24 6 18
2008 06 14 24 6 18
2008 06 14 24 6 17
2008 06 14 24 6 17
2008 06 14 24 6 17
2008 06 14 24 6 17
2008 06 14 24 6 17
2008 06 14 24 6 16
2008 06 14 24 6 16
2008 06 14 24 6 16
2008 06 14 24 6 15
2008 06 14 24 6 15
2008 06 14 24 6 15
2008 06 14 24 6 15
2008 06 14 24 6 15
2008 06 14 24 6 14
2008 06 14 24 6 14
2008 06 14 24 6 14
2008 06 14 24 6 12
2008 06 14 24 6 12
2008 06 14 24 6 12
2008 06 14 24 6 12
2008 06 14 24 6 12
2008 06 14 24 6 11
2008 06 14 24 6 11
2008 06 14 24 6 11
2008 06 14 24 6 11
2008 06 14 24 6 11
2008 06 14 24 6 10
2008 06 12 24 4 09
2008 06 12 24 4 09
2008 06 10 24 2 09
2008 06 10 24 2 09
2008 06 10 24 2 08
2008 06 10 24 2 08
2008 06 10 24 2 08
2008 06 08 23 7 19
2008 06 08 23 7 16
2008 06 08 23 7 16
2008 06 08 23 7 12
2008 06 08 23 7 10
2008 06 08 23 7 10
2008 06 07 23 6 11
2008 06 07 23 6 11
2008 06 07 23 6 11
2008 06 07 23 6 11
2008 06 07 23 6 10
2008 06 07 23 6 10
2008 06 07 23 6 10
2008 06 07 23 6 10
2008 06 07 23 6 10
2008 06 07 23 6 10
2008 06 07 23 6 10
2008 06 06 23 5 21
2008 06 06 23 5 21
2008 06 06 23 5 20
2008 06 06 23 5 20
2008 06 06 23 5 18
2008 06 06 23 5 17
2008 06 06 23 5 16
2008 06 06 23 5 15
2008 06 06 23 5 15
2008 06 06 23 5 14
2008 06 06 23 5 14
2008 06 05 23 4 20
2008 06 05 23 4 20
2008 06 05 23 4 19
2008 06 05 23 4 19
2008 06 05 23 4 15
2008 06 05 23 4 15
2008 06 05 23 4 15
2008 06 05 23 4 15
2008 06 05 23 4 14
2008 06 05 23 4 12
2008 06 03 23 2 22
2008 06 03 23 2 13
2008 06 03 23 2 13
2008 06 03 23 2 12
2008 06 03 23 2 12
2008 06 03 23 2 12
2008 06 03 23 2 12
2008 06 03 23 2 12
2008 06 03 23 2 09
2008 06 03 23 2 09
2008 06 02 23 1 22
2008 06 02 23 1 22
2008 06 02 23 1 19
2008 06 01 22 7 21
2008 06 01 22 7 19
2008 06 01 22 7 19
2008 06 01 22 7 19
2008 06 01 22 7 19
2008 06 01 22 7 18
2008 06 01 22 7 18
2008 06 01 22 7 18
2008 06 01 22 7 18
2008 06 01 22 7 18
2008 05 31 22 6 21
2008 05 31 22 6 21
2008 05 31 22 6 21
2008 05 31 22 6 20
2008 05 31 22 6 20
2008 05 31 22 6 16
2008 05 31 22 6 16
2008 05 31 22 6 16
2008 05 31 22 6 16
2008 05 31 22 6 16
2008 05 31 22 6 16
2008 05 31 22 6 16
2008 05 31 22 6 16
2008 05 31 22 6 14
2008 05 31 22 6 14
2008 05 31 22 6 13
2008 05 31 22 6 13
2008 05 31 22 6 13
2008 05 31 22 6 13
2008 05 31 22 6 13
2008 05 31 22 6 13
2008 05 31 22 6 13
2008 05 31 22 6 11
2008 05 31 22 6 11
2008 05 31 22 6 11
2008 05 31 22 6 11
2008 05 30 22 5 20
2008 05 30 22 5 20
2008 05 28 22 3 11
2008 05 28 22 3 11
2008 05 28 22 3 11
2008 05 28 22 3 10
2008 05 28 22 3 10
2008 05 28 22 3 10
2008 05 28 22 3 10
2008 05 28 22 3 10
2008 05 27 22 2 20
2008 05 27 22 2 20
2008 05 27 22 2 20
2008 05 26 22 1 19
2008 05 26 22 1 19
2008 05 26 22 1 18
2008 05 26 22 1 18
2008 05 26 22 1 18
2008 05 25 21 7 21
2008 05 25 21 7 20
2008 05 25 21 7 18
2008 05 25 21 7 18
2008 05 25 21 7 18
2008 05 25 21 7 18
2008 05 25 21 7 18
2008 05 25 21 7 18
2008 05 25 21 7 17
2008 05 25 21 7 17
2008 05 25 21 7 15
2008 05 25 21 7 15
2008 05 25 21 7 15
2008 05 25 21 7 15
2008 05 25 21 7 14
2008 05 25 21 7 14
2008 05 25 21 7 14
2008 05 25 21 7 10
2008 05 25 21 7 10
2008 05 25 21 7 10
2008 05 25 21 7 10
2008 05 25 21 7 10
2008 05 24 21 6 21
2008 05 24 21 6 21
2008 05 24 21 6 20
2008 05 24 21 6 20
2008 05 24 21 6 18
2008 05 24 21 6 18
2008 05 24 21 6 18
2008 05 24 21 6 17
2008 05 24 21 6 17
2008 05 24 21 6 16
2008 05 24 21 6 15
2008 05 24 21 6 15
2008 05 24 21 6 15
2008 05 24 21 6 15
2008 05 24 21 6 15
2008 05 24 21 6 15
2008 05 24 21 6 14
2008 05 24 21 6 12
2008 05 24 21 6 12
2008 05 24 21 6 12
2008 05 24 21 6 11
2008 05 24 21 6 11
2008 05 24 21 6 11
2008 05 24 21 6 10
2008 05 24 21 6 10
2008 05 24 21 6 10
2008 05 24 21 6 10
2008 05 24 21 6 10
2008 05 24 21 6 10
2008 05 24 21 6 10
2008 05 24 21 6 10
2008 05 24 21 6 10
2008 05 24 21 6 10
2008 05 24 21 6 10
2008 05 24 21 6 10
2008 05 24 21 6 10
2008 05 24 21 6 10
2008 05 23 21 5 20
2008 05 22 21 4 15
2008 05 22 21 4 13
2008 05 22 21 4 12
2008 05 22 21 4 12
2008 05 22 21 4 12
2008 05 22 21 4 12
2008 05 22 21 4 11
2008 05 22 21 4 11
2008 05 22 21 4 11
2008 05 22 21 4 11
2008 05 21 21 3 21
2008 05 21 21 3 19
2008 05 21 21 3 19
2008 05 19 21 1 18
2008 05 19 21 1 18
2008 05 17 20 6 10
2008 05 17 20 6 10
2008 05 17 20 6 10
2008 05 14 20 3 15
2008 05 14 20 3 15
2008 05 14 20 3 14
2008 05 14 20 3 14
2008 05 14 20 3 13
2008 05 14 20 3 13
2008 05 14 20 3 13
2008 05 13 20 2 14
2008 05 13 20 2 14
2008 05 13 20 2 13
2008 05 13 20 2 13
2008 05 13 20 2 13
2008 05 13 20 2 13
2008 05 13 20 2 13
2008 05 13 20 2 13
2008 05 13 20 2 13
2008 05 13 20 2 12
2008 05 13 20 2 12
2008 05 13 20 2 12
2008 05 13 20 2 12
2008 05 10 19 6 15
2008 05 10 19 6 15
2008 05 10 19 6 13
2008 05 10 19 6 13
2008 05 10 19 6 13
2008 05 10 19 6 13
2008 05 10 19 6 13
2008 05 10 19 6 13
2008 05 10 19 6 13
2008 05 10 19 6 11
2008 05 10 19 6 11
2008 05 10 19 6 11
2008 05 10 19 6 11
2008 05 08 19 4 15
2008 05 06 19 2 19
2008 05 05 19 1 20
2008 05 05 19 1 18
2008 05 05 19 1 18
2008 05 05 19 1 18
2008 05 05 19 1 18
2008 05 05 19 1 18
2008 05 05 19 1 17
2008 05 05 19 1 10
2008 05 05 19 1 09
2008 05 05 19 1 09
2008 05 04 18 7 12
2008 05 04 18 7 12
2008 05 04 18 7 12
2008 05 02 18 5 17
2008 04 29 18 2 12
2008 04 17 16 4 20
2008 04 15 16 2 14
2008 04 15 16 2 14
2008 04 01 14 2 18
2008 04 01 14 2 17
2008 03 31 14 1 15
2008 03 31 14 1 15
2008 03 30 13 7 11
2008 03 30 13 7 11
2008 03 30 13 7 11
2008 03 15 11 6 20
2008 03 15 11 6 15
2008 03 15 11 6 15
2008 03 15 11 6 15
2008 03 15 11 6 15
2008 03 15 11 6 15
2008 03 15 11 6 15
2008 02 22 08 5 16
2008 02 22 08 5 15
2008 02 22 08 5 15
2008 02 22 08 5 15
2008 02 13 07 3 21
2008 02 13 07 3 21
2008 02 11 07 1 14
2008 02 11 07 1 14
2008 02 11 07 1 14
2008 02 11 07 1 10
2008 02 11 07 1 10
2008 01 26 04 6 11
2008 01 26 04 6 11
2008 01 26 04 6 11
2008 01 26 04 6 11
2008 01 25 04 5 12
2008 01 25 04 5 12
2008 01 23 04 3 14
2008 01 23 04 3 13
2008 01 23 04 3 13
2008 01 23 04 3 13
2008 01 21 04 1 12
2008 01 21 04 1 12
2008 01 21 04 1 12
2008 01 21 04 1 11
2008 01 21 04 1 11
2008 01 20 03 7 19
2008 01 18 03 5 14
2008 01 17 03 4 22
2008 01 10 02 4 12
2008 01 10 02 4 12
2008 01 10 02 4 10
2008 01 09 02 3 19
2008 01 09 02 3 19
2007 12 25 52 2 21
2007 12 25 52 2 21
2007 12 25 52 2 13
2007 12 25 52 2 13
2007 12 25 52 2 13
2007 12 25 52 2 11
2007 12 25 52 2 11
2007 12 25 52 2 10
2007 12 24 52 1 16
2007 12 24 52 1 15
2007 12 24 52 1 15
2007 12 24 52 1 15
2007 12 24 52 1 14
2007 12 24 52 1 09
2007 12 24 52 1 09
2007 12 24 52 1 09
2007 12 23 51 7 19
2007 12 23 51 7 19
2007 12 22 51 6 18
2007 12 22 51 6 14
2007 12 21 51 5 15
2007 12 21 51 5 15
2007 12 21 51 5 15
2007 12 21 51 5 14
2007 12 21 51 5 14
2007 12 21 51 5 14
2007 12 21 51 5 14
2007 12 21 51 5 14
2007 12 21 51 5 13
2007 12 21 51 5 12
2007 12 21 51 5 12
2007 12 21 51 5 12
2007 12 21 51 5 12
2007 12 21 51 5 11
2007 12 21 51 5 11
2007 12 21 51 5 11
2007 12 20 51 4 21
2007 12 20 51 4 20
2007 12 20 51 4 20
2007 12 20 51 4 20
2007 12 20 51 4 20
2007 12 20 51 4 20
2007 12 20 51 4 20
2007 12 20 51 4 20
2007 12 20 51 4 20
2007 12 20 51 4 19
2007 12 17 51 1 22
2007 12 17 51 1 19
2007 12 17 51 1 19
2007 12 17 51 1 18
2007 12 17 51 1 17
2007 12 15 50 6 00
2007 12 13 50 4 19
2007 12 11 50 2 12
2007 12 11 50 2 12
2007 12 11 50 2 12
2007 12 11 50 2 12
2007 12 11 50 2 12
2007 12 11 50 2 11
2007 12 11 50 2 11
2007 12 11 50 2 11
2007 12 11 50 2 11
2007 12 09 49 7 14
2007 12 09 49 7 14
2007 12 09 49 7 14
2007 12 09 49 7 13
2007 12 09 49 7 13
2007 12 09 49 7 13
2007 12 08 49 6 18
2007 12 08 49 6 18
2007 12 08 49 6 14
2007 12 07 49 5 12
2007 12 07 49 5 12
2007 12 07 49 5 12
2007 12 07 49 5 12
2007 12 07 49 5 12
2007 12 06 49 4 15
2007 12 06 49 4 14
2007 12 06 49 4 14
2007 12 05 49 3 22
2007 12 04 49 2 18
2007 12 04 49 2 16
2007 12 04 49 2 16
2007 12 04 49 2 16
2007 12 04 49 2 14
2007 12 04 49 2 14
2007 12 04 49 2 14
2007 12 02 48 7 15
2007 12 02 48 7 15
2007 12 02 48 7 14
2007 12 01 48 6 13
2007 12 01 48 6 13
2007 12 01 48 6 13
2007 12 01 48 6 13
2007 12 01 48 6 12
2007 12 01 48 6 12
2007 12 01 48 6 12
2007 11 30 48 5 23
2007 11 30 48 5 23
2007 11 30 48 5 23
2007 11 24 47 6 11
2007 11 23 47 5 12
2007 11 23 47 5 12
2007 11 23 47 5 12
2007 11 23 47 5 12
2007 11 23 47 5 11
2007 11 23 47 5 10
2007 11 23 47 5 09
2007 11 20 47 2 17
2007 11 20 47 2 16
2007 11 20 47 2 16
2007 11 20 47 2 12
2007 11 20 47 2 12
2007 11 16 46 5 13
2007 11 16 46 5 10
2007 11 15 46 4 12
2007 11 15 46 4 11
2007 11 15 46 4 11
2007 11 15 46 4 11
2007 11 15 46 4 11
2007 11 15 46 4 11
2007 11 15 46 4 10
2007 11 15 46 4 10
2007 11 15 46 4 10
2007 11 15 46 4 10
2007 11 15 46 4 10
2007 11 15 46 4 10
2007 11 13 46 2 17
2007 11 13 46 2 17
2007 11 13 46 2 17
2007 11 11 45 7 17
2007 11 11 45 7 17
2007 11 11 45 7 16
2007 11 11 45 7 16
2007 11 11 45 7 11
2007 11 10 45 6 17
2007 11 10 45 6 16
2007 11 10 45 6 16
2007 11 10 45 6 15
2007 11 10 45 6 13
2007 11 10 45 6 12
2007 11 10 45 6 12
2007 11 10 45 6 12
2007 11 09 45 5 23
2007 11 08 45 4 19
2007 11 08 45 4 14
2007 11 08 45 4 14
2007 11 08 45 4 14
2007 11 07 45 3 22
2007 11 07 45 3 21
2007 11 07 45 3 21
2007 11 06 45 2 19
2007 11 06 45 2 18
2007 11 06 45 2 16
2007 11 06 45 2 15
2007 11 06 45 2 15
2007 11 06 45 2 15
2007 11 03 44 6 11
2007 11 03 44 6 11
2007 11 03 44 6 00
2007 11 03 44 6 00
2007 11 02 44 5 23
2007 11 02 44 5 23
2007 11 02 44 5 23
2007 11 02 44 5 23
2007 11 02 44 5 23
2007 11 02 44 5 23
2007 11 02 44 5 23
2007 11 02 44 5 22
2007 11 02 44 5 20
2007 11 02 44 5 19
2007 11 02 44 5 19
2007 11 02 44 5 19
2007 11 02 44 5 17
2007 11 02 44 5 17
2007 11 02 44 5 15
2007 10 23 43 2 17
2007 10 23 43 2 17
2007 10 14 41 7 11
2007 10 13 41 6 19
2007 10 13 41 6 18
2007 10 05 40 5 19
2007 10 05 40 5 18
2007 10 01 40 1 16
2007 10 01 40 1 16
2007 10 01 40 1 16
2007 10 01 40 1 16
2007 10 01 40 1 15
2007 09 30 39 7 11
2007 09 30 39 7 11
2007 09 30 39 7 10
2007 09 28 39 5 15
2007 09 21 38 5 19
2007 06 05 23 2 11
2007 06 05 23 2 10
2007 05 30 22 3 18
2007 05 30 22 3 11
2007 05 30 22 3 11
2007 05 30 22 3 10
2007 05 30 22 3 10
2007 05 30 22 3 10
2007 05 30 22 3 10
2007 05 30 22 3 10
2007 05 29 22 2 21
2007 05 29 22 2 21
2007 05 27 21 7 20
2007 05 27 21 7 20
2007 05 27 21 7 20
2007 05 27 21 7 20
2007 05 27 21 7 20
2007 05 27 21 7 19
2007 05 27 21 7 19
2007 05 24 21 4 20
2007 05 24 21 4 19
2007 05 24 21 4 19
2007 05 24 21 4 17
2007 05 24 21 4 17
2007 05 24 21 4 10
2007 05 24 21 4 10
2007 05 24 21 4 10
2007 05 07 19 1 20
2007 05 07 19 1 20
2007 05 07 19 1 20
2007 05 07 19 1 17
2007 05 07 19 1 15
2007 05 06 18 7 21
2007 05 06 18 7 21
2007 05 06 18 7 20
2007 05 06 18 7 20
2007 05 06 18 7 19
2007 05 06 18 7 17
2007 05 06 18 7 17
2007 05 06 18 7 17
2007 05 06 18 7 11
2007 05 06 18 7 11
2007 05 01 18 2 11
2007 04 28 17 6 20
2007 04 28 17 6 20
2007 04 28 17 6 20
2007 04 28 17 6 10
2007 04 28 17 6 09
2007 04 28 17 6 09
2007 04 28 17 6 09
2007 04 28 17 6 09
2007 04 27 17 5 10
2007 04 27 17 5 08
2007 04 27 17 5 08
2007 04 26 17 4 19
2007 04 25 17 3 22
2007 04 25 17 3 21
2007 04 25 17 3 21
2007 04 25 17 3 19
2007 04 25 17 3 19
2007 04 25 17 3 15
2007 04 25 17 3 15
2007 04 25 17 3 15
2007 04 25 17 3 15
2007 04 24 17 2 22
2007 04 24 17 2 22
2007 04 24 17 2 22
2007 04 11 15 3 12
2007 04 11 15 3 11
2007 04 11 15 3 11
2007 04 10 15 2 13
2007 04 10 15 2 13
2007 04 09 15 1 12
2007 04 09 15 1 12
2007 04 04 14 3 13
2007 04 03 14 2 21
