
2015 12 29 53 2 11
2015 11 08 45 7 23
2015 11 14 46 6 00
2015 10 01 40 4 02
2015 11 03 45 2 16
2014 05 10 19 6 05
2015 10 29 44 4 16
2015 10 20 43 2 11
2015 10 13 42 2 10
2015 10 19 43 1 19
2015 10 19 43 1 16
2015 10 20 43 2 10
2015 10 19 43 1 18
2015 10 19 43 1 22
2015 10 19 43 1 16
2015 10 19 43 1 16
2015 10 17 42 6 16
2015 10 17 42 6 16
2015 10 12 42 1 22
2015 10 13 42 2 10
2015 09 21 39 1 06
2015 09 22 39 2 20
2015 09 04 36 5 16
2015 09 15 38 2 01
2015 09 11 37 5 22
2015 09 05 36 6 10
2015 08 19 34 3 16
2015 08 26 35 3 11
2015 08 25 35 2 20
2015 08 25 35 2 19
2015 08 19 34 3 18
2015 06 16 25 2 09
2015 06 08 24 1 12
2015 08 16 33 7 19
2015 08 16 33 7 19
2015 08 16 33 7 18
2015 08 15 33 6 02
2015 08 15 33 6 01
2015 08 11 33 2 21
2015 08 10 33 1 21
2015 08 08 32 6 14
2015 08 07 32 5 06
2015 08 01 31 6 22
2015 08 01 31 6 22
2015 08 01 31 6 22
2015 07 30 31 4 21
2015 07 09 28 4 23
2015 06 19 25 5 20
2015 06 30 27 2 17
2015 06 19 25 5 11
2015 06 18 25 4 23
2015 06 26 26 5 18
2015 06 21 25 7 21
2015 06 21 25 7 04
2015 06 16 25 2 23
2015 06 19 25 5 19
2015 06 15 25 1 22
2015 06 15 25 1 22
2015 06 15 25 1 22
2015 06 15 25 1 16
2015 06 15 25 1 16
2015 06 14 24 7 19
2015 06 14 24 7 18
2015 06 12 24 5 23
2015 06 11 24 4 19
2015 06 06 23 6 20
2015 06 05 23 5 12
2015 06 05 23 5 18
2015 06 04 23 4 23
2015 06 04 23 4 23
2015 06 04 23 4 23
2015 03 22 12 7 02
2015 06 03 23 3 23
2015 05 28 22 4 23
2015 05 28 22 4 23
2015 06 03 23 3 08
2015 06 02 23 2 17
2015 05 24 21 7 17
2015 05 24 21 7 14
2015 05 24 21 7 13
2015 05 13 20 3 21
2015 05 12 20 2 01
2015 05 10 19 7 06
2015 05 08 19 5 22
2015 04 29 18 3 15
2015 04 23 17 4 20
2015 04 20 17 1 16
2015 04 20 17 1 12
2015 04 17 16 5 01
2015 04 17 16 5 01
2015 04 14 16 2 21
2015 04 11 15 6 15
2015 04 13 16 1 17
2015 04 11 15 6 22
2015 04 10 15 5 09
2015 04 08 15 3 03
2015 04 06 15 1 14
2015 04 06 15 1 09
2015 04 04 14 6 21
2015 04 04 14 6 00
2014 11 01 44 6 07
2014 09 30 40 2 07
2015 03 17 12 2 00
2015 03 14 11 6 18
2015 03 14 11 6 07
2015 03 13 11 5 12
2015 03 07 10 6 08
2015 02 18 08 3 02
2015 03 05 10 4 21
2015 03 01 09 7 00
2015 02 26 09 4 06
2015 02 25 09 3 18
2015 02 10 07 2 20
2015 02 23 09 1 20
2015 02 22 08 7 09
2015 02 19 08 4 21
2015 02 18 08 3 18
2014 11 04 45 2 06
2014 11 04 45 2 05
2015 02 18 08 3 02
2015 02 13 07 5 01
2015 02 11 07 3 02
2015 02 10 07 2 02
2015 02 09 07 1 17
2015 02 03 06 2 04
2015 02 06 06 5 23
2015 02 01 05 7 09
2015 02 01 05 7 22
2015 01 27 05 2 11
2015 01 27 05 2 11
2015 01 03 01 6 08
2015 01 22 04 4 00
2015 01 18 03 7 01
2015 01 18 03 7 01
2015 01 17 03 6 16
2014 12 15 51 1 20
2015 01 12 03 1 04
2015 01 09 02 5 20
2015 01 12 03 1 03
2015 01 11 02 7 00
2015 01 05 02 1 12
2015 01 05 02 1 12
2015 01 05 02 1 12
2015 01 05 02 1 11
2015 01 02 01 5 10
2015 01 02 01 5 08
2014 12 23 52 2 20
2014 11 29 48 6 00
2014 11 25 48 2 16
2014 11 18 47 2 14
2014 11 18 47 2 11
2014 11 17 47 1 06
2014 11 11 46 2 14
2014 11 10 46 1 04
2014 11 05 45 3 04
2014 11 05 45 3 04
2014 11 01 44 6 01
2014 11 04 45 2 17
2014 11 04 45 2 16
2014 11 03 45 1 15
2014 11 03 45 1 15
2014 05 18 20 7 20
2014 11 02 44 7 23
2014 06 30 27 1 05
2014 11 02 44 7 22
2014 11 02 44 7 22
2014 05 25 21 7 13
2014 10 13 42 1 05
2014 10 18 42 6 22
2014 10 20 43 1 15
2014 10 16 42 4 15
2014 10 16 42 4 15
2014 10 12 41 7 13
2014 10 01 40 3 11
2014 09 20 38 6 03
2014 09 29 40 1 23
2014 09 27 39 6 18
2014 09 25 39 4 02
2014 09 25 39 4 01
2014 09 22 39 1 16
2014 06 13 24 5 22
2014 09 18 38 4 22
2014 09 19 38 5 02
2014 09 16 38 2 02
2014 09 06 36 6 10
2014 07 12 28 6 10
2014 09 06 36 6 04
2014 08 31 35 7 09
2014 07 20 29 7 10
2014 08 22 34 5 23
2014 08 20 34 3 17
2014 08 17 33 7 06
2014 08 17 33 7 05
2014 08 01 31 5 03
2014 07 20 29 7 00
2014 07 27 30 7 16
2014 07 25 30 5 20
2014 07 22 30 2 17
2014 07 16 29 3 00
2014 04 21 17 1 17
2014 06 16 25 1 16
2014 07 06 27 7 23
2014 06 10 24 2 02
2014 07 02 27 3 01
2014 07 01 27 2 23
2014 07 01 27 2 22
2014 07 01 27 2 22
2014 07 01 27 2 22
2014 07 01 27 2 22
2014 07 01 27 2 21
2014 07 01 27 2 21
2014 07 01 27 2 20
2014 07 01 27 2 03
2014 07 01 27 2 03
2014 07 01 27 2 03
2014 05 26 22 1 12
2014 06 30 27 1 15
2014 06 29 26 7 17
2014 06 11 24 3 22
2014 06 27 26 5 20
2014 05 25 21 7 10
2014 06 11 24 3 22
2014 06 11 24 3 21
2014 06 26 26 4 06
2014 04 27 17 7 10
2014 06 24 26 2 23
2014 06 11 24 3 00
2014 06 10 24 2 10
2014 06 10 24 2 01
2014 06 08 23 7 11
2014 05 27 22 2 20
2014 05 27 22 2 18
2014 05 25 21 7 09
2014 05 20 21 2 22
2014 05 14 20 3 14
2014 05 14 20 3 14
2014 04 21 17 1 11
2014 05 14 20 3 11
2014 05 13 20 2 16
2014 05 12 20 1 16
2014 05 12 20 1 03
2014 05 10 19 6 17
2014 05 09 19 5 18
2014 04 28 18 1 20
2014 04 27 17 7 08
2014 05 02 18 5 16
2014 05 01 18 4 10
2014 04 30 18 3 22
2014 04 30 18 3 21
2014 04 30 18 3 15
2014 04 28 18 1 21
2014 04 28 18 1 21
2014 04 28 18 1 20
2014 04 27 17 7 14
2014 04 25 17 5 19
2014 04 24 17 4 15
2014 04 20 16 7 14
2014 04 05 14 6 21
2014 03 10 11 1 04
2014 04 18 16 5 22
2014 03 02 09 7 14
2014 04 18 16 5 20
2014 04 18 16 5 06
2014 04 17 16 4 22
2014 04 17 16 4 16
2014 04 15 16 2 22
2014 04 15 16 2 17
2014 04 15 16 2 16
2014 04 15 16 2 00
2014 03 31 14 1 10
2014 03 09 10 7 23
2014 02 15 07 6 21
2014 04 14 16 1 22
2014 04 14 16 1 22
2014 04 14 16 1 20
2014 04 07 15 1 23
2014 04 02 14 3 21
2014 04 01 14 2 20
2014 03 31 14 1 19
2014 03 30 13 7 20
2014 03 30 13 7 20
2014 03 24 13 1 19
2014 03 08 10 6 18
2014 02 01 05 6 01
2014 03 01 09 6 18
2013 12 26 52 4 19
2014 02 16 07 7 12
2014 02 18 08 2 17
2014 02 18 08 2 15
2014 02 09 06 7 15
2014 02 12 07 3 12
2014 02 12 07 3 11
2014 02 14 07 5 23
2014 02 14 07 5 00
2013 07 05 27 5 01
2014 02 13 07 4 11
2014 02 12 07 3 19
2014 02 09 06 7 21
2014 02 09 06 7 21
2013 04 20 16 6 05
2013 04 20 16 6 05
2014 02 09 06 7 17
2014 02 08 06 6 23
2014 02 08 06 6 02
2014 02 07 06 5 08
2014 01 26 04 7 16
2014 01 10 02 5 17
2014 01 25 04 6 21
2014 01 24 04 5 07
2014 01 22 04 3 00
2014 01 13 03 1 18
2014 01 10 02 5 17
2014 01 10 02 5 08
2014 01 10 02 5 08
2014 01 09 02 4 15
2014 01 05 01 7 23
2014 01 05 01 7 23
2013 12 26 52 4 00
2013 12 26 52 4 00
2014 01 05 01 7 21
2014 01 03 01 5 23
2014 01 03 01 5 17
2014 01 02 01 4 18
2013 12 27 52 5 08
2013 12 26 52 4 15
2013 12 23 52 1 21
2013 12 16 51 1 03
2013 12 12 50 4 06
2013 12 09 50 1 19
2013 12 07 49 6 21
2013 12 07 49 6 17
2013 12 07 49 6 02
2013 12 04 49 3 18
2013 12 04 49 3 15
2013 12 04 49 3 12
2013 12 04 49 3 09
2013 12 04 49 3 09
2013 12 03 49 2 16
2013 11 26 48 2 10
2013 11 23 47 6 01
2013 11 19 47 2 18
2013 11 19 47 2 12
2013 11 17 46 7 23
2013 11 14 46 4 21
2013 11 14 46 4 21
2013 11 13 46 3 22
2013 11 13 46 3 04
2013 11 05 45 2 19
2013 11 08 45 5 23
2013 11 07 45 4 20
2013 11 07 45 4 13
2013 11 05 45 2 18
2013 11 03 44 7 11
2013 11 01 44 5 21
2013 10 31 44 4 21
2013 10 28 44 1 23
2013 10 27 43 7 17
2013 10 21 43 1 23
2013 10 24 43 4 20
2013 10 19 42 6 17
2013 10 17 42 4 05
2013 10 16 42 3 11
2013 10 15 42 2 04
2013 10 12 41 6 05
2013 10 11 41 5 15
2013 10 10 41 4 03
2013 10 09 41 3 17
2013 10 08 41 2 13
2013 10 08 41 2 10
2013 10 06 40 7 16
2013 10 06 40 7 15
2013 10 04 40 5 16
2013 09 26 39 4 00
2013 09 25 39 3 16
2013 09 25 39 3 16
2013 09 25 39 3 11
2013 09 25 39 3 03
2013 09 24 39 2 21
2013 09 24 39 2 21
2013 09 24 39 2 21
2013 09 24 39 2 21
2013 09 24 39 2 15
2013 09 24 39 2 14
2013 09 23 39 1 19
2013 09 23 39 1 19
2013 09 17 38 2 17
2013 09 16 38 1 07
2013 09 14 37 6 17
2013 09 09 37 1 07
2013 09 08 36 7 21
2013 09 08 36 7 21
2013 08 31 35 6 22
2013 08 31 35 6 21
2013 08 29 35 4 20
2013 09 08 36 7 17
2013 09 02 36 1 19
2013 08 31 35 6 23
2013 08 31 35 6 23
2013 08 31 35 6 22
2013 08 30 35 5 02
2013 08 29 35 4 20
2013 08 26 35 1 23
2013 08 25 34 7 14
2013 08 25 34 7 05
2013 08 24 34 6 20
2013 03 27 13 3 09
2013 08 24 34 6 15
2013 08 24 34 6 14
2013 08 24 34 6 14
2013 08 22 34 4 04
2013 08 21 34 3 20
2013 03 27 13 3 10
2013 03 27 13 3 09
2013 03 27 13 3 09
2013 08 19 34 1 12
2013 08 17 33 6 17
2013 08 17 33 6 17
2013 08 17 33 6 12
2013 08 17 33 6 01
2013 08 17 33 6 01
2013 08 17 33 6 01
2013 08 16 33 5 22
2013 08 13 33 2 11
2013 08 12 33 1 20
2013 08 12 33 1 14
2013 08 10 32 6 23
2013 08 10 32 6 22
2013 08 08 32 4 21
2013 08 07 32 3 22
2013 08 07 32 3 21
2013 08 04 31 7 22
2013 08 07 32 3 00
2013 08 07 32 3 00
2013 08 04 31 7 21
2013 08 04 31 7 17
2013 08 06 32 2 04
2013 06 12 24 3 04
2013 08 05 32 1 19
2013 07 25 30 4 23
2013 08 04 31 7 10
2013 08 05 32 1 10
2013 08 04 31 7 17
2013 08 04 31 7 17
2013 05 21 21 2 17
2013 06 16 24 7 00
2013 06 15 24 6 23
2013 06 25 26 2 00
2013 06 22 25 6 15
2013 06 20 25 4 22
2013 08 04 31 7 12
2013 08 04 31 7 11
2013 08 04 31 7 08
2013 08 04 31 7 04
2013 04 30 18 2 05
2013 08 04 31 7 01
2013 08 03 31 6 23
2013 08 03 31 6 23
2013 08 03 31 6 22
2013 08 03 31 6 21
2013 08 03 31 6 18
2013 08 03 31 6 06
2013 08 02 31 5 00
2013 08 01 31 4 14
2013 08 01 31 4 06
2013 07 18 29 4 04
2013 08 01 31 4 03
2013 08 01 31 4 00
2013 07 31 31 3 22
2013 07 29 31 1 20
2013 07 29 31 1 14
2013 05 13 20 1 02
2013 03 31 13 7 16
2012 12 30 52 7 02
2012 12 29 52 6 18
2013 07 27 30 6 21
2013 07 21 29 7 08
2013 07 21 29 7 07
2013 07 18 29 4 19
2013 07 18 29 4 03
2013 07 17 29 3 05
2013 07 15 29 1 23
2013 07 15 29 1 22
2013 07 14 28 7 16
2013 07 14 28 7 15
2013 05 09 19 4 05
2013 07 07 27 7 14
2013 07 07 27 7 13
2013 05 05 18 7 16
2013 05 04 18 6 20
2013 05 04 18 6 00
2013 07 07 27 7 12
2013 06 14 24 5 16
2013 06 29 26 6 04
2013 06 29 26 6 00
2013 07 04 27 4 07
2013 06 28 26 5 00
2013 06 26 26 3 15
2013 06 26 26 3 13
2013 06 26 26 3 13
2013 06 26 26 3 04
2013 06 23 25 7 20
2013 06 24 26 1 22
2013 06 24 26 1 22
2013 06 22 25 6 21
2013 06 20 25 4 00
2013 06 14 24 5 21
2013 01 05 01 6 17
2013 01 05 01 6 20
2013 01 05 01 6 17
2013 06 16 24 7 17
2013 01 05 01 6 14
2013 06 15 24 6 21
2013 06 14 24 5 03
2013 06 12 24 3 22
2013 01 19 03 6 01
2013 06 07 23 5 20
2013 06 03 23 1 21
2013 03 24 12 7 15
2013 03 22 12 5 05
2013 01 05 01 6 01
2013 06 03 23 1 21
2013 06 03 23 1 21
2013 01 05 01 6 13
2013 06 03 23 1 21
2013 06 03 23 1 21
2013 01 05 01 6 13
2013 01 05 01 6 00
2013 01 05 01 6 00
2013 01 06 01 7 03
2013 01 05 01 6 01
2013 01 05 01 6 00
2013 06 03 23 1 21
2013 01 06 01 7 03
2013 01 04 01 5 20
2013 06 12 24 3 20
2013 06 12 24 3 04
2013 06 12 24 3 03
2013 06 11 24 2 04
2013 06 09 23 7 00
2013 06 07 23 5 00
2013 06 03 23 1 17
2013 05 21 21 2 17
2013 03 24 12 7 20
2013 03 24 12 7 20
2013 03 24 12 7 19
2013 03 24 12 7 15
2013 03 24 12 7 13
2013 06 02 22 7 15
2013 05 26 21 7 12
2013 05 25 21 6 00
2013 05 25 21 6 00
2013 05 26 21 7 11
2013 05 26 21 7 11
2013 05 27 22 1 06
2013 05 26 21 7 12
2013 05 24 21 5 06
2013 05 19 20 7 14
2013 05 18 20 6 15
2013 05 18 20 6 08
2013 05 16 20 4 07
2013 05 15 20 3 08
2013 05 13 20 1 05
2013 05 10 19 5 09
2013 05 09 19 4 01
2013 05 08 19 3 15
2013 05 06 19 1 16
2013 05 06 19 1 15
2013 05 04 18 6 10
2013 04 14 15 7 19
2013 05 03 18 5 02
2013 04 27 17 6 01
2013 04 24 17 3 22
2013 04 24 17 3 18
2013 04 23 17 2 20
2013 04 23 17 2 17
2013 04 23 17 2 16
2013 04 23 17 2 15
2013 04 22 17 1 13
2013 04 22 17 1 22
2013 04 23 17 2 02
2013 04 23 17 2 02
2013 04 23 17 2 02
2013 04 23 17 2 01
2013 04 22 17 1 00
2013 04 22 17 1 00
2013 04 20 16 6 21
2013 04 20 16 6 18
2013 04 20 16 6 17
2013 04 20 16 6 05
2013 04 20 16 6 00
2013 04 19 16 5 20
2013 04 19 16 5 19
2013 04 18 16 4 08
2013 04 18 16 4 06
2013 04 17 16 3 10
2013 04 17 16 3 20
2013 04 17 16 3 10
2013 04 17 16 3 04
2013 04 17 16 3 02
2013 04 16 16 2 19
2013 04 15 16 1 00
2013 04 14 15 7 20
2013 04 14 15 7 23
2013 04 14 15 7 16
2013 04 14 15 7 16
2013 04 14 15 7 18
2013 04 14 15 7 16
2013 04 14 15 7 10
2013 04 14 15 7 01
2013 04 13 15 6 22
2013 04 13 15 6 23
2013 04 13 15 6 22
2013 04 13 15 6 21
2013 04 13 15 6 06
2013 04 13 15 6 05
2013 04 12 15 5 17
2013 04 12 15 5 16
2013 04 12 15 5 09
2013 04 12 15 5 04
2013 04 12 15 5 04
2013 04 11 15 4 21
2013 04 11 15 4 02
2013 04 11 15 4 01
2013 04 07 14 7 23
2013 04 06 14 6 18
2013 04 05 14 5 08
2013 04 04 14 4 01
2013 04 03 14 3 00
2013 04 01 14 1 13
2013 03 24 12 7 15
2013 03 25 13 1 20
2013 03 27 13 3 23
2013 03 27 13 3 04
2013 03 26 13 2 06
2013 03 01 09 5 12
2013 03 26 13 2 06
2013 03 26 13 2 06
2013 03 26 13 2 03
2013 03 26 13 2 03
2013 03 25 13 1 18
2013 03 25 13 1 11
2013 03 25 13 1 11
2012 12 09 49 7 23
2013 03 24 12 7 03
2013 01 12 02 6 20
2013 02 02 05 6 00
2013 03 23 12 6 16
2013 01 04 01 5 22
2013 01 04 01 5 21
2013 03 11 11 1 13
2013 03 11 11 1 13
2013 01 04 01 5 21
2013 01 04 01 5 20
2013 03 21 12 4 12
2013 03 21 12 4 11
2013 03 21 12 4 06
2013 03 20 12 3 21
2013 03 20 12 3 16
2013 03 19 12 2 13
2013 03 19 12 2 13
2013 03 19 12 2 12
2013 03 19 12 2 01
2013 03 19 12 2 01
2013 03 18 12 1 04
2013 03 16 11 6 19
2013 01 15 03 2 09
2013 03 10 10 7 06
2013 03 15 11 5 05
2013 01 05 01 6 02
2013 01 04 01 5 20
2013 01 04 01 5 20
2013 03 12 11 2 20
2013 03 12 11 2 07
2013 03 12 11 2 07
2013 01 11 02 5 01
2013 03 11 11 1 07
2012 11 27 48 2 13
2013 03 06 10 3 16
2013 01 04 01 5 19
2013 03 11 11 1 07
2013 03 11 11 1 07
2013 03 11 11 1 04
2013 03 11 11 1 06
2013 03 11 11 1 06
2013 03 11 11 1 04
2013 03 10 10 7 14
2013 03 10 10 7 07
2013 03 09 10 6 22
2013 03 06 10 3 20
2013 03 06 10 3 15
2013 01 04 01 5 15
2013 03 06 10 3 09
2012 12 19 51 3 13
2013 03 06 10 3 09
2013 01 05 01 6 09
2013 01 15 03 2 02
2013 01 23 04 3 18
2013 01 23 04 3 18
2013 01 23 04 3 18
2013 01 30 05 3 05
2013 01 25 04 5 02
2013 01 24 04 4 01
2013 02 10 06 7 00
2013 02 10 06 7 01
2013 02 14 07 4 14
2013 02 17 07 7 16
2013 02 21 08 4 12
2013 02 21 08 4 12
2013 02 21 08 4 15
2013 02 23 08 6 23
2013 02 24 08 7 05
2013 02 24 08 7 08
2013 02 26 09 2 14
2013 02 25 09 1 00
2013 02 25 09 1 19
2013 03 03 09 7 03
2013 03 04 10 1 06
2013 03 04 10 1 05
2013 03 04 10 1 04
2013 03 01 09 5 01
2013 03 01 09 5 00
2013 03 01 09 5 00
2013 02 24 08 7 01
2013 02 10 06 7 01
2013 02 11 07 1 02
2013 02 11 07 1 02
2013 02 10 06 7 21
2013 02 10 06 7 17
2013 02 10 06 7 06
2013 02 09 06 6 23
2013 02 09 06 6 15
2013 02 09 06 6 15
2013 02 08 06 5 00
2013 01 29 05 2 04
2013 01 29 05 2 04
2013 01 29 05 2 04
2012 07 10 28 2 04
2012 07 10 28 2 04
2013 01 29 05 2 03
2012 06 21 25 4 15
2013 01 24 04 4 14
2012 12 19 51 3 15
2012 12 11 50 2 16
2012 12 11 50 2 05
2012 12 18 51 2 14
2013 01 21 04 1 00
2013 01 19 03 6 17
2013 01 19 03 6 16
2013 01 19 03 6 01
2013 01 19 03 6 01
2013 01 18 03 5 23
2013 01 18 03 5 13
2013 01 18 03 5 13
2013 01 04 01 5 19
2013 01 04 01 5 19
2013 01 04 01 5 13
2013 01 04 01 5 17
2013 01 04 01 5 17
2013 01 04 01 5 16
2013 01 04 01 5 19
2013 01 17 03 4 15
2013 01 16 03 3 05
2013 01 16 03 3 04
2013 01 15 03 2 22
2013 01 03 01 4 19
2013 01 15 03 2 14
2013 01 11 02 5 21
2013 01 11 02 5 18
2013 01 11 02 5 18
2013 01 11 02 5 18
2013 01 11 02 5 03
2013 01 11 02 5 02
2013 01 07 02 1 10
2013 01 04 01 5 00
2013 01 03 01 4 18
2012 12 22 51 6 00
2013 01 02 01 3 13
2013 01 02 01 3 11
2013 01 01 01 2 00
2012 12 29 52 6 18
2012 12 25 52 2 22
2012 12 25 52 2 22
2012 12 18 51 2 12
2012 11 07 45 3 10
2012 12 11 50 2 06
2012 12 11 50 2 06
2012 12 11 50 2 06
2012 12 09 49 7 08
2012 12 07 49 5 21
2012 12 07 49 5 01
2012 12 07 49 5 00
2012 12 07 49 5 00
2012 12 06 49 4 18
2012 12 04 49 2 02
2012 12 04 49 2 01
2012 12 04 49 2 01
2012 12 04 49 2 01
2012 12 04 49 2 01
2012 12 04 49 2 01
2012 12 04 49 2 00
2012 12 03 49 1 22
2012 12 03 49 1 22
2012 12 03 49 1 21
2012 11 30 48 5 09
2012 11 30 48 5 02
2012 11 30 48 5 01
2012 11 30 48 5 01
2012 11 30 48 5 01
2012 11 28 48 3 01
2012 11 28 48 3 00
2012 12 03 49 1 01
2012 10 28 43 7 15
2012 12 02 48 7 19
2012 12 01 48 6 21
2012 12 01 48 6 18
2012 12 01 48 6 18
2012 11 30 48 5 15
2012 11 30 48 5 10
2012 11 30 48 5 10
2012 11 28 48 3 22
2012 11 28 48 3 22
2012 11 29 48 4 19
2012 11 29 48 4 15
2012 11 26 48 1 04
2012 11 29 48 4 14
2012 11 29 48 4 14
2012 11 23 47 5 02
2012 11 28 48 3 01
2012 11 28 48 3 00
2012 11 24 47 6 00
2012 11 24 47 6 00
2012 11 24 47 6 00
2012 11 24 47 6 00
2012 11 24 47 6 00
2012 11 26 48 1 19
2012 11 26 48 1 17
2012 11 24 47 6 12
2012 11 23 47 5 15
2012 11 23 47 5 15
2012 11 22 47 4 13
2012 11 21 47 3 16
2012 11 21 47 3 16
2012 11 21 47 3 14
2012 11 21 47 3 13
2012 11 21 47 3 14
2012 11 21 47 3 13
2012 11 21 47 3 13
2012 11 20 47 2 23
2012 11 20 47 2 00
2012 11 20 47 2 00
2012 11 20 47 2 00
2012 11 17 46 6 01
2012 11 16 46 5 17
2012 11 15 46 4 20
2012 11 15 46 4 20
2012 11 15 46 4 07
2012 11 13 46 2 01
2012 11 13 46 2 01
2012 11 12 46 1 23
2012 11 12 46 1 23
2012 11 07 45 3 20
2012 11 07 45 3 02
2012 10 31 44 3 12
2012 10 31 44 3 12
2012 10 30 44 2 21
2012 10 30 44 2 21
2012 10 30 44 2 21
2012 10 30 44 2 11
2012 10 25 43 4 16
2012 10 25 43 4 16
2012 10 25 43 4 16
2012 10 22 43 1 23
2012 10 20 42 6 16
2012 10 20 42 6 16
2012 11 06 45 2 01
2012 11 06 45 2 00
2012 11 05 45 1 23
2012 10 09 41 2 00
2012 11 06 45 2 23
2012 10 24 43 3 23
2012 10 24 43 3 22
2012 10 22 43 1 23
2012 10 22 43 1 23
2012 11 04 44 7 05
2012 11 04 44 7 03
2012 11 04 44 7 03
2012 11 03 44 6 13
2012 11 03 44 6 13
2012 11 03 44 6 13
2012 11 03 44 6 12
2012 10 30 44 2 18
2012 10 30 44 2 02
2012 10 30 44 2 02
2012 10 30 44 2 00
2012 03 18 11 7 09
2012 03 16 11 5 21
2012 03 05 10 1 15
2012 10 29 44 1 00
2012 10 28 43 7 23
2012 10 28 43 7 20
2012 09 23 38 7 10
2012 10 28 43 7 20
2012 10 26 43 5 19
2012 10 25 43 4 22
2012 10 25 43 4 14
2012 10 25 43 4 14
2012 10 01 40 1 18
2012 10 22 43 1 23
2012 10 22 43 1 16
2012 10 20 42 6 17
2012 10 18 42 4 20
2012 10 16 42 2 01
2012 10 15 42 1 22
2012 10 13 41 6 19
2012 10 13 41 6 19
2012 10 13 41 6 02
2012 10 13 41 6 01
2012 10 12 41 5 23
2012 10 12 41 5 22
2012 10 12 41 5 22
2012 10 12 41 5 22
2012 10 01 40 1 16
2012 09 28 39 5 17
2012 09 23 38 7 22
2012 09 19 38 3 19
2012 09 18 38 2 04
2012 09 17 38 1 14
2012 09 14 37 5 19
2012 09 11 37 2 18
2012 09 11 37 2 16
2012 09 11 37 2 15
2012 09 11 37 2 05
2012 09 11 37 2 05
2012 09 09 36 7 06
2012 09 08 36 6 17
2012 09 08 36 6 12
2012 09 07 36 5 08
2012 09 05 36 3 00
2012 09 03 36 1 00
2012 08 21 34 2 13
2012 08 31 35 5 22
2012 08 28 35 2 00
2012 08 22 34 3 23
2012 08 18 33 6 19
2012 10 08 41 1 02
2012 10 07 40 7 04
2012 10 03 40 3 22
2012 10 03 40 3 22
2012 10 03 40 3 22
2012 10 03 40 3 22
2012 10 03 40 3 22
2012 10 02 40 2 02
2012 10 02 40 2 01
2012 10 01 40 1 16
2012 09 28 39 5 23
2012 09 28 39 5 23
2012 09 28 39 5 22
2012 09 28 39 5 17
2012 09 28 39 5 14
2012 09 27 39 4 19
2012 09 26 39 3 20
2012 09 26 39 3 20
2012 09 23 38 7 22
2012 09 19 38 3 19
2012 09 18 38 2 04
2012 09 17 38 1 14
2012 09 07 36 5 08
2012 09 14 37 5 19
2012 09 11 37 2 18
2012 09 11 37 2 16
2012 09 11 37 2 15
2012 09 11 37 2 05
2012 09 11 37 2 05
2012 09 09 36 7 06
2012 09 08 36 6 17
2012 09 08 36 6 12
2012 09 07 36 5 08
2012 09 05 36 3 00
2012 06 23 25 6 23
2012 09 04 36 2 00
2012 09 03 36 1 00
2012 09 03 36 1 01
2012 09 02 35 7 20
2012 09 02 35 7 20
2012 08 21 34 2 13
2012 09 02 35 7 10
2012 09 02 35 7 10
2012 09 02 35 7 09
2012 09 01 35 6 05
2012 08 31 35 5 22
2012 08 30 35 4 23
2012 08 29 35 3 21
2012 08 28 35 2 00
2012 08 27 35 1 18
2012 08 27 35 1 22
2012 08 25 34 6 23
2012 08 25 34 6 22
2012 08 24 34 5 22
2012 08 24 34 5 03
2012 08 23 34 4 22
2012 08 23 34 4 21
2012 08 23 34 4 20
2012 08 23 34 4 16
2012 08 22 34 3 23
2012 08 21 34 2 23
2012 08 21 34 2 18
2012 08 18 33 6 19
2012 08 16 33 4 13
2012 08 16 33 4 13
2012 08 13 33 1 20
2012 08 13 33 1 20
2012 08 08 32 3 21
2012 08 08 32 3 19
2012 08 08 32 3 19
2012 08 08 32 3 18
2012 08 08 32 3 17
2012 08 06 32 1 18
2012 08 06 32 1 18
2012 08 06 32 1 16
2012 08 06 32 1 15
2012 08 06 32 1 14
2012 08 06 32 1 02
2012 08 04 31 6 20
2012 08 04 31 6 17
2012 08 04 31 6 04
2012 08 03 31 5 17
2012 08 02 31 4 03
2012 08 01 31 3 19
2012 08 01 31 3 19
2012 07 31 31 2 20
2012 07 31 31 2 18
2012 07 27 30 5 00
2012 07 27 30 5 00
2012 07 27 30 5 00
2012 07 26 30 4 22
2012 07 23 30 1 18
2012 07 23 30 1 18
2012 07 23 30 1 18
2012 07 22 29 7 18
2012 07 21 29 6 02
2012 07 20 29 5 13
2012 07 20 29 5 12
2012 07 20 29 5 11
2012 07 20 29 5 10
2012 07 20 29 5 02
2012 07 18 29 3 20
2012 07 18 29 3 20
2012 07 18 29 3 18
2012 07 18 29 3 18
2012 07 18 29 3 18
2012 07 18 29 3 18
2012 07 18 29 3 18
2012 07 17 29 2 13
2012 07 16 29 1 23
2012 07 16 29 1 22
2012 07 16 29 1 18
2012 07 16 29 1 17
2012 07 16 29 1 05
2012 07 15 28 7 22
2012 07 15 28 7 03
2012 07 15 28 7 03
2012 07 15 28 7 02
2012 07 15 28 7 02
2012 07 12 28 4 16
2012 07 12 28 4 15
2012 07 12 28 4 06
2012 07 12 28 4 05
2012 07 11 28 3 11
2012 07 11 28 3 05
2012 07 10 28 2 21
2012 07 10 28 2 21
2012 07 10 28 2 16
2012 07 10 28 2 16
2012 07 10 28 2 13
2012 07 10 28 2 07
2012 07 10 28 2 04
2012 07 10 28 2 04
2012 07 09 28 1 20
2012 07 09 28 1 20
2012 07 09 28 1 19
2012 07 09 28 1 15
2012 07 09 28 1 02
2012 07 08 27 7 01
2012 07 07 27 6 21
2012 07 07 27 6 19
2012 07 07 27 6 17
2012 07 07 27 6 16
2012 07 05 27 4 21
2012 07 05 27 4 20
2012 07 05 27 4 02
2012 07 05 27 4 01
2012 07 05 27 4 00
2012 07 05 27 4 00
2012 07 05 27 4 00
2012 07 05 27 4 00
2012 07 05 27 4 00
2012 07 05 27 4 00
2012 07 04 27 3 23
2012 07 04 27 3 23
2012 07 04 27 3 21
2012 07 04 27 3 19
2012 07 03 27 2 15
2012 07 01 26 7 19
2012 06 27 26 3 16
2012 06 27 26 3 04
2012 06 27 26 3 04
2012 06 26 26 2 16
2012 06 25 26 1 17
2012 06 25 26 1 14
2012 06 21 25 4 15
2012 06 21 25 4 15
2012 06 21 25 4 05
2012 06 21 25 4 02
2012 06 21 25 4 01
2012 06 21 25 4 01
2012 06 16 24 6 20
2012 06 16 24 6 19
2012 06 15 24 5 05
2012 06 15 24 5 05
2012 06 14 24 4 23
2012 06 14 24 4 23
2012 06 14 24 4 16
2012 06 13 24 3 21
2012 06 11 24 1 21
2012 06 11 24 1 15
2012 06 11 24 1 15
2012 06 11 24 1 14
2012 06 11 24 1 00
2012 06 11 24 1 00
2012 06 10 23 7 23
2012 06 10 23 7 21
2012 06 10 23 7 21
2012 06 10 23 7 13
2012 06 10 23 7 13
2012 06 10 23 7 13
2012 06 10 23 7 12
2012 06 10 23 7 00
2012 06 09 23 6 20
2012 06 08 23 5 18
2012 06 08 23 5 11
2012 06 08 23 5 11
2012 05 21 21 1 15
2012 05 19 20 6 23
2012 05 15 20 2 23
2012 05 15 20 2 10
2012 05 14 20 1 19
2012 05 14 20 1 19
2012 05 13 19 7 23
2012 05 12 19 6 23
2012 05 12 19 6 11
2012 05 12 19 6 02
2012 05 12 19 6 01
2012 05 12 19 6 01
2012 05 11 19 5 22
2012 05 07 19 1 17
2012 05 07 19 1 13
2012 05 10 19 4 00
2012 05 07 19 1 23
2012 05 07 19 1 17
2012 05 07 19 1 13
2012 05 07 19 1 12
2012 05 06 18 7 12
2012 05 06 18 7 12
2012 05 06 18 7 02
2012 05 06 18 7 01
2012 05 02 18 3 10
2012 05 02 18 3 05
2012 05 02 18 3 05
2012 05 02 18 3 04
2012 04 30 18 1 10
2012 04 29 17 7 14
2012 04 29 17 7 11
2012 04 29 17 7 05
2012 04 28 17 6 19
2012 04 28 17 6 19
2012 04 28 17 6 02
2012 04 28 17 6 02
2012 04 28 17 6 02
2012 04 28 17 6 02
2012 04 28 17 6 02
2012 04 28 17 6 01
2012 04 23 17 1 23
2012 04 20 16 5 02
2012 04 19 16 4 07
2012 04 19 16 4 07
2012 04 19 16 4 07
2012 04 18 16 3 18
2012 04 18 16 3 16
2012 04 18 16 3 14
2012 04 18 16 3 10
2012 04 18 16 3 09
2012 04 18 16 3 09
2012 04 18 16 3 09
2012 04 17 16 2 02
2012 04 16 16 1 21
2012 04 16 16 1 18
2012 04 15 15 7 16
2012 04 15 15 7 16
2012 04 15 15 7 15
2012 04 15 15 7 15
2012 04 15 15 7 01
2012 04 15 15 7 01
2012 04 14 15 6 23
2012 04 13 15 5 04
2012 04 13 15 5 04
2012 04 10 15 2 18
2012 04 10 15 2 11
2012 04 10 15 2 06
2012 04 10 15 2 06
2012 04 10 15 2 06
2012 04 10 15 2 04
2012 04 08 14 7 02
2012 04 07 14 6 17
2012 04 07 14 6 11
2012 04 06 14 5 21
2012 04 06 14 5 09
2012 04 05 14 4 06
2012 04 04 14 3 23
2012 04 04 14 3 22
2012 04 04 14 3 22
2012 04 04 14 3 22
2012 04 04 14 3 22
2012 04 04 14 3 22
2012 04 04 14 3 22
2012 04 04 14 3 22
2012 04 03 14 2 11
2012 04 02 14 1 01
2012 04 01 13 7 15
2012 04 01 13 7 14
2012 04 01 13 7 13
2012 04 01 13 7 13
2012 04 01 13 7 13
2012 04 01 13 7 13
2012 04 01 13 7 13
2012 04 01 13 7 13
2012 04 01 13 7 03
2012 03 31 13 6 19
2012 03 31 13 6 17
2012 03 30 13 5 14
2012 03 30 13 5 14
2012 03 30 13 5 13
2012 03 30 13 5 13
2012 03 30 13 5 13
2012 03 25 12 7 19
2012 03 25 12 7 18
2012 03 24 12 6 06
2012 03 24 12 6 05
2012 03 16 11 5 07
2012 03 23 12 5 19
2012 03 23 12 5 15
2012 03 23 12 5 10
2012 03 22 12 4 17
2012 03 22 12 4 15
2012 03 22 12 4 08
2012 03 21 12 3 00
2012 03 21 12 3 00
2012 03 20 12 2 23
2012 03 20 12 2 23
2012 03 20 12 2 14
2012 03 20 12 2 01
2012 03 20 12 2 01
2012 03 18 11 7 22
2012 03 18 11 7 15
2012 03 18 11 7 07
2012 03 17 11 6 04
2012 03 16 11 5 21
2012 03 16 11 5 21
2012 03 16 11 5 21
2012 03 16 11 5 20
2012 03 16 11 5 19
2012 03 16 11 5 19
2012 03 16 11 5 15
2012 03 16 11 5 15
2012 03 16 11 5 15
2012 03 16 11 5 15
2012 03 15 11 4 20
2012 03 15 11 4 19
2012 03 15 11 4 01
2012 03 15 11 4 01
2012 03 15 11 4 01
2012 03 14 11 3 21
2012 03 14 11 3 21
2012 03 14 11 3 20
2012 03 14 11 3 12
2012 03 14 11 3 09
2012 03 13 11 2 17
2012 03 13 11 2 17
2012 03 13 11 2 16
2012 03 13 11 2 02
2012 03 13 11 2 02
2012 03 13 11 2 02
2012 03 13 11 2 02
2012 03 11 10 7 20
2012 03 11 10 7 20
2012 03 11 10 7 18
2012 03 11 10 7 18
2012 03 11 10 7 18
2012 03 11 10 7 17
2012 03 11 10 7 17
2012 03 11 10 7 17
2012 03 11 10 7 17
2012 03 11 10 7 17
2012 03 11 10 7 17
2012 03 11 10 7 17
2012 03 11 10 7 15
2012 03 11 10 7 15
2012 03 11 10 7 11
2012 03 11 10 7 03
2012 03 11 10 7 02
2012 03 11 10 7 02
2012 03 11 10 7 01
2012 03 11 10 7 01
2012 03 06 10 2 00
2012 03 06 10 2 00
2012 03 11 10 7 01
2012 03 11 10 7 01
2012 03 11 10 7 01
2012 03 10 10 6 13
2012 03 10 10 6 12
2012 03 10 10 6 13
2012 03 10 10 6 12
2012 03 10 10 6 12
2012 03 10 10 6 11
2012 03 09 10 5 16
2012 03 09 10 5 16
2012 03 09 10 5 16
2012 03 09 10 5 16
2012 03 09 10 5 15
2012 03 09 10 5 15
2012 03 09 10 5 01
2012 03 07 10 3 13
2012 03 07 10 3 13
2012 03 07 10 3 13
2012 03 07 10 3 11
2012 03 07 10 3 11
2012 03 07 10 3 11
2012 03 07 10 3 11
2012 03 06 10 2 17
2012 03 05 10 1 23
2012 03 05 10 1 23
2012 03 02 09 5 23
2012 03 02 09 5 16
2012 03 01 09 4 15
2011 12 24 51 6 01
2011 12 24 51 6 00
2011 12 23 51 5 23
2011 12 22 51 4 17
2011 12 22 51 4 16
2011 12 22 51 4 16
2012 03 06 10 2 17
2012 03 06 10 2 15
2012 03 03 09 6 18
2012 02 29 09 3 18
2012 02 28 09 2 19
2012 02 28 09 2 18
2012 02 28 09 2 17
2012 02 21 08 2 17
2012 02 21 08 2 17
2011 10 19 42 3 07
2011 10 19 42 3 07
2011 10 19 42 3 07
2012 02 27 09 1 21
2012 02 27 09 1 19
2012 02 27 09 1 19
2012 02 27 09 1 17
2012 02 26 08 7 08
2012 02 20 08 1 17
2012 02 20 08 1 17
2012 02 20 08 1 13
2012 02 20 08 1 13
2012 02 12 06 7 18
2012 01 12 02 4 11
2011 12 29 52 4 16
2011 12 24 51 6 01
2011 12 22 51 4 14
2011 12 14 50 3 14
2011 12 14 50 3 00
2011 11 27 47 7 12
2011 11 30 48 3 21
2011 11 30 48 3 21
2011 11 30 48 3 21
2011 11 29 48 2 16
2011 11 29 48 2 02
2011 11 27 47 7 18
2011 11 27 47 7 18
2011 11 27 47 7 00
2011 11 26 47 6 23
2011 11 25 47 5 18
2011 11 23 47 3 21
2011 11 23 47 3 21
2011 11 06 44 7 13
2011 10 30 43 7 18
2011 10 30 43 7 14
2011 10 30 43 7 14
2011 10 29 43 6 18
2011 10 29 43 6 12
2011 10 25 43 2 18
2011 10 23 42 7 21
2011 10 23 42 7 20
2011 10 23 42 7 19
2011 10 19 42 3 11
2011 10 18 42 2 22
2011 10 14 41 5 17
2011 10 04 40 2 07
2011 10 04 40 2 07
2011 10 03 40 1 16
2011 09 30 39 5 22
2011 09 30 39 5 16
2011 09 10 36 6 11
2011 09 07 36 3 18
2011 09 07 36 3 17
2011 09 06 36 2 19
2011 09 06 36 2 18
2011 09 06 36 2 18
2011 08 30 35 2 23
2011 08 30 35 2 22
2011 08 30 35 2 16
2011 08 30 35 2 15
2011 08 30 35 2 14
2011 08 22 34 1 19
2011 08 20 33 6 15
2011 08 19 33 5 23
2011 08 19 33 5 16
2011 08 19 33 5 16
2011 08 19 33 5 16
2011 08 18 33 4 20
2011 08 18 33 4 13
2011 08 18 33 4 13
2011 08 18 33 4 13
2011 08 17 33 3 10
2011 08 16 33 2 18
2011 08 16 33 2 15
2011 08 16 33 2 11
2011 08 16 33 2 11
2011 08 11 32 4 23
2011 08 11 32 4 23
2011 08 11 32 4 22
2011 08 11 32 4 11
2011 08 11 32 4 11
2011 06 16 24 4 01
2011 08 04 31 4 00
2011 08 03 31 3 22
2011 08 03 31 3 22
2011 08 03 31 3 22
2011 08 03 31 3 22
2011 08 03 31 3 21
2011 08 03 31 3 19
2011 08 03 31 3 17
2011 08 03 31 3 01
2011 07 29 30 5 22
2011 07 29 30 5 22
2011 07 29 30 5 01
2011 07 27 30 3 01
2011 07 26 30 2 17
2011 07 23 29 6 16
2011 07 23 29 6 15
2011 07 23 29 6 14
2011 07 22 29 5 18
2011 07 22 29 5 02
2011 07 22 29 5 02
2011 07 22 29 5 01
2011 05 26 21 4 23
2011 07 21 29 4 19
2011 07 21 29 4 18
2011 07 21 29 4 18
2011 07 19 29 2 12
2011 07 19 29 2 12
2011 07 16 28 6 00
2011 07 16 28 6 00
2011 07 03 26 7 06
2011 07 02 26 6 22
2011 07 02 26 6 22
2011 07 02 26 6 22
2011 07 02 26 6 22
2011 07 02 26 6 21
2011 07 01 26 5 22
2011 06 30 26 4 23
2011 06 30 26 4 23
2011 06 17 24 5 21
2011 06 17 24 5 21
2011 06 17 24 5 21
2011 06 12 23 7 22
2011 06 22 25 3 19
2011 06 21 25 2 12
2011 06 18 24 6 19
2011 06 18 24 6 18
2011 06 18 24 6 01
2011 06 17 24 5 23
2011 06 17 24 5 20
2011 06 17 24 5 19
2011 06 17 24 5 19
2011 06 16 24 4 14
2011 06 13 24 1 18
2011 06 13 24 1 18
2011 06 13 24 1 14
2011 06 13 24 1 11
2011 06 13 24 1 07
2011 06 13 24 1 01
2011 06 13 24 1 01
2011 06 12 23 7 22
2011 06 12 23 7 22
2011 06 12 23 7 22
2011 06 12 23 7 19
2011 06 12 23 7 19
2011 06 11 23 6 21
2011 06 04 22 6 15
2011 06 04 22 6 15
2011 06 03 22 5 18
2011 06 01 22 3 23
2011 06 01 22 3 18
2011 05 31 22 2 12
2011 05 27 21 5 19
2011 05 22 20 7 18
2011 05 19 20 4 19
2011 05 19 20 4 19
2011 05 19 20 4 18
2011 05 18 20 3 20
2011 05 15 19 7 12
2011 05 14 19 6 17
2011 05 14 19 6 15
2011 05 14 19 6 12
2011 05 11 19 3 12
2011 05 11 19 3 11
2011 05 11 19 3 05
2011 05 10 19 2 03
2011 05 11 19 3 00
2011 05 11 19 3 00
2011 05 11 19 3 00
2011 05 08 18 7 17
2011 05 08 18 7 15
2011 05 08 18 7 15
2011 05 08 18 7 15
2011 05 08 18 7 13
2011 05 07 18 6 23
2011 05 07 18 6 21
2011 05 07 18 6 20
2011 05 07 18 6 20
2011 05 07 18 6 18
2011 05 06 18 5 22
2011 05 06 18 5 22
2011 05 06 18 5 21
2011 05 06 18 5 19
2011 05 06 18 5 19
2011 05 06 18 5 19
2011 05 06 18 5 19
2011 05 06 18 5 19
2011 05 06 18 5 19
2011 05 06 18 5 13
2011 05 06 18 5 12
2011 05 06 18 5 12
2011 05 06 18 5 12
2011 05 06 18 5 12
2011 04 27 17 3 18
2011 04 27 17 3 11
2011 04 26 17 2 23
2011 04 26 17 2 20
2011 04 26 17 2 20
2011 04 26 17 2 19
2011 04 26 17 2 19
2011 04 26 17 2 13
2011 04 26 17 2 12
2011 04 26 17 2 12
2011 04 26 17 2 01
2011 04 26 17 2 01
2011 04 26 17 2 00
2011 04 26 17 2 00
2011 04 26 17 2 02
2011 04 26 17 2 02
2011 04 26 17 2 02
2011 04 26 17 2 00
2011 04 25 17 1 00
2011 04 25 17 1 00
2011 04 25 17 1 00
2011 04 25 17 1 00
2011 04 25 17 1 00
2011 04 24 16 7 18
2011 04 24 16 7 18
2011 04 25 17 1 12
2011 04 24 16 7 13
2011 04 21 16 4 19
2011 04 26 17 2 14
2011 04 26 17 2 13
2011 04 26 17 2 02
2011 04 26 17 2 02
2011 04 26 17 2 02
2011 04 26 17 2 01
2011 04 26 17 2 01
2011 04 26 17 2 00
2011 04 26 17 2 00
2011 04 26 17 2 00
2011 04 25 17 1 12
2011 04 25 17 1 00
2011 04 25 17 1 00
2011 04 25 17 1 00
2011 04 25 17 1 00
2011 04 25 17 1 00
2011 04 24 16 7 18
2011 04 24 16 7 18
2011 04 24 16 7 13
2011 04 21 16 4 19
2011 04 21 16 4 17
2011 04 20 16 3 16
2011 04 20 16 3 14
2011 04 11 15 1 20
2011 04 11 15 1 14
2011 04 18 16 1 17
2011 04 19 16 2 15
2011 04 19 16 2 14
2011 04 19 16 2 11
2011 04 18 16 1 20
2011 04 18 16 1 17
2011 03 27 12 7 12
2011 03 27 12 7 12
2011 03 26 12 6 17
2011 03 23 12 3 17
2011 03 23 12 3 09
2011 03 23 12 3 09
2011 03 23 12 3 08
2011 03 09 10 3 13
2011 03 09 10 3 12
2011 03 08 10 2 20
2011 03 08 10 2 16
2011 02 27 08 7 05
2011 02 26 08 6 17
2011 02 24 08 4 06
2011 02 24 08 4 06
2011 02 22 08 2 11
2011 02 22 08 2 11
2011 02 22 08 2 11
2011 02 22 08 2 11
2011 02 22 08 2 11
2011 02 18 07 5 14
2011 02 18 07 5 13
2011 02 18 07 5 13
2011 02 18 07 5 11
2011 02 17 07 4 20
2011 02 17 07 4 20
2011 02 15 07 2 15
2011 02 16 07 3 15
2011 02 15 07 2 23
2011 02 14 07 1 15
2011 02 14 07 1 15
2011 02 14 07 1 11
2011 02 16 07 3 09
2011 02 15 07 2 23
2011 02 15 07 2 18
2011 02 15 07 2 14
2011 02 15 07 2 14
2011 02 15 07 2 13
2011 02 15 07 2 13
2011 02 15 07 2 13
2011 02 15 07 2 13
2011 02 15 07 2 13
2011 02 15 07 2 13
2011 02 14 07 1 19
2011 02 14 07 1 16
2011 02 14 07 1 16
2011 02 14 07 1 15
2011 02 14 07 1 15
2011 02 14 07 1 11
2011 02 14 07 1 11
2011 02 11 06 5 15
2011 02 11 06 5 15
2011 02 10 06 4 02
2011 02 10 06 4 02
2011 02 09 06 3 22
2011 02 09 06 3 22
2011 02 01 05 2 23
2011 02 01 05 2 22
2011 02 01 05 2 22
2011 02 01 05 2 18
2011 02 01 05 2 14
2011 02 01 05 2 03
2011 02 01 05 2 02
2011 01 26 04 3 17
2011 01 25 04 2 17
2011 01 25 04 2 17
2011 01 25 04 2 17
2011 01 25 04 2 17
2011 01 25 04 2 14
2011 01 25 04 2 01
2011 01 25 04 2 00
2011 01 24 04 1 23
2011 01 24 04 1 23
2011 01 24 04 1 23
2011 01 24 04 1 02
2011 01 23 03 7 22
2011 01 20 03 4 01
2011 01 19 03 3 16
2011 01 13 02 4 00
2011 01 13 02 4 00
2011 01 12 02 3 23
2011 01 12 02 3 19
2011 01 06 01 4 02
2011 01 06 01 4 02
2011 01 05 01 3 16
2011 01 05 01 3 16
2011 01 05 01 3 16
2011 01 05 01 3 14
2011 01 05 01 3 14
2011 01 05 01 3 13
2010 12 30 52 4 15
2011 01 02 52 7 00
2011 01 01 52 6 21
2010 12 29 52 3 15
2010 12 29 52 3 14
2010 12 29 52 3 14
2010 12 29 52 3 14
2010 12 28 52 2 00
2010 12 26 51 7 21
2010 12 25 51 6 15
2010 12 25 51 6 15
2010 12 21 51 2 21
2010 12 22 51 3 01
2010 12 22 51 3 00
2010 12 21 51 2 23
2010 12 20 51 1 23
2010 12 20 51 1 22
2010 12 20 51 1 22
2010 12 18 50 6 22
2010 12 19 50 7 04
2010 12 19 50 7 02
2010 12 19 50 7 02
2010 12 19 50 7 02
2010 12 18 50 6 22
2010 12 18 50 6 22
2010 12 18 50 6 22
2010 12 18 50 6 22
2010 12 18 50 6 21
2010 12 18 50 6 21
2010 12 18 50 6 21
2010 12 18 50 6 21
2010 12 18 50 6 20
2010 12 18 50 6 10
2010 12 17 50 5 09
2010 12 17 50 5 09
2010 12 17 50 5 09
2010 12 17 50 5 09
2010 12 17 50 5 09
2010 12 16 50 4 22
2010 12 16 50 4 22
2010 12 16 50 4 22
2010 12 16 50 4 22
2010 12 16 50 4 22
2010 12 16 50 4 20
2010 12 16 50 4 11
2010 12 15 50 3 21
2010 12 15 50 3 19
2010 12 15 50 3 19
2010 12 15 50 3 19
2010 12 15 50 3 19
2010 12 15 50 3 19
2010 12 15 50 3 15
2010 12 15 50 3 13
2010 12 14 50 2 23
2010 12 14 50 2 16
2010 12 14 50 2 16
2010 12 14 50 2 16
2010 12 14 50 2 16
2010 12 13 50 1 23
2010 12 13 50 1 23
2010 12 13 50 1 23
2010 12 12 49 7 20
2010 12 10 49 5 20
2010 12 10 49 5 19
2010 12 06 49 1 15
2010 12 06 49 1 00
2010 12 05 48 7 23
2010 12 05 48 7 20
2010 12 03 48 5 18
2010 12 02 48 4 04
2010 12 01 48 3 19
2010 12 01 48 3 02
2010 12 01 48 3 02
2010 12 01 48 3 02
2010 11 27 47 6 16
2010 11 27 47 6 00
2010 11 24 47 3 15
2010 11 24 47 3 15
2010 11 21 46 7 02
2010 11 20 46 6 20
2010 11 20 46 6 20
2010 11 20 46 6 19
2010 11 20 46 6 17
2010 11 20 46 6 17
2010 11 20 46 6 03
2010 11 20 46 6 03
2010 11 20 46 6 01
2010 11 19 46 5 03
2010 11 18 46 4 04
2010 11 18 46 4 04
2010 11 17 46 3 08
2010 11 16 46 2 16
2010 11 16 46 2 02
2010 11 16 46 2 02
2010 11 15 46 1 16
2010 11 15 46 1 19
2010 11 15 46 1 16
2010 11 15 46 1 16
2010 11 15 46 1 16
2010 11 14 45 7 23
2010 11 12 45 5 21
2010 11 12 45 5 03
2010 11 12 45 5 03
2010 11 12 45 5 03
2010 11 12 45 5 03
2010 11 12 45 5 03
2010 11 10 45 3 22
2010 11 10 45 3 22
2010 11 10 45 3 22
2010 11 09 45 2 19
2010 11 09 45 2 00
2010 11 08 45 1 23
2010 11 08 45 1 02
2010 11 08 45 1 01
2010 11 08 45 1 01
2010 11 07 44 7 15
2010 11 07 44 7 15
2010 11 07 44 7 15
2010 11 07 44 7 15
2010 11 07 44 7 15
2010 11 07 44 7 15
2010 11 07 44 7 15
2010 11 06 44 6 03
2010 11 06 44 6 03
2010 11 06 44 6 03
2010 11 06 44 6 03
2010 11 06 44 6 03
2010 11 06 44 6 03
2010 11 06 44 6 03
2010 11 06 44 6 03
2010 11 06 44 6 03
2010 11 06 44 6 03
2010 11 05 44 5 03
2010 11 05 44 5 01
2010 11 03 44 3 01
2010 10 31 43 7 16
2010 10 31 43 7 16
2010 10 31 43 7 02
2010 10 31 43 7 01
2010 10 31 43 7 01
2010 10 31 43 7 01
2010 10 30 43 6 21
2010 10 30 43 6 21
2010 10 30 43 6 18
2010 10 30 43 6 18
2010 10 30 43 6 18
2010 10 30 43 6 18
2010 10 30 43 6 17
2010 10 30 43 6 17
2010 10 30 43 6 17
2010 10 30 43 6 17
2010 10 30 43 6 17
2010 10 30 43 6 17
2010 10 30 43 6 02
2010 10 30 43 6 02
2010 10 30 43 6 02
2010 10 30 43 6 01
2010 10 30 43 6 01
2010 10 29 43 5 03
2010 10 29 43 5 03
2010 10 29 43 5 03
2010 10 29 43 5 03
2010 10 29 43 5 03
2010 10 29 43 5 03
2010 10 17 41 7 07
2010 10 17 41 7 07
2010 10 17 41 7 05
2010 10 17 41 7 05
2010 10 16 41 6 21
2010 10 16 41 6 21
2010 10 16 41 6 05
2010 10 16 41 6 05
2010 10 16 41 6 05
2010 10 15 41 5 02
2010 10 14 41 4 03
2010 10 14 41 4 02
2010 10 14 41 4 02
2010 10 14 41 4 02
2010 10 14 41 4 02
2010 10 14 41 4 00
2010 10 13 41 3 23
2010 10 13 41 3 23
2010 09 28 39 2 02
2010 09 28 39 2 02
2010 09 28 39 2 02
2010 09 28 39 2 02
2010 09 28 39 2 02
2010 09 28 39 2 02
2010 09 27 39 1 21
2010 09 27 39 1 19
2010 09 27 39 1 16
2010 09 24 38 5 21
2010 09 19 37 7 23
2010 09 19 37 7 21
2010 09 16 37 4 02
2010 09 16 37 4 02
2010 09 15 37 3 12
2010 09 15 37 3 12
2010 09 15 37 3 12
2010 09 15 37 3 12
2010 09 15 37 3 12
2010 09 15 37 3 12
2010 09 15 37 3 12
2010 09 15 37 3 10
2010 09 15 37 3 10
2010 08 29 34 7 23
2010 08 19 33 4 14
2010 08 19 33 4 14
2010 08 19 33 4 14
2010 08 19 33 4 13
2010 08 19 33 4 13
2010 08 19 33 4 13
2010 08 19 33 4 04
2010 08 19 33 4 02
2010 08 18 33 3 16
2010 08 18 33 3 16
2010 08 18 33 3 16
2010 08 18 33 3 16
2010 08 18 33 3 16
2010 08 18 33 3 16
2010 08 18 33 3 15
2010 08 18 33 3 15
2010 08 18 33 3 15
2010 08 18 33 3 15
2010 08 18 33 3 15
2010 08 17 33 2 23
2010 08 17 33 2 23
2010 08 17 33 2 22
2010 08 17 33 2 22
2010 08 17 33 2 20
2010 08 17 33 2 15
2010 08 17 33 2 15
