
2014 12 07 49 7 01
2014 12 07 49 7 01
2014 12 06 49 6 19
2014 08 08 32 5 16
2014 08 08 32 5 16
2014 04 17 16 4 07
2014 01 02 01 4 14
2014 01 02 01 4 14
2014 01 01 01 3 19
2014 01 01 01 3 19
2014 01 01 01 3 18
2014 01 01 01 3 18
2013 12 19 51 4 10
2013 12 19 51 4 10
2013 12 15 50 7 17
2013 10 24 43 4 03
2013 10 24 43 4 03
2013 10 24 43 4 03
2013 09 22 38 7 10
2013 09 22 38 7 10
2013 09 14 37 6 09
2013 09 14 37 6 09
2013 09 14 37 6 08
2013 09 14 37 6 08
2013 08 12 33 1 04
2013 08 10 32 6 21
2013 08 06 32 2 04
2013 08 06 32 2 04
2013 08 05 32 1 23
2013 06 25 26 2 21
2013 06 20 25 4 17
2013 06 16 24 7 05
2013 06 16 24 7 05
2013 06 16 24 7 04
2013 06 16 24 7 04
2013 06 16 24 7 04
2013 06 16 24 7 04
2013 05 21 21 2 16
2013 05 20 21 1 23
2013 05 20 21 1 06
2013 05 20 21 1 05
2013 05 20 21 1 05
2013 05 20 21 1 04
2013 05 19 20 7 22
2013 05 16 20 4 02
2013 05 16 20 4 02
2013 05 15 20 3 20
2013 05 15 20 3 16
2013 05 15 20 3 16
2013 05 15 20 3 16
2013 05 15 20 3 16
2013 05 15 20 3 14
2013 05 15 20 3 03
2013 05 15 20 3 03
2013 05 14 20 2 22
2013 05 09 19 4 06
2013 04 06 14 6 23
2013 04 06 14 6 22
2013 04 05 14 5 00
2013 04 05 14 5 00
2013 04 05 14 5 00
2013 04 05 14 5 00
2013 04 05 14 5 00
2013 04 04 14 4 23
2013 03 29 13 5 17
2013 03 29 13 5 16
2013 03 29 13 5 16
2013 03 21 12 4 07
2013 03 21 12 4 07
2013 03 17 11 7 23
2013 03 17 11 7 23
2013 03 17 11 7 23
2013 03 17 11 7 23
2013 03 17 11 7 23
2013 03 17 11 7 23
2013 03 17 11 7 22
2013 03 17 11 7 22
2013 03 17 11 7 21
2013 03 17 11 7 21
2013 03 04 10 1 09
2013 03 04 10 1 09
2013 03 03 09 7 06
2013 03 03 09 7 06
2013 03 03 09 7 02
2013 03 03 09 7 02
2013 03 02 09 6 06
2013 02 24 08 7 03
2013 02 03 05 7 10
2013 02 03 05 7 10
2013 02 03 05 7 10
2013 02 02 05 6 04
2013 01 29 05 2 00
2012 12 29 52 6 11
2013 01 05 01 6 17
2013 01 05 01 6 03
2013 01 05 01 6 03
2013 01 05 01 6 03
2012 12 13 50 4 13
2012 12 13 50 4 13
2012 11 27 48 2 04
2012 11 27 48 2 04
2012 11 27 48 2 03
2012 11 27 48 2 03
2012 11 25 47 7 05
2012 11 25 47 7 05
2012 11 24 47 6 22
2012 11 24 47 6 22
2012 11 23 47 5 03
2012 11 23 47 5 03
2012 11 22 47 4 22
2012 11 22 47 4 22
2012 11 22 47 4 22
2012 11 22 47 4 22
2012 11 22 47 4 22
2012 11 22 47 4 22
2012 11 22 47 4 22
2012 11 22 47 4 10
2012 11 22 47 4 10
2012 11 22 47 4 07
2012 11 22 47 4 07
2012 11 11 45 7 22
2012 11 10 45 6 13
2012 11 10 45 6 13
2012 11 08 45 4 08
2012 11 08 45 4 08
2012 10 31 44 3 05
2012 10 27 43 6 23
2012 10 27 43 6 23
2012 10 26 43 5 04
2012 10 24 43 3 03
2012 10 24 43 3 03
2012 10 24 43 3 03
2012 10 24 43 3 03
2012 10 17 42 3 12
2012 10 16 42 2 13
2012 10 11 41 4 09
2012 10 11 41 4 09
2012 10 11 41 4 08
2012 10 11 41 4 08
2012 10 10 41 3 12
2012 10 10 41 3 12
2012 10 10 41 3 12
2012 10 10 41 3 12
2012 10 08 41 1 13
2012 10 08 41 1 13
2012 10 08 41 1 12
2012 10 03 40 3 20
2012 10 03 40 3 20
2012 09 30 39 7 13
2012 09 30 39 7 13
2012 09 30 39 7 13
2012 09 30 39 7 13
2012 09 30 39 7 00
2012 09 29 39 6 18
2012 09 29 39 6 18
2012 09 29 39 6 18
2012 09 29 39 6 18
2012 09 29 39 6 18
2012 09 29 39 6 15
2012 09 29 39 6 14
2012 09 29 39 6 13
2012 09 29 39 6 13
2012 09 27 39 4 22
2012 09 27 39 4 22
2012 09 27 39 4 03
2012 09 25 39 2 09
2012 09 25 39 2 08
2012 09 24 39 1 23
2012 09 24 39 1 23
2012 09 20 38 4 12
2012 09 20 38 4 12
2012 09 20 38 4 09
2012 09 20 38 4 03
2012 09 18 38 2 03
2012 09 18 38 2 03
2012 09 16 37 7 01
2012 09 16 37 7 01
2012 09 13 37 4 11
2012 09 12 37 3 03
2012 09 12 37 3 03
2012 09 11 37 2 23
2012 09 11 37 2 22
2012 09 11 37 2 21
2012 09 11 37 2 04
2012 09 10 37 1 11
2012 09 09 36 7 12
2012 09 09 36 7 00
2012 09 08 36 6 15
2012 09 03 36 1 21
2012 09 03 36 1 21
2012 09 03 36 1 21
2012 09 02 35 7 22
2012 09 02 35 7 07
2012 09 02 35 7 07
2012 09 02 35 7 07
2012 09 01 35 6 23
2012 09 01 35 6 23
2012 08 30 35 4 07
2012 08 30 35 4 04
2012 08 30 35 4 04
2012 08 29 35 3 11
2012 08 29 35 3 11
2012 08 28 35 2 12
2012 08 28 35 2 12
2012 08 28 35 2 12
2012 08 28 35 2 02
2012 08 27 35 1 23
2012 08 27 35 1 08
2012 08 27 35 1 08
2012 08 27 35 1 05
2012 08 27 35 1 05
2012 08 27 35 1 05
2012 08 27 35 1 04
2012 08 27 35 1 04
2012 08 27 35 1 04
2012 08 27 35 1 03
2012 08 27 35 1 03
2012 08 26 34 7 14
2012 08 26 34 7 08
2012 08 26 34 7 07
2012 08 26 34 7 05
2012 08 25 34 6 13
2012 08 25 34 6 13
2012 08 25 34 6 08
2012 08 25 34 6 00
2012 08 23 34 4 22
2012 08 23 34 4 00
2012 08 22 34 3 17
2012 08 21 34 2 12
2012 08 21 34 2 04
2012 08 21 34 2 03
2012 08 20 34 1 13
2012 08 19 33 7 19
2012 08 19 33 7 08
2012 08 18 33 6 21
2012 08 18 33 6 13
2012 08 17 33 5 21
2012 08 17 33 5 16
2012 08 16 33 4 22
2012 08 16 33 4 05
2012 08 16 33 4 03
2012 08 15 33 3 12
2012 08 14 33 2 22
2012 08 14 33 2 21
2012 08 14 33 2 21
2012 08 14 33 2 21
2012 08 13 33 1 04
2012 08 12 32 7 07
2012 08 12 32 7 04
2012 08 12 32 7 04
2012 08 11 32 6 21
2012 08 11 32 6 08
2012 08 11 32 6 04
2012 08 10 32 5 08
2012 08 10 32 5 07
2012 08 09 32 4 12
2012 08 09 32 4 04
2012 08 08 32 3 03
2012 08 08 32 3 03
2012 08 08 32 3 03
2012 08 07 32 2 04
2012 08 07 32 2 04
2012 08 05 31 7 19
2012 08 05 31 7 18
2012 08 04 31 6 20
2012 08 04 31 6 14
2012 08 02 31 4 07
2012 08 02 31 4 04
2012 08 02 31 4 02
2012 08 02 31 4 01
2012 08 01 31 3 20
2012 08 01 31 3 12
2012 08 01 31 3 12
2012 08 01 31 3 06
2012 07 31 31 2 13
2012 07 31 31 2 04
2012 07 30 31 1 04
2012 07 30 31 1 02
2012 07 30 31 1 01
2012 07 28 30 6 17
2012 07 28 30 6 13
2012 07 27 30 5 04
2012 07 26 30 4 13
2012 07 26 30 4 13
2012 07 26 30 4 12
2012 07 26 30 4 12
2012 07 26 30 4 04
2012 07 25 30 3 04
2012 07 25 30 3 04
2012 07 24 30 2 15
2012 07 24 30 2 01
2012 07 23 30 1 18
2012 07 23 30 1 17
2012 07 23 30 1 09
2012 07 23 30 1 09
2012 07 21 29 6 20
2012 07 20 29 5 23
2012 07 20 29 5 11
2012 07 20 29 5 11
2012 07 18 29 3 19
2012 07 18 29 3 19
2012 07 18 29 3 13
2012 07 17 29 2 19
2012 07 17 29 2 07
2012 07 15 28 7 09
2012 07 15 28 7 03
2012 07 13 28 5 18
2012 07 13 28 5 07
2012 07 13 28 5 06
2012 07 04 27 3 12
2012 07 04 27 3 12
2012 06 30 26 6 04
2012 06 29 26 5 23
2012 06 29 26 5 22
2012 06 26 26 2 12
2012 06 26 26 2 04
2012 06 26 26 2 03
2012 06 26 26 2 03
2012 06 25 26 1 13
2012 06 25 26 1 13
2012 06 25 26 1 13
2012 06 25 26 1 03
2012 06 25 26 1 03
2012 06 24 25 7 03
2012 06 24 25 7 03
2012 06 23 25 6 07
2012 06 23 25 6 07
2012 06 23 25 6 06
2012 06 23 25 6 06
2012 06 23 25 6 06
2012 06 23 25 6 06
2012 06 07 23 4 04
2012 06 07 23 4 03
2012 06 07 23 4 03
2012 06 07 23 4 03
2012 06 07 23 4 03
2012 06 06 23 3 03
2012 06 06 23 3 03
2012 06 06 23 3 03
2012 06 06 23 3 03
2012 06 06 23 3 03
2012 06 06 23 3 03
2012 06 06 23 3 03
2012 06 06 23 3 03
2012 06 05 23 2 17
2012 06 04 23 1 21
2012 06 04 23 1 16
2012 06 04 23 1 16
2012 06 04 23 1 16
2012 06 04 23 1 16
2012 06 03 22 7 13
2012 06 03 22 7 08
2012 06 02 22 6 07
2012 05 24 21 4 13
2012 05 16 20 3 11
2012 05 16 20 3 04
2012 05 16 20 3 03
2012 05 16 20 3 03
2012 05 15 20 2 11
2012 05 15 20 2 09
2012 05 15 20 2 08
2012 05 15 20 2 08
2012 05 15 20 2 08
2012 05 15 20 2 08
2012 05 11 19 5 01
2012 05 07 19 1 13
2012 05 07 19 1 13
2012 05 07 19 1 08
2012 05 07 19 1 04
2012 05 05 18 6 17
2012 05 05 18 6 13
2012 05 04 18 5 09
2012 05 04 18 5 09
2012 05 04 18 5 09
2012 05 03 18 4 09
2012 05 03 18 4 04
2012 05 02 18 3 09
2012 05 02 18 3 09
2012 05 01 18 2 18
2012 05 01 18 2 18
2012 04 25 17 3 18
2012 04 25 17 3 18
2012 04 24 17 2 15
2012 04 23 17 1 10
2012 04 19 16 4 13
2012 04 19 16 4 12
2012 04 18 16 3 09
2012 04 18 16 3 03
2012 04 18 16 3 02
2012 04 17 16 2 23
2012 04 17 16 2 23
2012 04 17 16 2 23
2012 04 17 16 2 23
2012 04 17 16 2 23
2012 04 13 15 5 18
2012 04 13 15 5 07
2012 04 13 15 5 07
2012 04 13 15 5 07
2012 04 13 15 5 07
2012 04 13 15 5 06
2012 04 13 15 5 06
2012 04 13 15 5 06
2012 04 13 15 5 06
2012 04 13 15 5 04
2012 04 13 15 5 04
2012 04 13 15 5 04
2012 04 13 15 5 04
2012 04 13 15 5 04
2012 04 13 15 5 03
2012 04 12 15 4 22
2012 04 07 14 6 15
2012 04 03 14 2 14
2012 04 03 14 2 14
2012 04 03 14 2 13
2012 04 03 14 2 13
2012 04 02 14 1 13
2012 04 02 14 1 12
2012 04 02 14 1 12
2012 04 02 14 1 12
2012 04 02 14 1 12
2012 04 01 13 7 19
2012 04 01 13 7 19
2012 04 01 13 7 19
2012 03 21 12 3 10
2012 03 21 12 3 10
2012 03 21 12 3 10
2012 03 20 12 2 10
2012 03 20 12 2 10
2012 03 20 12 2 07
2012 03 20 12 2 07
2012 03 20 12 2 06
2012 03 20 12 2 02
2012 03 20 12 2 02
2012 03 20 12 2 02
2012 03 20 12 2 02
2012 03 20 12 2 02
2012 03 20 12 2 02
2012 03 20 12 2 01
2012 03 20 12 2 01
2012 03 19 12 1 13
