
2015 09 13 37 7 17
2015 08 12 33 3 10
2015 08 04 32 2 16
2015 07 27 31 1 22
2015 07 27 31 1 22
2015 07 19 29 7 14
2015 07 19 29 7 14
2015 07 19 29 7 13
2015 07 19 29 7 13
2015 07 18 29 6 16
2015 07 18 29 6 16
2015 07 12 28 7 20
2015 06 16 25 2 20
2015 06 15 25 1 23
2015 06 15 25 1 23
2015 06 15 25 1 23
2015 06 15 25 1 22
2015 06 15 25 1 22
2015 06 15 25 1 21
2015 06 15 25 1 21
2015 06 15 25 1 21
2015 06 15 25 1 21
2015 06 15 25 1 20
2015 06 15 25 1 20
2015 06 15 25 1 18
2015 06 03 23 3 18
2015 06 03 23 3 18
2015 06 03 23 3 17
2015 06 03 23 3 17
2015 06 03 23 3 17
2015 04 29 18 3 16
2015 04 29 18 3 16
2015 04 29 18 3 16
2015 04 23 17 4 18
2015 06 03 23 3 15
2015 06 03 23 3 15
2015 04 09 15 4 22
2015 04 09 15 4 22
2015 04 09 15 4 20
2015 04 09 15 4 16
2015 04 09 15 4 15
2015 04 09 15 4 14
2015 04 09 15 4 14
2015 03 31 14 2 13
2015 03 31 14 2 00
2015 03 31 14 2 00
2015 03 30 14 1 23
2015 03 30 14 1 23
2015 02 18 08 3 17
2015 02 17 08 2 18
2015 02 13 07 5 23
2015 02 09 07 1 18
2015 02 05 06 4 17
2015 01 22 04 4 20
2015 01 22 04 4 20
2015 01 22 04 4 19
2015 01 22 04 4 19
2015 01 20 04 2 21
2015 01 15 03 4 18
2015 01 15 03 4 18
2015 01 13 03 2 01
2015 01 12 03 1 23
2015 01 08 02 4 21
2015 01 08 02 4 18
2015 01 06 02 2 23
2015 01 06 02 2 22
2014 12 19 51 5 22
2014 12 19 51 5 21
2014 12 19 51 5 17
2014 12 12 50 5 16
2014 12 17 51 3 23
2014 12 17 51 3 23
2014 11 10 46 1 17
2014 10 08 41 3 23
2014 10 08 41 3 18
2014 10 08 41 3 18
2014 09 25 39 4 01
2014 09 25 39 4 00
2014 09 22 39 1 22
2014 09 24 39 3 20
2014 09 23 39 2 02
2014 09 22 39 1 22
2014 08 21 34 4 23
2014 09 22 39 1 18
2014 09 19 38 5 15
2014 09 19 38 5 15
2014 09 19 38 5 15
2014 08 21 34 4 23
2014 08 21 34 4 00
2014 08 21 34 4 00
2014 08 20 34 3 23
2014 07 31 31 4 18
2014 07 31 31 4 17
2014 07 30 31 3 00
2014 07 29 31 2 23
2014 07 29 31 2 19
2014 07 29 31 2 18
2014 07 31 31 4 18
2014 06 24 26 2 20
2014 07 25 30 5 18
2014 08 13 33 3 22
2014 08 11 33 1 22
2014 08 11 33 1 22
2014 07 28 31 1 23
2014 07 28 31 1 22
2014 07 28 31 1 20
2014 07 28 31 1 20
2014 07 28 31 1 23
2014 07 25 30 5 17
2014 07 25 30 5 17
2014 07 25 30 5 17
2014 07 25 30 5 16
2014 07 25 30 5 16
2014 07 24 30 4 23
2014 07 24 30 4 22
2014 06 25 26 3 18
2014 06 24 26 2 23
2014 06 24 26 2 18
2014 06 23 26 1 18
2014 06 20 25 5 22
2014 06 19 25 4 20
2014 06 18 25 3 22
2014 06 18 25 3 21
2014 06 18 25 3 21
2014 06 18 25 3 21
2014 06 18 25 3 21
2014 06 18 25 3 20
2014 06 18 25 3 17
2014 06 18 25 3 17
2014 06 18 25 3 17
2014 06 18 25 3 00
2014 06 18 25 3 00
2014 06 18 25 3 00
2014 06 17 25 2 22
2014 06 17 25 2 21
2014 06 17 25 2 18
2014 06 17 25 2 18
2014 06 17 25 2 17
2014 06 16 25 1 22
2014 06 16 25 1 18
2014 06 13 24 5 22
2014 06 13 24 5 21
2014 06 12 24 4 23
2014 06 12 24 4 21
2014 06 11 24 3 00
2014 06 04 23 3 16
2014 06 04 23 3 21
2014 06 02 23 1 21
2014 05 30 22 5 00
2014 06 01 22 7 03
2014 05 29 22 4 20
2014 05 28 22 3 22
2014 05 28 22 3 00
2014 05 28 22 3 00
2014 05 27 22 2 21
2014 05 27 22 2 21
2014 05 27 22 2 18
2014 05 22 21 4 17
2014 05 22 21 4 00
2014 05 16 20 5 23
2014 05 16 20 5 23
2014 05 19 21 1 18
2014 05 19 21 1 17
2014 05 14 20 3 20
2014 05 14 20 3 00
2014 05 09 19 5 09
2014 05 09 19 5 09
2014 05 08 19 4 00
2014 05 06 19 2 17
2014 05 06 19 2 16
2014 05 06 19 2 16
2014 04 24 17 4 00
2014 04 23 17 3 22
2014 04 23 17 3 21
2014 04 23 17 3 20
2014 04 23 17 3 18
2014 04 22 17 2 21
2014 04 22 17 2 18
2014 04 22 17 2 17
2014 04 22 17 2 16
2014 04 22 17 2 01
2014 04 22 17 2 00
2014 04 21 17 1 22
2014 04 21 17 1 18
2014 04 21 17 1 18
2014 04 21 17 1 18
2014 04 19 16 6 00
2014 04 15 16 2 21
2014 04 13 15 7 07
2014 04 13 15 7 00
2014 04 11 15 5 21
2014 04 11 15 5 18
2014 04 11 15 5 18
2014 04 11 15 5 00
2014 04 11 15 5 00
2014 04 09 15 3 00
2014 04 08 15 2 23
2014 04 08 15 2 23
2014 04 08 15 2 22
2014 04 08 15 2 21
2014 04 08 15 2 19
2014 04 08 15 2 19
2014 03 28 13 5 23
2014 03 28 13 5 21
2014 03 28 13 5 20
2014 04 04 14 5 21
2014 04 04 14 5 20
2014 04 07 15 1 21
2014 03 24 13 1 15
2014 03 23 12 7 23
2014 03 21 12 5 17
2014 03 21 12 5 16
2014 03 21 12 5 16
2014 03 21 12 5 16
2014 03 20 12 4 23
2014 03 20 12 4 22
2014 03 20 12 4 20
2014 03 20 12 4 16
2014 03 20 12 4 23
2014 03 17 12 1 23
2014 03 13 11 4 22
2014 03 12 11 3 22
2014 03 12 11 3 21
2014 03 12 11 3 21
2014 03 12 11 3 21
2014 03 12 11 3 21
2014 03 12 11 3 18
2014 03 12 11 3 17
2014 03 12 11 3 16
2014 03 11 11 2 23
2014 03 10 11 1 23
2014 03 10 11 1 17
2014 03 08 10 6 00
2014 03 07 10 5 23
2014 03 07 10 5 22
2014 03 07 10 5 17
2014 03 07 10 5 16
2014 03 07 10 5 00
2014 03 07 10 5 00
2014 03 07 10 5 00
2014 03 06 10 4 22
2014 03 06 10 4 20
2014 03 06 10 4 20
2014 03 06 10 4 20
2014 03 06 10 4 18
2014 03 05 10 3 23
2014 03 05 10 3 18
2014 03 01 09 6 16
2014 02 27 09 4 19
2014 02 26 09 3 23
2014 02 26 09 3 21
2014 02 26 09 3 20
2014 02 26 09 3 20
2014 02 24 09 1 04
2014 02 21 08 5 21
2014 02 21 08 5 19
2014 02 21 08 5 16
2014 02 21 08 5 00
2014 02 21 08 5 00
2014 02 18 08 2 19
2014 02 17 08 1 21
2014 02 15 07 6 22
2014 02 12 07 3 22
2014 02 12 07 3 21
2014 02 20 08 4 22
2014 02 11 07 2 19
2014 02 07 06 5 22
2014 02 07 06 5 23
2014 02 07 06 5 23
2014 02 07 06 5 22
2014 02 06 06 4 23
2014 02 06 06 4 23
2014 02 06 06 4 22
2014 02 06 06 4 22
2014 02 06 06 4 19
2014 02 05 06 3 23
2014 02 01 05 6 00
2014 01 27 05 1 23
2014 01 25 04 6 00
2014 01 21 04 2 05
2014 01 21 04 2 00
2014 01 21 04 2 00
2014 01 20 04 1 21
2014 01 20 04 1 20
2014 01 20 04 1 17
2014 01 18 03 6 00
2014 01 17 03 5 23
2014 01 17 03 5 23
2014 01 17 03 5 18
2014 01 17 03 5 16
2014 01 17 03 5 01
2014 01 16 03 4 00
2014 01 15 03 3 01
2014 01 08 02 3 00
2014 01 07 02 2 19
2014 01 07 02 2 22
2014 01 07 02 2 19
2014 01 07 02 2 19
2014 01 07 02 2 04
2014 01 02 01 4 04
2014 01 02 01 4 04
2013 12 31 01 2 21
2013 12 26 52 4 19
2013 12 26 52 4 18
2013 12 26 52 4 07
2013 12 24 52 2 21
2013 12 24 52 2 06
2013 12 20 51 5 23
2013 12 23 52 1 23
2013 12 23 52 1 23
2013 12 20 51 5 21
2013 12 19 51 4 00
2013 12 18 51 3 22
2013 12 18 51 3 19
2013 12 16 51 1 19
2013 12 16 51 1 03
2013 12 16 51 1 02
2013 12 16 51 1 01
2013 12 16 51 1 01
2013 12 16 51 1 00
2013 12 15 50 7 22
2013 12 15 50 7 22
2013 12 15 50 7 07
2013 12 14 50 6 01
2013 12 15 50 7 05
2013 12 15 50 7 05
2013 12 15 50 7 05
2013 12 15 50 7 02
2013 12 15 50 7 02
2013 12 15 50 7 01
2013 12 15 50 7 01
2013 12 15 50 7 01
2013 12 13 50 5 23
2013 12 13 50 5 22
2013 12 11 50 3 04
2013 12 13 50 5 17
2013 12 11 50 3 20
2013 12 11 50 3 04
2013 12 11 50 3 04
2013 12 11 50 3 03
2013 12 11 50 3 03
2013 12 11 50 3 00
2013 12 10 50 2 21
2013 12 10 50 2 18
2013 12 10 50 2 06
2013 12 10 50 2 05
2013 12 10 50 2 00
2013 12 10 50 2 00
2013 12 09 50 1 22
2013 12 09 50 1 20
2013 12 09 50 1 19
2013 12 09 50 1 18
2013 12 09 50 1 07
2013 12 09 50 1 07
2013 12 09 50 1 06
2013 12 08 49 7 00
2013 12 05 49 4 05
2013 11 28 48 4 05
2013 11 28 48 4 05
2013 11 28 48 4 05
2013 11 28 48 4 03
2013 11 28 48 4 03
2013 11 28 48 4 03
2013 11 28 48 4 03
2013 11 25 48 1 21
2013 11 25 48 1 21
2013 11 17 46 7 04
2013 11 25 48 1 20
2013 11 15 46 5 02
2013 10 27 43 7 16
2013 10 09 41 3 21
2013 11 23 47 6 21
2013 11 22 47 5 02
2013 11 16 46 6 04
2013 11 16 46 6 00
2013 11 16 46 6 00
2013 11 16 46 6 00
2013 11 15 46 5 05
2013 11 15 46 5 05
2013 11 15 46 5 04
2013 11 15 46 5 04
2013 11 15 46 5 02
2013 11 10 45 7 18
2013 11 07 45 4 01
2013 11 07 45 4 02
2013 11 07 45 4 02
2013 11 07 45 4 01
2013 11 07 45 4 00
2013 11 07 45 4 00
2013 11 07 45 4 00
2013 11 06 45 3 22
2013 11 06 45 3 21
2013 11 06 45 3 20
2013 11 06 45 3 20
2013 11 06 45 3 20
2013 11 06 45 3 18
2013 11 06 45 3 17
2013 11 06 45 3 16
2013 11 05 45 2 22
2013 11 04 45 1 23
2013 11 04 45 1 19
2013 11 04 45 1 23
2013 11 01 44 5 21
2013 11 01 44 5 20
2013 11 01 44 5 20
2013 11 01 44 5 19
2013 10 31 44 4 03
2013 10 28 44 1 15
2013 10 27 43 7 16
2013 10 25 43 5 01
2013 10 24 43 4 22
2013 10 23 43 3 00
2013 10 23 43 3 03
2013 10 17 42 4 23
2013 10 17 42 4 22
2013 09 23 39 1 23
2013 09 23 39 1 22
2013 10 12 41 6 23
2013 10 12 41 6 23
2013 10 12 41 6 23
2013 10 12 41 6 23
2013 10 12 41 6 19
2013 10 10 41 4 22
2013 10 10 41 4 22
2013 10 10 41 4 21
2013 10 09 41 3 21
2013 10 03 40 4 22
2013 10 03 40 4 05
2013 10 03 40 4 22
2013 10 03 40 4 01
2013 10 02 40 3 22
2013 10 01 40 2 23
2013 10 01 40 2 23
2013 10 01 40 2 01
2013 09 26 39 4 23
2013 09 26 39 4 23
2013 09 26 39 4 20
2013 09 26 39 4 19
2013 09 23 39 1 20
2013 09 23 39 1 17
2013 09 21 38 6 00
2013 09 20 38 5 20
2013 09 20 38 5 00
2013 09 19 38 4 23
2013 09 19 38 4 23
2013 09 19 38 4 23
2013 09 19 38 4 22
2013 09 10 37 2 00
2013 08 19 34 1 16
2013 08 19 34 1 07
2013 08 18 33 7 18
2013 09 11 37 3 02
2013 09 09 37 1 23
2013 09 09 37 1 19
2013 09 09 37 1 19
2013 09 09 37 1 18
2013 09 09 37 1 17
2013 08 22 34 4 23
2013 08 22 34 4 02
2013 08 19 34 1 09
2013 08 18 33 7 08
2013 08 12 33 1 05
2013 08 12 33 1 05
2013 08 12 33 1 03
2013 08 07 32 3 18
2013 08 07 32 3 17
2013 08 07 32 3 16
2013 08 07 32 3 15
2013 08 07 32 3 14
2013 07 27 30 6 10
2013 07 26 30 5 20
2013 07 26 30 5 20
2013 07 21 29 7 05
2013 07 12 28 5 22
2013 07 10 28 3 02
2013 07 10 28 3 02
2013 07 10 28 3 02
2013 07 10 28 3 02
2013 07 10 28 3 02
2013 07 10 28 3 02
2013 07 10 28 3 02
2013 07 10 28 3 02
2013 09 25 39 3 17
2013 09 09 37 1 17
2013 09 09 37 1 17
2013 09 09 37 1 17
2013 09 09 37 1 17
2013 09 09 37 1 17
2013 08 22 34 4 23
2013 08 22 34 4 02
2013 08 15 33 4 23
2013 08 09 32 5 23
2013 08 08 32 4 00
2013 08 07 32 3 23
2013 08 07 32 3 21
2013 08 07 32 3 01
2013 07 23 30 2 18
2013 07 21 29 7 04
2013 07 19 29 5 05
2013 06 25 26 2 22
2013 06 25 26 2 04
2013 06 25 26 2 00
2013 06 24 26 1 23
2013 06 24 26 1 23
2013 06 24 26 1 22
2013 06 24 26 1 19
2013 06 24 26 1 18
2013 06 24 26 1 17
2013 06 24 26 1 10
2013 06 24 26 1 10
2013 06 24 26 1 10
2013 06 24 26 1 10
2013 06 24 26 1 07
2013 06 24 26 1 07
2013 06 24 26 1 06
2013 06 24 26 1 02
2013 06 24 26 1 01
2013 06 24 26 1 01
2013 06 24 26 1 00
2013 06 24 26 1 00
2013 06 24 26 1 00
2013 06 24 26 1 00
2013 06 23 25 7 00
2013 06 23 25 7 00
2013 06 22 25 6 22
2013 06 22 25 6 22
2013 06 20 25 4 21
2013 06 20 25 4 11
2013 06 19 25 3 19
2013 06 18 25 2 00
2013 06 13 24 4 22
2013 06 16 24 7 22
2013 06 16 24 7 21
2013 06 16 24 7 21
2013 06 11 24 2 23
2013 06 15 24 6 20
2013 06 13 24 4 22
2013 06 13 24 4 22
2013 06 13 24 4 21
2013 06 13 24 4 17
2013 06 17 25 1 19
2013 06 17 25 1 23
2013 06 18 25 2 16
2013 06 18 25 2 02
2013 06 18 25 2 01
2013 06 18 25 2 00
2013 06 13 24 4 16
2013 06 13 24 4 00
2013 06 12 24 3 23
2013 06 12 24 3 17
2013 06 11 24 2 23
2013 06 11 24 2 23
2013 06 17 25 1 03
2013 06 16 24 7 14
2013 06 16 24 7 09
2013 06 15 24 6 23
2013 06 15 24 6 21
2013 06 13 24 4 22
2013 06 13 24 4 22
2013 06 11 24 2 23
2013 06 11 24 2 23
2013 06 14 24 5 23
2013 06 12 24 3 16
2013 06 11 24 2 15
2013 06 10 24 1 17
2013 06 10 24 1 16
2013 06 09 23 7 02
2013 06 09 23 7 02
2013 06 06 23 4 17
2013 06 05 23 3 00
2013 06 04 23 2 22
2013 06 04 23 2 22
2013 06 03 23 1 18
2013 06 03 23 1 18
2013 06 03 23 1 18
2013 06 03 23 1 18
2013 06 03 23 1 18
2013 05 31 22 5 22
2013 05 31 22 5 22
2013 05 31 22 5 19
2013 05 31 22 5 19
2013 05 31 22 5 19
2013 05 31 22 5 19
2013 05 31 22 5 18
2013 05 31 22 5 17
2013 05 30 22 4 20
2013 05 30 22 4 20
2013 05 30 22 4 15
2013 05 30 22 4 14
2013 05 30 22 4 14
2013 05 30 22 4 08
2013 05 30 22 4 23
2013 05 30 22 4 23
2013 05 30 22 4 22
2013 05 30 22 4 21
2013 05 29 22 3 19
2013 05 29 22 3 19
2013 05 29 22 3 18
2013 05 24 21 5 23
2013 05 24 21 5 19
2013 05 24 21 5 19
2013 05 24 21 5 19
2013 05 24 21 5 19
2013 05 24 21 5 19
2013 05 24 21 5 18
2013 05 24 21 5 18
2013 05 24 21 5 17
2013 05 24 21 5 17
2013 05 23 21 4 16
2013 05 22 21 3 22
2013 05 22 21 3 22
2013 05 22 21 3 20
2013 05 22 21 3 01
2013 05 22 21 3 01
2013 05 22 21 3 00
2013 05 21 21 2 23
2013 05 21 21 2 18
2013 05 21 21 2 17
2013 05 21 21 2 01
2013 05 20 21 1 19
2013 05 20 21 1 18
2013 05 18 20 6 00
2013 05 13 20 1 01
2013 05 12 19 7 23
2013 04 22 17 1 02
2013 05 12 19 7 08
2013 05 09 19 4 03
2013 05 08 19 3 23
2013 05 06 19 1 02
2013 04 22 17 1 00
2013 04 17 16 3 00
2013 04 16 16 2 23
2013 04 16 16 2 23
2013 04 16 16 2 23
2013 04 16 16 2 22
2013 04 14 15 7 22
2013 04 14 15 7 22
2013 04 14 15 7 22
2013 04 07 14 7 21
2013 04 07 14 7 19
2013 04 07 14 7 19
2013 04 07 14 7 16
2013 04 07 14 7 05
2013 04 06 14 6 22
2013 04 06 14 6 22
2013 04 06 14 6 21
2013 04 06 14 6 21
2013 04 03 14 3 21
2013 04 01 14 1 18
2013 03 05 10 2 00
2013 03 01 09 5 23
2013 03 01 09 5 18
2013 02 28 09 4 17
2013 02 28 09 4 17
2013 02 28 09 4 00
2013 02 27 09 3 23
2013 02 27 09 3 21
2013 02 27 09 3 21
2013 02 27 09 3 00
2013 02 26 09 2 22
2013 02 25 09 1 22
2013 02 25 09 1 22
2013 02 25 09 1 22
2013 02 25 09 1 20
2013 02 25 09 1 20
2013 02 23 08 6 00
2013 02 23 08 6 00
2013 02 22 08 5 19
2013 02 22 08 5 18
2013 02 21 08 4 20
2013 02 21 08 4 19
2013 02 21 08 4 18
2013 02 21 08 4 17
2013 02 21 08 4 00
2013 02 20 08 3 17
2013 02 20 08 3 17
2013 02 19 08 2 05
2013 02 19 08 2 03
2013 02 19 08 2 03
2013 02 19 08 2 00
2013 02 17 07 7 05
2013 02 17 07 7 05
2013 02 15 07 5 23
2013 02 15 07 5 16
2013 02 15 07 5 00
2013 02 14 07 4 23
2013 02 14 07 4 22
2013 02 14 07 4 22
2013 02 13 07 3 08
2013 02 11 07 1 04
2013 02 11 07 1 03
2013 02 11 07 1 03
2013 02 11 07 1 03
2013 02 10 06 7 22
2013 02 09 06 6 23
2013 02 09 06 6 23
2013 02 09 06 6 22
2013 02 10 06 7 22
2013 02 10 06 7 22
2013 01 22 04 2 17
2013 01 21 04 1 22
2013 01 21 04 1 21
2013 01 18 03 5 20
2013 01 18 03 5 17
2013 01 18 03 5 16
2013 01 18 03 5 16
2013 01 18 03 5 00
2013 01 17 03 4 23
2013 01 17 03 4 15
2013 01 17 03 4 03
2013 01 15 03 2 06
2013 01 15 03 2 06
2013 01 15 03 2 05
2013 01 14 03 1 18
2013 01 12 02 6 00
2013 01 12 02 6 00
2013 01 12 02 6 00
2013 01 12 02 6 00
2013 01 12 02 6 00
2013 01 11 02 5 23
2013 01 11 02 5 23
2013 01 11 02 5 23
2013 01 11 02 5 22
2013 01 11 02 5 19
2013 01 11 02 5 19
2013 01 11 02 5 18
2013 01 11 02 5 18
2013 01 11 02 5 18
2013 01 11 02 5 17
2013 01 11 02 5 17
2013 01 11 02 5 17
2013 01 11 02 5 17
2013 01 11 02 5 17
2013 01 11 02 5 00
2013 01 10 02 4 19
2013 01 10 02 4 19
2013 01 10 02 4 06
2013 01 10 02 4 06
2013 01 10 02 4 06
2013 01 10 02 4 05
2013 01 10 02 4 04
2013 01 10 02 4 00
2013 01 09 02 3 17
2013 01 09 02 3 00
2013 01 09 02 3 00
2013 01 09 02 3 00
2013 01 09 02 3 00
2013 01 08 02 2 19
2013 01 08 02 2 19
2013 01 08 02 2 19
2013 01 08 02 2 05
2013 01 08 02 2 04
2013 01 08 02 2 04
2013 01 08 02 2 00
2013 01 08 02 2 00
2013 01 07 02 1 21
2013 01 07 02 1 20
2013 01 07 02 1 19
2013 01 07 02 1 18
2013 01 07 02 1 18
2013 01 07 02 1 18
2013 01 07 02 1 18
2013 01 07 02 1 17
2013 01 07 02 1 17
2013 01 07 02 1 17
2013 01 07 02 1 17
2013 01 06 01 7 05
2013 01 06 01 7 03
2013 01 06 01 7 03
2013 01 06 01 7 02
2013 01 05 01 6 00
2013 01 05 01 6 00
2013 01 05 01 6 00
2013 01 04 01 5 23
2013 01 04 01 5 23
2013 01 04 01 5 23
2013 01 04 01 5 20
2013 01 04 01 5 20
2013 01 04 01 5 18
2013 01 04 01 5 18
2013 01 04 01 5 18
2013 01 03 01 4 04
2013 01 03 01 4 01
2013 01 03 01 4 01
2013 01 03 01 4 00
2013 01 03 01 4 00
2013 01 02 01 3 23
2013 01 02 01 3 18
2012 12 23 51 7 19
2012 12 23 51 7 18
2012 12 23 51 7 18
2012 12 23 51 7 06
2012 12 23 51 7 05
2012 12 20 51 4 03
2012 12 19 51 3 03
2012 12 19 51 3 03
2012 12 17 51 1 18
2012 12 17 51 1 16
2012 12 16 50 7 00
2012 12 16 50 7 00
2012 12 15 50 6 19
2012 12 15 50 6 19
2012 12 14 50 5 21
2012 12 13 50 4 23
2012 12 13 50 4 23
2012 12 13 50 4 23
2012 12 13 50 4 18
2012 12 12 50 3 20
2012 12 12 50 3 20
2012 12 12 50 3 19
2012 12 12 50 3 19
2012 12 10 50 1 19
2012 12 10 50 1 19
2012 12 10 50 1 18
2012 12 10 50 1 18
2012 12 08 49 6 00
2012 12 08 49 6 00
2012 12 08 49 6 00
2012 12 08 49 6 00
2012 12 07 49 5 23
2012 12 07 49 5 19
2012 12 07 49 5 19
2012 12 07 49 5 19
2012 12 07 49 5 19
2012 12 06 49 4 23
2012 12 06 49 4 23
2012 12 06 49 4 23
2012 12 06 49 4 01
2012 12 05 49 3 16
2012 12 04 49 2 23
2012 12 04 49 2 23
2012 12 04 49 2 23
2012 12 04 49 2 23
2012 12 04 49 2 23
2012 12 04 49 2 21
2012 12 04 49 2 21
2012 12 04 49 2 05
2012 12 03 49 1 21
2012 12 03 49 1 18
2012 12 03 49 1 18
2012 12 03 49 1 18
2012 12 03 49 1 18
2012 12 03 49 1 17
2012 12 01 48 6 08
2012 11 30 48 5 00
2012 11 30 48 5 00
2012 11 20 47 2 22
2012 11 18 46 7 23
2012 11 18 46 7 23
2012 11 18 46 7 23
2012 11 18 46 7 23
2012 11 18 46 7 22
2012 11 18 46 7 22
2012 11 18 46 7 22
2012 11 17 46 6 20
2012 11 14 46 3 06
2012 11 14 46 3 05
2012 11 13 46 2 04
2012 11 13 46 2 04
2012 11 13 46 2 04
2012 11 13 46 2 04
2012 11 13 46 2 04
2012 11 13 46 2 03
2012 11 12 46 1 00
2012 11 11 45 7 23
2012 11 11 45 7 23
2012 11 11 45 7 23
2012 11 11 45 7 23
2012 11 11 45 7 22
2012 11 11 45 7 22
2012 11 11 45 7 07
2012 11 11 45 7 06
2012 11 11 45 7 00
2012 11 11 45 7 00
2012 11 10 45 6 23
2012 11 10 45 6 23
2012 11 10 45 6 23
2012 11 10 45 6 23
2012 11 10 45 6 23
2012 11 10 45 6 23
2012 11 10 45 6 22
2012 11 10 45 6 22
2012 11 10 45 6 22
2012 11 10 45 6 22
2012 11 10 45 6 21
2012 11 10 45 6 03
2012 11 10 45 6 03
2012 11 08 45 4 16
2012 11 08 45 4 06
2012 11 08 45 4 06
2012 11 08 45 4 06
2012 11 08 45 4 05
2012 11 08 45 4 03
2012 11 08 45 4 03
2012 11 08 45 4 02
2012 11 07 45 3 05
2012 11 07 45 3 03
2012 11 07 45 3 03
2012 11 05 45 1 23
2012 11 05 45 1 22
2012 11 05 45 1 21
2012 11 05 45 1 21
2012 11 05 45 1 21
2012 11 05 45 1 21
2012 11 05 45 1 21
2012 11 05 45 1 20
2012 11 04 44 7 17
2012 11 04 44 7 17
2012 11 04 44 7 17
2012 11 04 44 7 17
2012 11 04 44 7 17
2012 11 04 44 7 16
2012 11 04 44 7 16
2012 11 04 44 7 15
2012 11 04 44 7 15
2012 11 04 44 7 15
2012 11 04 44 7 15
2012 11 04 44 7 15
2012 11 04 44 7 15
2012 11 04 44 7 15
2012 11 04 44 7 15
2012 11 04 44 7 15
2012 11 04 44 7 04
2012 11 04 44 7 04
2012 11 04 44 7 04
2012 11 04 44 7 04
2012 11 04 44 7 04
2012 11 04 44 7 04
2012 11 04 44 7 03
2012 11 04 44 7 03
2012 11 04 44 7 03
2012 11 04 44 7 03
2012 11 01 44 4 21
2012 10 31 44 3 04
2012 10 31 44 3 04
2012 10 31 44 3 04
2012 10 31 44 3 03
2012 10 31 44 3 02
2012 10 29 44 1 23
2012 10 29 44 1 23
2012 10 29 44 1 23
2012 10 29 44 1 23
2012 10 29 44 1 22
2012 10 29 44 1 07
2012 10 29 44 1 06
2012 10 29 44 1 06
2012 10 29 44 1 06
2012 10 29 44 1 00
2012 10 27 43 6 22
2012 10 27 43 6 22
2012 10 27 43 6 22
2012 10 27 43 6 22
2012 10 27 43 6 07
2012 10 27 43 6 06
2012 10 27 43 6 05
2012 10 27 43 6 04
2012 10 27 43 6 04
2012 10 23 43 2 05
2012 10 23 43 2 05
2012 10 23 43 2 01
2012 10 22 43 1 06
2012 10 22 43 1 06
2012 10 22 43 1 05
2012 10 22 43 1 05
2012 10 22 43 1 00
2012 10 22 43 1 00
2012 10 22 43 1 00
2012 10 21 42 7 23
2012 10 21 42 7 23
2012 10 21 42 7 23
2012 10 21 42 7 23
2012 10 21 42 7 22
2012 10 21 42 7 22
2012 10 21 42 7 21
2012 10 21 42 7 21
2012 10 21 42 7 17
2012 10 21 42 7 17
2012 10 21 42 7 06
2012 10 21 42 7 05
2012 10 21 42 7 05
2012 10 20 42 6 20
2012 10 20 42 6 19
2012 10 20 42 6 05
2012 10 20 42 6 05
2012 10 20 42 6 04
2012 10 20 42 6 04
2012 10 20 42 6 02
2012 10 15 42 1 05
2012 10 15 42 1 04
2012 10 15 42 1 03
2012 10 15 42 1 03
2012 10 15 42 1 02
2012 10 14 41 7 20
2012 10 14 41 7 02
2012 10 13 41 6 22
2012 10 12 41 5 23
2012 10 12 41 5 22
2012 10 12 41 5 21
2012 10 12 41 5 18
2012 10 12 41 5 18
2012 10 11 41 4 19
2012 10 07 40 7 08
2012 10 07 40 7 08
2012 10 07 40 7 08
2012 10 07 40 7 07
2012 10 07 40 7 01
2012 10 07 40 7 01
2012 10 07 40 7 00
2012 10 07 40 7 00
2012 10 07 40 7 00
2012 10 07 40 7 00
2012 10 06 40 6 23
2012 10 06 40 6 21
2012 10 03 40 3 03
2012 10 03 40 3 02
2012 10 03 40 3 01
2012 09 30 39 7 21
2012 09 30 39 7 21
2012 09 30 39 7 20
2012 09 30 39 7 20
2012 09 30 39 7 19
2012 09 24 39 1 16
2012 09 24 39 1 15
2012 09 24 39 1 15
2012 09 24 39 1 02
2012 09 23 38 7 22
2012 09 22 38 6 21
2012 09 21 38 5 22
2012 09 21 38 5 22
2012 09 21 38 5 21
2012 09 21 38 5 21
2012 09 21 38 5 20
2012 09 21 38 5 20
2012 09 21 38 5 20
2012 09 21 38 5 20
2012 09 21 38 5 20
2012 09 21 38 5 16
2012 09 21 38 5 16
2012 09 21 38 5 00
2012 09 20 38 4 23
2012 09 20 38 4 22
2012 09 20 38 4 22
2012 09 20 38 4 21
2012 09 20 38 4 19
2012 09 20 38 4 16
2012 09 20 38 4 00
2012 09 20 38 4 00
2012 09 20 38 4 00
2012 09 19 38 3 23
2012 09 19 38 3 22
2012 09 19 38 3 22
2012 09 19 38 3 22
2012 09 19 38 3 21
2012 09 19 38 3 01
2012 09 19 38 3 01
2012 09 19 38 3 01
2012 09 18 38 2 23
2012 09 18 38 2 22
2012 09 18 38 2 21
2012 09 18 38 2 21
2012 09 18 38 2 20
2012 09 18 38 2 20
