
2016 01 02 53 6 12
2015 12 30 53 3 10
2016 01 02 53 6 09
2015 12 29 53 2 23
2015 12 29 53 2 23
2016 01 02 53 6 09
2016 01 01 53 5 20
2016 01 01 53 5 13
2016 01 01 53 5 03
2015 12 31 53 4 17
2015 12 27 52 7 06
2015 12 24 52 4 06
2015 12 24 52 4 04
2015 12 23 52 3 04
2015 12 23 52 3 04
2015 12 20 51 7 09
2015 12 26 52 6 03
2015 12 20 51 7 14
2015 12 20 51 7 00
2015 12 19 51 6 14
2015 12 19 51 6 14
2015 12 19 51 6 12
2015 12 19 51 6 10
2015 12 19 51 6 08
2015 12 19 51 6 06
2015 12 08 50 2 04
2015 12 08 50 2 04
2015 12 07 50 1 16
2015 12 07 50 1 03
2015 12 19 51 6 08
2015 12 19 51 6 07
2015 12 19 51 6 07
2015 12 19 51 6 02
2015 12 17 51 4 15
2015 12 18 51 5 21
2015 12 16 51 3 16
2015 12 18 51 5 21
2015 12 16 51 3 16
2015 12 18 51 5 03
2015 12 17 51 4 15
2015 12 17 51 4 04
2015 12 16 51 3 11
2015 12 12 50 6 00
2015 04 05 14 7 10
2015 12 10 50 4 09
2015 12 10 50 4 09
2015 12 09 50 3 16
2015 12 04 49 5 12
2015 12 04 49 5 05
2015 12 09 50 3 10
2015 12 09 50 3 09
2015 12 09 50 3 09
2015 12 06 49 7 05
2015 12 06 49 7 05
2015 12 06 49 7 05
2015 12 03 49 4 15
2015 12 03 49 4 06
2015 12 03 49 4 03
2015 12 03 49 4 02
2015 12 02 49 3 23
2015 12 02 49 3 20
2015 12 02 49 3 10
2015 12 02 49 3 10
2015 12 02 49 3 10
2015 12 01 49 2 13
2015 12 01 49 2 11
2015 12 01 49 2 11
2015 11 30 49 1 15
2015 11 10 46 2 10
2015 11 10 46 2 10
2015 11 30 49 1 03
2015 11 29 48 7 15
2015 11 29 48 7 15
2015 11 29 48 7 15
2015 11 29 48 7 14
2015 11 29 48 7 14
2015 11 29 48 7 14
2015 11 22 47 7 09
2015 11 29 48 7 14
2015 11 29 48 7 12
2015 11 29 48 7 08
2015 11 29 48 7 04
2015 11 27 48 5 23
2015 11 26 48 4 12
2015 11 25 48 3 16
2015 11 22 47 7 09
2015 11 21 47 6 16
2015 11 10 46 2 05
2015 11 21 47 6 16
2015 11 21 47 6 09
2015 11 21 47 6 08
2015 11 19 47 4 18
2015 11 19 47 4 17
2015 11 19 47 4 17
2015 11 19 47 4 16
2015 11 21 47 6 01
2015 11 19 47 4 18
2015 11 19 47 4 17
2015 11 19 47 4 17
2015 11 19 47 4 16
2015 11 18 47 3 19
2015 11 18 47 3 05
2015 11 18 47 3 02
2015 11 16 47 1 16
2015 11 13 46 5 04
2015 11 10 46 2 10
2015 11 10 46 2 10
2015 11 10 46 2 04
2015 11 10 46 2 03
2015 11 10 46 2 02
2015 11 09 46 1 17
2015 11 09 46 1 15
2015 10 27 44 2 14
2015 10 26 44 1 16
2015 10 25 43 7 16
2015 10 22 43 4 08
2015 10 19 43 1 14
2015 10 19 43 1 14
2015 10 19 43 1 14
2015 10 15 42 4 23
2015 10 14 42 3 02
2015 10 13 42 2 15
2015 10 12 42 1 14
2015 10 12 42 1 13
2015 10 12 42 1 08
2015 10 09 41 5 08
2015 10 04 40 7 16
2015 10 04 40 7 16
2015 10 04 40 7 16
2015 10 02 40 5 10
2015 10 01 40 4 15
2015 10 01 40 4 10
2015 10 01 40 4 10
2015 10 01 40 4 10
2015 10 01 40 4 09
2015 10 01 40 4 08
2015 09 28 40 1 19
2015 09 25 39 5 20
2015 09 19 38 6 07
2015 09 18 38 5 20
2015 09 15 38 2 03
2015 09 14 38 1 14
2015 09 13 37 7 12
2015 09 13 37 7 05
2015 09 13 37 7 04
2015 09 09 37 3 20
2015 09 11 37 5 12
2015 09 13 37 7 02
2015 09 13 37 7 02
2015 09 13 37 7 02
2015 09 12 37 6 18
2015 08 16 33 7 12
2015 09 11 37 5 17
2015 09 11 37 5 12
2015 09 11 37 5 09
2015 09 11 37 5 09
2015 09 11 37 5 09
2015 09 09 37 3 20
2015 09 06 36 7 22
2015 09 06 36 7 20
2015 09 06 36 7 16
2015 09 06 36 7 16
2015 09 05 36 6 14
2015 03 02 10 1 20
2015 08 28 35 5 23
2015 08 31 36 1 17
2015 08 30 35 7 21
2015 08 21 34 5 07
2015 08 21 34 5 07
2015 08 21 34 5 07
2015 08 21 34 5 05
2015 08 20 34 4 12
2015 08 19 34 3 20
2015 08 19 34 3 20
2015 08 19 34 3 20
2015 08 16 33 7 20
2015 08 13 33 4 15
2015 08 13 33 4 15
2015 08 09 32 7 16
2015 08 09 32 7 16
2015 08 09 32 7 14
2015 08 01 31 6 17
2015 07 31 31 5 20
2015 07 31 31 5 20
2015 07 29 31 3 22
2015 07 27 31 1 08
2015 07 27 31 1 05
2015 07 25 30 6 20
2015 07 25 30 6 19
2015 07 25 30 6 19
2015 07 25 30 6 17
2015 07 25 30 6 17
2015 07 25 30 6 17
2015 07 25 30 6 17
2015 07 25 30 6 17
2015 07 25 30 6 16
2015 07 25 30 6 16
2015 07 25 30 6 16
2015 07 25 30 6 15
2015 07 25 30 6 15
2015 07 25 30 6 13
2015 07 25 30 6 13
2015 07 25 30 6 12
2015 07 25 30 6 12
2015 07 25 30 6 12
2015 07 25 30 6 12
2015 07 25 30 6 12
2015 07 25 30 6 09
2015 07 24 30 5 16
2015 07 24 30 5 20
2015 07 24 30 5 20
2015 07 24 30 5 16
2015 07 24 30 5 16
2015 07 24 30 5 16
2015 07 24 30 5 16
2015 06 25 26 4 17
2015 07 24 30 5 15
2015 07 24 30 5 15
2015 07 22 30 3 19
2015 07 21 30 2 17
2015 07 21 30 2 12
2015 07 12 28 7 16
2015 07 11 28 6 11
2015 07 11 28 6 08
2015 07 09 28 4 12
2015 07 09 28 4 12
2015 07 06 28 1 02
2015 07 06 28 1 02
2015 05 19 21 2 19
2015 07 05 27 7 03
2015 06 26 26 5 14
2015 06 26 26 5 14
2015 06 26 26 5 11
2015 06 25 26 4 17
2015 06 24 26 3 13
2015 06 24 26 3 13
2015 06 22 26 1 15
2015 06 14 24 7 22
2015 06 12 24 5 05
2015 06 11 24 4 21
2015 06 11 24 4 19
2015 05 17 20 7 08
2015 06 11 24 4 13
2015 06 11 24 4 10
2015 06 11 24 4 10
2015 06 10 24 3 03
2015 06 08 24 1 09
2015 06 08 24 1 08
2015 06 07 23 7 11
2015 06 06 23 6 22
2015 06 06 23 6 01
2015 06 04 23 4 21
2015 06 04 23 4 21
2015 05 30 22 6 09
2015 05 29 22 5 13
2015 05 27 22 3 19
2015 05 27 22 3 19
2015 05 22 21 5 18
2015 05 21 21 4 11
2015 05 21 21 4 11
2015 05 19 21 2 19
2015 05 18 21 1 14
2015 05 18 21 1 14
2015 05 18 21 1 14
2015 05 18 21 1 14
2015 05 18 21 1 14
2015 05 17 20 7 09
2015 05 17 20 7 08
2015 05 15 20 5 07
2015 05 13 20 3 05
2015 05 04 19 1 01
2015 05 04 19 1 01
2015 04 28 18 2 15
2015 04 06 15 1 07
2015 04 05 14 7 12
2015 04 05 14 7 12
2015 04 05 14 7 11
2015 04 05 14 7 08
2015 04 04 14 6 03
2015 04 04 14 6 03
2015 01 30 05 5 22
2015 03 30 14 1 13
2015 03 29 13 7 03
2015 03 30 14 1 13
2015 03 29 13 7 03
2015 03 30 14 1 12
2015 03 24 13 2 13
2015 03 23 13 1 11
2015 03 22 12 7 11
2015 03 21 12 6 03
2015 03 17 12 2 10
2015 03 17 12 2 06
2015 03 16 12 1 23
2015 03 16 12 1 16
2015 03 16 12 1 23
2015 03 16 12 1 20
2015 03 16 12 1 15
2015 03 16 12 1 15
2015 03 16 12 1 15
2015 03 16 12 1 14
2015 03 15 11 7 16
2015 03 15 11 7 16
2015 03 14 11 6 17
2015 03 14 11 6 17
2015 03 14 11 6 16
2015 03 14 11 6 15
2015 03 14 11 6 10
2015 03 14 11 6 09
2015 03 14 11 6 08
2015 03 14 11 6 08
2015 03 14 11 6 08
2015 03 14 11 6 06
2015 03 14 11 6 06
2015 03 14 11 6 06
2015 03 14 11 6 05
2015 03 14 11 6 03
2015 03 14 11 6 02
2015 03 12 11 4 14
2015 03 12 11 4 03
2015 03 11 11 3 07
2015 03 09 11 1 16
2015 03 10 11 2 22
2015 03 10 11 2 21
2015 03 10 11 2 21
2015 03 09 11 1 16
2015 03 09 11 1 15
2015 03 09 11 1 14
2015 03 09 11 1 13
2015 03 09 11 1 13
2015 03 08 10 7 15
2015 03 08 10 7 17
2015 03 08 10 7 17
2015 03 08 10 7 17
2015 03 08 10 7 17
2015 03 08 10 7 16
2015 03 08 10 7 16
2015 03 08 10 7 16
2015 03 08 10 7 16
2015 03 08 10 7 16
2015 03 08 10 7 16
2015 03 08 10 7 16
2015 03 08 10 7 16
2015 03 08 10 7 16
2015 03 08 10 7 16
2015 03 08 10 7 15
2015 03 08 10 7 14
2015 03 08 10 7 13
2015 03 08 10 7 13
2015 03 08 10 7 12
2015 03 08 10 7 12
2015 03 08 10 7 10
2015 03 08 10 7 13
2015 03 08 10 7 08
2015 03 08 10 7 07
2015 03 08 10 7 07
2015 03 08 10 7 00
2015 03 07 10 6 23
2015 03 08 10 7 00
2015 03 07 10 6 20
2015 03 07 10 6 16
2015 03 07 10 6 14
2015 03 07 10 6 13
2015 03 07 10 6 12
2015 03 07 10 6 12
2015 03 07 10 6 10
2015 03 07 10 6 08
2015 03 07 10 6 07
2015 03 05 10 4 12
2015 03 07 10 6 08
2015 03 06 10 5 07
2015 03 05 10 4 23
2015 03 05 10 4 23
2015 03 05 10 4 10
2015 03 03 10 2 16
2015 03 03 10 2 00
2015 03 02 10 1 21
2015 03 02 10 1 16
2015 02 22 08 7 16
2015 03 02 10 1 14
2015 03 02 10 1 13
2015 03 01 09 7 15
2015 02 28 09 6 23
2015 02 28 09 6 23
2015 02 28 09 6 22
2015 02 28 09 6 06
2015 02 27 09 5 17
2015 02 27 09 5 17
2015 02 27 09 5 16
2015 02 26 09 4 21
2015 02 25 09 3 15
2015 02 25 09 3 12
2015 02 25 09 3 12
2015 02 25 09 3 11
2015 02 25 09 3 08
2015 02 24 09 2 16
2015 02 24 09 2 16
2015 02 24 09 2 16
2015 02 24 09 2 14
2015 02 24 09 2 14
2015 02 24 09 2 09
2015 02 24 09 2 07
2015 02 24 09 2 07
2015 02 23 09 1 20
2015 02 23 09 1 17
2015 02 23 09 1 17
2015 02 23 09 1 14
2015 02 23 09 1 05
2015 02 22 08 7 16
2015 02 22 08 7 15
2015 02 22 08 7 14
2015 02 22 08 7 11
2015 02 22 08 7 10
2015 02 22 08 7 10
2015 02 22 08 7 07
2015 02 22 08 7 07
2015 02 22 08 7 05
2015 02 21 08 6 15
2015 02 22 08 7 03
2015 02 21 08 6 04
2015 02 21 08 6 03
2015 02 20 08 5 23
2015 02 17 08 2 13
2015 02 16 08 1 00
2015 02 15 07 7 10
2015 02 15 07 7 08
2015 02 14 07 6 11
2015 02 14 07 6 11
2015 02 14 07 6 11
2015 02 14 07 6 10
2015 02 14 07 6 10
2015 02 14 07 6 10
2015 02 14 07 6 10
2015 02 14 07 6 09
2015 02 14 07 6 08
2015 02 14 07 6 08
2015 02 09 07 1 09
2015 02 09 07 1 07
2015 02 08 06 7 23
2015 02 08 06 7 23
2015 02 08 06 7 21
2015 02 08 06 7 19
2015 02 08 06 7 18
2015 02 08 06 7 18
2015 02 08 06 7 09
2015 02 07 06 6 12
2015 02 07 06 6 09
2015 02 07 06 6 09
2015 02 07 06 6 09
2015 02 07 06 6 09
2015 02 07 06 6 09
2015 02 07 06 6 09
2015 02 07 06 6 09
2015 02 07 06 6 09
2015 02 07 06 6 01
2015 02 06 06 5 08
2015 02 06 06 5 07
2015 02 05 06 4 10
2015 02 04 06 3 22
2015 02 04 06 3 13
2015 02 04 06 3 10
2015 02 03 06 2 09
2015 02 02 06 1 11
2015 01 31 05 6 21
2015 01 29 05 4 18
2015 01 28 05 3 17
2015 01 25 04 7 23
2015 01 25 04 7 22
2015 01 25 04 7 21
2015 01 25 04 7 16
2015 01 25 04 7 16
2015 01 25 04 7 16
2015 01 25 04 7 11
2015 01 25 04 7 11
2015 01 25 04 7 10
2015 01 19 04 1 19
2015 01 18 03 7 08
2015 01 18 03 7 07
2015 01 17 03 6 11
2015 01 17 03 6 11
2015 01 17 03 6 08
2015 01 17 03 6 06
2015 01 17 03 6 06
2015 01 15 03 4 14
2015 01 15 03 4 14
2015 01 15 03 4 14
2015 01 15 03 4 14
2015 01 15 03 4 14
2015 01 15 03 4 08
2015 01 15 03 4 08
2015 01 15 03 4 08
2015 01 14 03 3 19
2015 01 14 03 3 14
2015 01 14 03 3 13
2015 01 14 03 3 13
2015 01 14 03 3 13
2015 01 14 03 3 12
2015 01 14 03 3 12
2015 01 14 03 3 12
2015 01 13 03 2 19
2015 01 13 03 2 14
2015 01 12 03 1 23
2015 01 10 02 6 19
2015 01 09 02 5 18
2015 01 09 02 5 17
2015 01 08 02 4 08
2015 01 03 01 6 19
2015 01 06 02 2 17
2015 01 06 02 2 16
2015 01 06 02 2 14
2015 01 05 02 1 18
2015 01 06 02 2 05
2015 01 05 02 1 18
2015 01 03 01 6 23
2015 01 03 01 6 21
2015 01 03 01 6 21
2015 01 03 01 6 16
2015 01 02 01 5 14
2015 01 02 01 5 13
2015 01 02 01 5 13
2015 01 02 01 5 12
2015 01 02 01 5 12
2015 01 01 01 4 19
2015 01 01 01 4 13
2014 12 31 01 3 15
2014 12 31 01 3 14
2014 12 30 01 2 10
2014 12 18 51 4 17
2014 12 13 50 6 10
2014 12 05 49 5 12
2014 12 05 49 5 12
2014 12 05 49 5 11
2014 12 05 49 5 08
2014 12 04 49 4 09
2014 12 03 49 3 15
2014 12 03 49 3 15
2014 11 27 48 4 13
2014 11 27 48 4 08
2014 11 27 48 4 01
2014 11 26 48 3 12
2014 11 25 48 2 02
2014 11 24 48 1 04
2014 11 21 47 5 02
2014 11 21 47 5 02
2014 11 21 47 5 02
2014 11 21 47 5 00
2014 11 17 47 1 19
2014 11 17 47 1 19
2014 11 13 46 4 12
2014 11 12 46 3 11
2014 11 09 45 7 19
2014 11 09 45 7 09
2014 11 07 45 5 15
2014 11 07 45 5 15
2014 11 06 45 4 21
2014 11 06 45 4 09
2014 11 06 45 4 09
2014 11 06 45 4 09
2014 11 05 45 3 14
2014 11 05 45 3 10
2014 11 04 45 2 08
2014 11 04 45 2 02
2014 10 31 44 5 11
2014 10 31 44 5 11
2014 10 30 44 4 15
2014 10 30 44 4 15
2014 10 30 44 4 02
2014 10 30 44 4 02
2014 10 28 44 2 17
2014 10 28 44 2 13
2014 10 28 44 2 05
2014 10 27 44 1 03
2014 10 24 43 5 07
2014 10 23 43 4 07
2014 10 20 43 1 08
2014 10 20 43 1 08
2014 10 19 42 7 21
2014 10 19 42 7 17
2014 10 19 42 7 17
2014 10 19 42 7 05
2014 10 18 42 6 15
2014 10 18 42 6 08
2014 10 14 42 2 04
2014 10 09 41 4 17
2014 10 09 41 4 17
2014 10 09 41 4 17
2014 10 09 41 4 17
2014 10 09 41 4 16
2014 10 09 41 4 15
2014 10 09 41 4 15
2014 10 09 41 4 15
2014 10 09 41 4 14
2014 10 09 41 4 12
2014 10 08 41 3 18
2014 10 08 41 3 17
2014 10 08 41 3 17
2014 10 08 41 3 14
2014 10 08 41 3 14
2014 10 08 41 3 04
2014 10 08 41 3 01
2014 10 07 41 2 16
2014 10 07 41 2 16
2014 10 06 41 1 22
2014 10 06 41 1 16
2014 10 06 41 1 15
2014 10 06 41 1 15
2014 10 06 41 1 15
2014 10 06 41 1 15
2014 10 06 41 1 15
2014 10 06 41 1 14
2014 10 06 41 1 13
2014 10 06 41 1 13
2014 10 06 41 1 11
2014 10 06 41 1 10
2014 10 06 41 1 06
2014 10 06 41 1 00
2014 10 05 40 7 18
2014 10 05 40 7 15
2014 10 05 40 7 14
2014 10 05 40 7 13
2014 10 05 40 7 13
2014 10 05 40 7 09
2014 10 04 40 6 17
2014 10 04 40 6 17
2014 10 04 40 6 16
2014 10 04 40 6 15
2014 10 04 40 6 13
2014 10 04 40 6 07
2014 10 02 40 4 14
2014 10 02 40 4 04
2014 10 02 40 4 00
2014 10 01 40 3 21
2014 10 01 40 3 19
2014 10 01 40 3 19
2014 10 01 40 3 15
2014 10 02 40 4 04
2014 10 01 40 3 04
2014 10 01 40 3 03
2014 09 30 40 2 17
2014 09 30 40 2 16
2014 09 30 40 2 16
2014 09 30 40 2 00
2014 09 28 39 7 17
2014 09 28 39 7 17
2014 09 28 39 7 16
2014 09 28 39 7 14
2014 09 28 39 7 14
2014 09 28 39 7 14
2014 09 28 39 7 14
2014 09 28 39 7 06
2014 09 28 39 7 05
2014 09 27 39 6 16
2014 09 27 39 6 09
2014 09 27 39 6 09
2014 09 27 39 6 08
2014 09 27 39 6 05
2014 09 27 39 6 03
2014 09 26 39 5 17
2014 09 26 39 5 17
2014 09 26 39 5 13
2014 09 25 39 4 19
2014 09 25 39 4 19
2014 09 25 39 4 19
2014 09 25 39 4 18
2014 09 25 39 4 18
2014 09 25 39 4 18
2014 09 25 39 4 17
2014 09 25 39 4 17
2014 09 25 39 4 17
2014 09 25 39 4 10
2014 09 24 39 3 17
2014 09 23 39 2 18
2014 09 23 39 2 18
2014 09 23 39 2 17
2014 09 23 39 2 09
2014 09 23 39 2 05
2014 09 23 39 2 04
2014 09 22 39 1 22
2014 09 22 39 1 21
2014 09 22 39 1 21
2014 09 22 39 1 19
2014 09 22 39 1 19
2014 09 22 39 1 18
2014 09 22 39 1 17
2014 09 22 39 1 16
2014 09 22 39 1 15
2014 09 22 39 1 14
2014 09 22 39 1 14
2014 09 22 39 1 11
2014 09 22 39 1 10
2014 09 22 39 1 10
2014 09 22 39 1 10
2014 09 22 39 1 10
2014 09 22 39 1 10
2014 09 22 39 1 10
2014 09 22 39 1 10
2014 09 22 39 1 09
2014 09 22 39 1 09
2014 09 21 38 7 20
2014 09 21 38 7 20
2014 09 21 38 7 20
2014 09 21 38 7 19
2014 09 21 38 7 19
2014 09 21 38 7 18
2014 09 21 38 7 18
2014 09 21 38 7 18
2014 09 21 38 7 18
2014 09 21 38 7 18
2014 09 21 38 7 18
2014 09 21 38 7 18
2014 09 21 38 7 18
2014 09 21 38 7 17
2014 09 21 38 7 17
2014 09 21 38 7 17
2014 09 21 38 7 16
2014 09 21 38 7 16
2014 09 21 38 7 16
2014 09 20 38 6 21
2014 09 20 38 6 21
2014 09 20 38 6 20
2014 09 20 38 6 20
2014 09 20 38 6 20
2014 09 20 38 6 20
2014 09 20 38 6 20
2014 09 20 38 6 19
2014 09 20 38 6 19
2014 09 20 38 6 19
2014 09 20 38 6 19
2014 09 20 38 6 19
2014 09 20 38 6 19
2014 09 20 38 6 13
2014 09 20 38 6 13
2014 09 20 38 6 13
2014 09 19 38 5 14
2014 09 19 38 5 13
2014 09 19 38 5 13
2014 09 19 38 5 13
2014 09 19 38 5 12
2014 09 19 38 5 12
2014 09 19 38 5 12
2014 09 19 38 5 12
2014 09 19 38 5 11
2014 09 19 38 5 10
2014 09 19 38 5 10
2014 09 19 38 5 10
2014 09 19 38 5 10
2014 09 19 38 5 05
2014 09 19 38 5 04
2014 09 17 38 3 13
2014 09 17 38 3 12
2014 09 17 38 3 12
2014 09 15 38 1 15
2014 09 14 37 7 19
2014 09 14 37 7 19
2014 09 14 37 7 19
2014 09 13 37 6 04
2014 09 09 37 2 10
2014 09 07 36 7 15
2014 09 07 36 7 15
2014 09 04 36 4 08
2014 09 03 36 3 16
2014 09 03 36 3 16
2014 09 01 36 1 17
2014 09 01 36 1 16
2014 09 01 36 1 16
2014 09 01 36 1 09
2014 08 30 35 6 17
2014 08 30 35 6 17
2014 08 30 35 6 17
2014 08 30 35 6 17
2014 08 30 35 6 17
2014 08 30 35 6 13
2014 08 30 35 6 09
2014 08 29 35 5 16
2014 08 28 35 4 18
2014 08 28 35 4 15
2014 08 26 35 2 15
2014 08 26 35 2 13
2014 08 26 35 2 02
2014 08 25 35 1 18
2014 08 25 35 1 17
2014 08 25 35 1 09
2014 08 25 35 1 06
2014 08 24 34 7 14
2014 08 24 34 7 12
2014 08 24 34 7 08
2014 08 24 34 7 07
2014 08 24 34 7 05
2014 08 24 34 7 04
2014 08 23 34 6 05
2014 08 23 34 6 02
2014 08 22 34 5 06
2014 08 22 34 5 05
2014 08 22 34 5 04
2014 08 21 34 4 13
2014 08 21 34 4 13
2014 08 21 34 4 07
2014 08 21 34 4 07
2014 08 21 34 4 06
2014 08 21 34 4 02
2014 08 21 34 4 02
2014 08 21 34 4 02
2014 08 20 34 3 12
2014 08 20 34 3 05
2014 08 20 34 3 05
2014 08 20 34 3 05
2014 08 20 34 3 05
2014 08 19 34 2 23
2014 08 19 34 2 23
2014 08 19 34 2 23
2014 08 19 34 2 23
2014 08 19 34 2 21
2014 08 19 34 2 19
2014 08 19 34 2 18
2014 08 19 34 2 18
2014 08 19 34 2 16
2014 08 19 34 2 04
2014 08 19 34 2 03
2014 08 18 34 1 23
2014 08 18 34 1 16
2014 08 18 34 1 15
2014 08 18 34 1 14
2014 08 16 33 6 02
2014 09 26 39 5 15
2014 08 15 33 5 15
2014 08 15 33 5 15
2014 08 15 33 5 09
2014 08 15 33 5 09
2014 08 15 33 5 09
2014 08 15 33 5 09
2014 08 15 33 5 06
2014 08 14 33 4 17
2014 08 14 33 4 15
2014 08 14 33 4 15
2014 08 14 33 4 13
2014 08 13 33 3 06
2014 08 13 33 3 06
2014 08 13 33 3 05
2014 08 12 33 2 17
2014 08 12 33 2 12
2014 08 12 33 2 07
2014 08 12 33 2 07
2014 08 12 33 2 05
2014 08 12 33 2 04
2014 08 11 33 1 23
2014 08 11 33 1 17
2014 08 11 33 1 17
2014 08 11 33 1 17
2014 08 11 33 1 15
2014 08 11 33 1 14
2014 08 11 33 1 07
2014 08 10 32 7 16
2014 08 10 32 7 16
2014 08 10 32 7 15
2014 08 10 32 7 15
2014 08 10 32 7 11
2014 08 10 32 7 11
2014 08 10 32 7 10
2014 08 10 32 7 10
2014 08 10 32 7 09
2014 08 10 32 7 09
2014 08 10 32 7 09
2014 08 10 32 7 05
2014 08 07 32 4 13
2014 08 06 32 3 18
2014 08 06 32 3 17
2014 08 04 32 1 18
2014 08 04 32 1 17
2014 08 03 31 7 12
2014 08 03 31 7 10
2014 08 03 31 7 09
2014 08 03 31 7 09
2014 08 03 31 7 07
2014 08 02 31 6 11
2014 08 02 31 6 09
2014 07 31 31 4 18
2014 07 31 31 4 08
2014 07 29 31 2 19
2014 07 28 31 1 11
2014 07 28 31 1 02
2014 07 28 31 1 01
2014 07 27 30 7 18
2014 07 27 30 7 11
2014 07 27 30 7 02
2014 07 26 30 6 14
2014 07 26 30 6 07
2014 07 26 30 6 07
2014 07 25 30 5 23
2014 07 24 30 4 16
2014 07 24 30 4 11
2014 07 24 30 4 01
2014 07 23 30 3 22
2014 07 22 30 2 13
2014 07 19 29 6 18
2014 07 18 29 5 18
2014 07 13 28 7 03
2014 07 12 28 6 15
2014 07 12 28 6 13
2014 07 06 27 7 08
2014 07 06 27 7 07
2014 07 05 27 6 02
2014 07 04 27 5 18
2014 07 04 27 5 18
2014 07 04 27 5 17
2014 07 03 27 4 22
2014 07 01 27 2 17
2014 06 30 27 1 15
2014 06 21 25 6 10
2014 06 19 25 4 18
2014 06 19 25 4 18
2014 06 18 25 3 18
2014 06 18 25 3 18
2014 06 18 25 3 17
2014 06 18 25 3 17
2014 06 15 24 7 08
2014 06 14 24 6 10
2014 06 13 24 5 22
2014 06 11 24 3 16
2014 06 11 24 3 02
2014 06 09 24 1 19
2014 06 09 24 1 17
2014 06 09 24 1 16
2014 06 08 23 7 18
2014 06 07 23 6 11
2014 06 07 23 6 09
2014 06 05 23 4 11
2014 06 05 23 4 10
2014 05 27 22 2 17
2014 05 27 22 2 16
2014 05 25 21 7 02
2014 05 24 21 6 19
2014 05 12 20 1 17
2014 05 12 20 1 04
2014 05 05 19 1 09
2014 05 05 19 1 05
2014 05 03 18 6 17
2014 05 03 18 6 06
2014 05 03 18 6 06
2014 05 01 18 4 15
2014 05 01 18 4 13
2014 05 01 18 4 13
2014 05 01 18 4 10
2014 05 01 18 4 06
2014 05 01 18 4 06
2014 05 01 18 4 05
2014 04 30 18 3 17
2014 04 30 18 3 16
2014 04 30 18 3 16
2014 04 30 18 3 14
2014 04 30 18 3 13
2014 04 29 18 2 17
2014 04 29 18 2 16
2014 04 29 18 2 14
2014 04 29 18 2 15
2014 04 29 18 2 14
2014 04 29 18 2 12
2014 04 29 18 2 04
2014 04 28 18 1 12
2014 04 28 18 1 12
2014 04 27 17 7 01
2014 04 20 16 7 02
2014 04 19 16 6 09
2014 04 19 16 6 07
2014 04 11 15 5 17
2014 04 11 15 5 16
2014 04 04 14 5 17
2014 04 01 14 2 14
2014 03 26 13 3 07
2014 03 25 13 2 10
2014 03 25 13 2 09
2014 03 23 12 7 15
2014 03 22 12 6 00
2014 03 21 12 5 02
2014 03 20 12 4 02
2014 03 11 11 2 08
2014 03 10 11 1 03
2014 03 09 10 7 07
2014 03 08 10 6 11
2014 03 08 10 6 10
2014 03 06 10 4 09
2014 03 06 10 4 07
2014 03 05 10 3 07
2014 03 05 10 3 07
2014 03 05 10 3 07
2014 03 02 09 7 08
2014 03 02 09 7 08
2014 03 02 09 7 08
2014 03 02 09 7 08
2014 03 02 09 7 06
2014 03 01 09 6 09
2014 03 01 09 6 09
2014 03 01 09 6 09
2014 03 01 09 6 09
2014 03 01 09 6 09
2014 03 01 09 6 08
2014 03 01 09 6 08
2014 03 01 09 6 08
2014 03 01 09 6 08
2014 03 01 09 6 08
2014 03 01 09 6 08
2014 02 20 08 4 18
2014 02 20 08 4 16
2014 02 12 07 3 11
2014 02 12 07 3 09
2014 02 11 07 2 23
2014 02 05 06 3 15
2014 02 04 06 2 04
2014 02 04 06 2 04
2014 02 02 05 7 08
2014 02 02 05 7 08
2014 01 31 05 5 18
2014 01 30 05 4 08
2014 01 26 04 7 11
2014 01 26 04 7 11
2014 01 24 04 5 20
2014 01 24 04 5 17
2014 01 23 04 4 10
2014 01 23 04 4 07
2014 01 23 04 4 06
2014 01 22 04 3 18
2014 01 22 04 3 18
2014 01 22 04 3 17
2014 01 22 04 3 17
2014 01 22 04 3 17
2014 01 22 04 3 15
2014 01 22 04 3 15
2014 01 22 04 3 11
2014 01 22 04 3 09
2014 01 22 04 3 08
2014 01 21 04 2 19
2014 01 21 04 2 18
2014 01 21 04 2 17
2014 01 21 04 2 10
2014 01 21 04 2 10
2014 01 21 04 2 10
2014 01 21 04 2 10
2014 01 21 04 2 10
2014 01 21 04 2 09
2014 01 21 04 2 05
2014 01 20 04 1 21
2014 01 20 04 1 17
2014 01 20 04 1 17
2014 01 20 04 1 21
2014 01 20 04 1 19
2014 01 20 04 1 17
2014 01 20 04 1 16
2014 01 20 04 1 15
2014 01 20 04 1 11
2014 01 20 04 1 11
2014 01 20 04 1 08
2014 01 20 04 1 08
2014 01 19 03 7 19
2014 01 19 03 7 19
2014 01 19 03 7 18
2014 01 19 03 7 18
2014 01 19 03 7 18
2014 01 19 03 7 18
2014 01 19 03 7 18
2014 01 19 03 7 18
2014 01 19 03 7 17
2014 01 19 03 7 17
2014 01 19 03 7 17
2014 01 19 03 7 17
2014 01 19 03 7 16
2014 01 19 03 7 15
2014 01 19 03 7 15
2014 01 19 03 7 11
2014 01 19 03 7 11
2014 01 19 03 7 11
2014 01 19 03 7 11
2014 01 19 03 7 11
2014 01 19 03 7 10
2014 01 19 03 7 10
2014 01 19 03 7 10
2014 01 19 03 7 09
2014 01 19 03 7 07
2014 01 18 03 6 19
2014 01 18 03 6 16
2014 01 18 03 6 14
2014 01 18 03 6 13
2014 01 18 03 6 08
2014 01 17 03 5 07
2014 01 17 03 5 07
2014 01 15 03 3 05
2014 01 15 03 3 00
2014 01 13 03 1 20
2014 01 13 03 1 19
2014 01 13 03 1 08
2014 01 13 03 1 00
2014 01 12 02 7 23
2014 01 12 02 7 23
2014 01 12 02 7 22
2014 01 12 02 7 22
2014 01 12 02 7 22
2014 01 12 02 7 22
2014 01 12 02 7 21
2014 01 12 02 7 21
2014 01 12 02 7 21
2014 01 12 02 7 20
2014 01 12 02 7 20
2014 01 12 02 7 20
2014 01 12 02 7 19
2014 01 12 02 7 19
2014 01 12 02 7 19
2014 01 12 02 7 19
2014 01 12 02 7 17
2014 01 12 02 7 17
2014 01 12 02 7 16
2014 01 12 02 7 16
2014 01 12 02 7 16
2014 01 12 02 7 16
2014 01 12 02 7 12
2014 01 12 02 7 12
2014 01 11 02 6 21
2014 01 11 02 6 21
2014 01 11 02 6 21
2014 01 11 02 6 21
2014 01 11 02 6 20
2014 01 11 02 6 20
2014 01 11 02 6 20
2014 01 11 02 6 19
2014 01 11 02 6 19
2014 01 11 02 6 19
2014 01 11 02 6 15
2014 01 11 02 6 14
2014 01 11 02 6 14
2014 01 11 02 6 12
2014 01 11 02 6 10
2014 01 11 02 6 10
2014 01 11 02 6 10
2014 01 11 02 6 09
2014 01 11 02 6 09
2014 01 11 02 6 09
2014 01 11 02 6 09
2014 01 11 02 6 09
2014 01 11 02 6 08
2014 01 10 02 5 22
2014 01 10 02 5 22
2014 01 10 02 5 21
2014 01 10 02 5 21
2014 01 10 02 5 21
2014 01 10 02 5 21
2014 01 10 02 5 21
2014 01 10 02 5 21
2014 01 10 02 5 20
2014 01 10 02 5 20
2014 01 10 02 5 20
2014 01 10 02 5 15
2014 01 10 02 5 15
2014 01 10 02 5 15
2014 01 10 02 5 14
2014 01 10 02 5 11
2014 01 10 02 5 09
2014 01 10 02 5 09
2014 01 05 01 7 03
2013 12 18 51 3 00
2013 12 17 51 2 19
2013 12 17 51 2 19
2013 12 17 51 2 19
2013 12 17 51 2 19
2013 12 17 51 2 15
2013 12 15 50 7 08
2013 12 15 50 7 08
2013 12 15 50 7 06
2013 12 10 50 2 19
2013 12 10 50 2 10
2013 12 10 50 2 10
2013 12 10 50 2 10
2013 12 10 50 2 10
2013 12 10 50 2 10
2013 12 10 50 2 10
2013 12 10 50 2 10
2013 12 09 50 1 11
2013 12 09 50 1 10
2013 12 08 49 7 08
2013 12 08 49 7 06
2013 11 28 48 4 16
2013 11 25 48 1 20
2013 11 25 48 1 08
2013 11 24 47 7 16
2013 11 17 46 7 09
2013 11 17 46 7 04
2013 11 16 46 6 09
2013 11 15 46 5 01
2013 11 14 46 4 10
2013 11 13 46 3 15
2014 01 19 03 7 11
2014 01 19 03 7 10
2013 11 13 46 3 15
2013 11 13 46 3 07
2013 11 12 46 2 16
2013 11 08 45 5 15
2013 11 08 45 5 14
2013 10 29 44 2 23
2013 10 28 44 1 10
2014 01 07 02 2 00
2014 01 02 01 4 04
2013 12 27 52 5 09
2013 12 27 52 5 06
2013 10 28 44 1 10
2013 10 25 43 5 13
2013 10 25 43 5 13
2013 10 23 43 3 10
2013 10 22 43 2 00
2013 10 20 42 7 19
2013 10 12 41 6 22
2013 10 12 41 6 22
2013 10 12 41 6 21
2013 10 12 41 6 20
2013 10 12 41 6 20
2013 10 12 41 6 19
2013 10 12 41 6 19
2013 10 12 41 6 10
2013 10 09 41 3 15
2013 10 08 41 2 16
2013 10 07 41 1 11
2013 10 05 40 6 17
2013 10 04 40 5 10
2013 10 03 40 4 22
2013 10 03 40 4 19
2013 10 03 40 4 08
2013 10 03 40 4 08
2013 10 03 40 4 07
2013 10 03 40 4 04
2013 10 02 40 3 09
2013 10 02 40 3 09
2013 10 02 40 3 09
2013 10 01 40 2 19
2013 10 01 40 2 19
2013 10 01 40 2 19
2013 10 01 40 2 09
2013 09 29 39 7 09
2013 09 28 39 6 14
2013 09 26 39 4 01
2013 09 25 39 3 17
2013 09 25 39 3 16
2013 09 24 39 2 16
2013 09 23 39 1 15
2013 09 23 39 1 13
2013 09 23 39 1 13
2013 09 23 39 1 12
2013 09 23 39 1 02
2013 09 22 38 7 21
2013 09 21 38 6 09
2013 09 20 38 5 11
2013 09 19 38 4 21
2013 09 18 38 3 10
2013 09 17 38 2 15
2013 09 17 38 2 15
2013 09 17 38 2 14
2013 09 17 38 2 14
2013 09 17 38 2 13
2013 09 17 38 2 07
2013 09 17 38 2 07
2013 09 17 38 2 07
2013 09 16 38 1 16
2013 09 16 38 1 10
2013 09 16 38 1 10
2013 09 16 38 1 10
2013 09 16 38 1 10
2013 09 16 38 1 09
2013 09 16 38 1 09
2013 09 16 38 1 09
2013 09 16 38 1 09
2013 09 16 38 1 09
2013 09 16 38 1 09
2013 09 16 38 1 09
2013 09 16 38 1 08
2013 09 16 38 1 08
2013 09 16 38 1 08
2013 09 16 38 1 08
2013 09 16 38 1 08
2013 09 16 38 1 08
2013 09 16 38 1 08
2013 09 16 38 1 08
2013 09 16 38 1 07
2013 09 16 38 1 07
2013 09 16 38 1 05
2013 09 16 38 1 05
2013 09 16 38 1 04
2013 09 16 38 1 04
2013 09 16 38 1 03
2013 09 08 36 7 23
2013 09 05 36 4 18
2013 09 03 36 2 22
2013 08 31 35 6 18
2013 08 22 34 4 14
2013 08 22 34 4 10
2013 08 22 34 4 10
2013 08 22 34 4 10
2013 08 22 34 4 09
2013 08 12 33 1 20
2013 08 10 32 6 15
2013 08 10 32 6 15
2013 08 10 32 6 15
2013 08 10 32 6 14
2013 08 10 32 6 11
2013 08 07 32 3 18
2013 08 06 32 2 14
2013 08 04 31 7 22
2013 07 27 30 6 09
2013 07 27 30 6 07
2013 07 26 30 5 17
2013 07 26 30 5 16
2013 07 25 30 4 02
2013 07 25 30 4 02
2013 07 14 28 7 07
2013 07 11 28 4 22
2013 07 03 27 3 10
2013 07 03 27 3 07
2013 07 03 27 3 07
2013 07 01 27 1 06
2013 07 01 27 1 01
2013 06 23 25 7 22
2013 06 21 25 5 05
2013 06 21 25 5 03
2013 06 19 25 3 21
2013 06 19 25 3 20
2013 06 19 25 3 20
2013 06 19 25 3 08
2013 06 18 25 2 13
2013 06 19 25 3 12
2013 06 17 25 1 06
2013 06 17 25 1 06
2013 06 16 24 7 17
2013 06 16 24 7 07
2013 06 16 24 7 16
2013 06 15 24 6 18
2013 06 15 24 6 05
2013 06 13 24 4 05
2013 06 13 24 4 05
2013 06 13 24 4 05
2013 06 13 24 4 05
2013 06 13 24 4 04
2013 06 11 24 2 03
2013 06 11 24 2 01
2013 06 09 23 7 02
2013 06 09 23 7 02
2013 06 07 23 5 20
2013 06 06 23 4 21
2013 06 06 23 4 21
2013 06 06 23 4 21
2013 06 05 23 3 07
2013 06 04 23 2 11
2013 06 04 23 2 08
2013 06 04 23 2 05
2013 05 30 22 4 00
2013 05 29 22 3 11
2013 05 28 22 2 13
2013 05 06 19 1 23
2013 05 05 18 7 19
2013 05 02 18 4 03
2013 04 30 18 2 16
2013 04 30 18 2 16
2013 04 29 18 1 21
2013 04 29 18 1 20
2013 04 25 17 4 23
2013 04 20 16 6 21
2013 04 20 16 6 13
2013 04 15 16 1 08
2013 04 14 15 7 17
2013 04 13 15 6 15
2013 04 13 15 6 14
2013 04 13 15 6 11
2013 04 13 15 6 07
2013 04 11 15 4 16
2013 04 09 15 2 18
2013 04 08 15 1 21
2013 04 07 14 7 17
2013 04 07 14 7 17
2013 04 07 14 7 10
2013 04 05 14 5 16
2013 04 05 14 5 16
2013 04 03 14 3 23
2013 04 03 14 3 19
2013 04 03 14 3 19
2013 04 03 14 3 17
2013 04 02 14 2 21
2013 04 02 14 2 20
2013 04 02 14 2 20
2013 04 02 14 2 20
2013 04 02 14 2 17
2013 04 02 14 2 11
2013 04 02 14 2 10
2013 04 02 14 2 10
2013 04 01 14 1 15
2013 04 01 14 1 12
2013 04 01 14 1 11
2013 04 01 14 1 11
2013 04 01 14 1 11
2013 04 01 14 1 11
2013 04 01 14 1 11
2013 03 31 13 7 15
2013 03 31 13 7 15
2013 03 31 13 7 15
2013 03 31 13 7 05
2013 03 30 13 6 17
2013 03 30 13 6 17
2013 03 30 13 6 17
2013 03 30 13 6 17
2013 03 30 13 6 17
2013 03 30 13 6 14
2013 03 30 13 6 14
2013 03 30 13 6 14
2013 03 30 13 6 12
2013 03 30 13 6 12
2013 03 30 13 6 12
2013 03 30 13 6 12
2013 03 30 13 6 12
2013 03 30 13 6 12
2013 03 30 13 6 12
2013 03 30 13 6 11
2013 03 30 13 6 11
2013 03 29 13 5 19
2013 03 29 13 5 18
2013 03 29 13 5 18
2013 03 29 13 5 13
2013 03 29 13 5 12
2013 03 29 13 5 12
2013 03 29 13 5 12
2013 03 29 13 5 12
2013 03 29 13 5 12
2013 03 29 13 5 12
2013 03 29 13 5 12
2013 03 29 13 5 12
2013 03 29 13 5 12
2013 03 29 13 5 12
2013 03 29 13 5 11
2013 03 29 13 5 11
2013 03 29 13 5 11
2013 03 29 13 5 11
2013 03 29 13 5 02
2013 03 29 13 5 02
2013 03 29 13 5 01
2013 03 29 13 5 01
2013 03 17 11 7 02
2013 03 11 11 1 23
2013 03 11 11 1 22
2013 03 11 11 1 21
2013 03 11 11 1 20
2013 03 11 11 1 04
2013 03 10 10 7 14
2013 03 10 10 7 02
2013 03 09 10 6 15
2013 03 09 10 6 14
2013 03 07 10 4 07
2013 03 07 10 4 03
2013 03 06 10 3 20
2013 03 06 10 3 19
2013 03 06 10 3 18
2013 03 05 10 2 14
2013 03 04 10 1 17
2013 03 04 10 1 17
2013 03 04 10 1 17
2013 03 04 10 1 00
2013 02 27 09 3 16
2013 02 26 09 2 02
2013 02 24 08 7 13
2013 02 22 08 5 09
2013 02 22 08 5 08
2013 02 21 08 4 14
2013 02 21 08 4 14
2013 02 21 08 4 11
2013 02 20 08 3 22
2013 02 20 08 3 20
2013 02 20 08 3 11
2013 02 20 08 3 10
2013 02 20 08 3 03
2013 02 20 08 3 02
2013 02 20 08 3 02
2013 02 20 08 3 00
2013 02 19 08 2 14
2013 02 19 08 2 13
2013 02 19 08 2 13
2013 02 19 08 2 12
2013 02 19 08 2 11
2013 02 19 08 2 11
2013 02 19 08 2 11
2013 02 19 08 2 11
2013 02 19 08 2 11
2013 02 19 08 2 11
2013 02 19 08 2 11
2013 02 19 08 2 10
2013 02 19 08 2 10
2013 02 19 08 2 08
2013 02 19 08 2 04
2013 02 14 07 4 21
2013 02 14 07 4 21
2013 02 11 07 1 06
2013 02 11 07 1 02
2013 02 11 07 1 01
2013 02 10 06 7 15
2013 02 10 06 7 15
2013 02 10 06 7 13
2013 02 10 06 7 13
2013 02 10 06 7 03
2013 02 10 06 7 07
2013 02 09 06 6 17
2013 02 09 06 6 17
2013 02 09 06 6 17
2013 02 09 06 6 17
2013 02 09 06 6 15
2013 02 09 06 6 15
2013 02 07 06 4 18
2013 02 07 06 4 18
2013 02 07 06 4 16
2013 02 07 06 4 04
2013 02 06 06 3 15
2013 02 05 06 2 16
2013 02 05 06 2 15
2013 02 05 06 2 09
2013 02 05 06 2 05
2013 02 05 06 2 04
2013 02 05 06 2 04
2013 02 04 06 1 15
2013 02 04 06 1 15
2013 02 04 06 1 14
2013 02 04 06 1 01
2013 02 03 05 7 14
2013 02 03 05 7 12
2013 02 03 05 7 05
2013 02 03 05 7 04
2013 01 31 05 4 18
2013 01 30 05 3 15
2013 01 29 05 2 16
2013 01 29 05 2 16
2013 01 24 04 4 18
2013 01 22 04 2 17
2013 01 22 04 2 17
2013 01 21 04 1 04
2013 01 21 04 1 00
2013 01 20 03 7 08
2013 01 19 03 6 21
2013 01 18 03 5 23
2013 01 18 03 5 23
2013 01 15 03 2 06
2013 01 14 03 1 08
2013 01 14 03 1 08
2013 01 14 03 1 08
2013 01 14 03 1 08
2013 01 14 03 1 00
2013 01 14 03 1 00
2013 01 14 03 1 00
2013 01 13 02 7 19
2013 01 13 02 7 19
2013 01 13 02 7 17
2013 01 13 02 7 17
2013 01 13 02 7 14
2013 01 13 02 7 14
2013 01 13 02 7 14
2013 01 13 02 7 10
2013 01 13 02 7 10
2013 01 12 02 6 22
2013 01 12 02 6 18
2013 01 12 02 6 10
2013 01 12 02 6 14
2013 01 12 02 6 14
2013 01 12 02 6 12
2013 01 12 02 6 12
2013 01 12 02 6 12
2013 01 12 02 6 12
2013 01 12 02 6 12
2013 01 11 02 5 04
2013 01 09 02 3 15
2013 01 09 02 3 15
2013 01 09 02 3 15
2013 01 07 02 1 08
2013 01 07 02 1 07
2013 01 07 02 1 07
2013 01 07 02 1 06
2013 01 07 02 1 06
2013 01 06 01 7 14
2013 01 06 01 7 12
2013 01 06 01 7 12
2013 01 06 01 7 11
2013 01 06 01 7 10
2013 01 06 01 7 10
2013 01 06 01 7 08
2013 01 06 01 7 04
2013 01 06 01 7 03
2013 01 05 01 6 15
2013 01 05 01 6 15
2013 01 05 01 6 09
2013 01 05 01 6 05
2013 01 05 01 6 05
2013 01 05 01 6 05
2013 01 04 01 5 22
2013 01 04 01 5 22
2013 01 04 01 5 17
2013 01 04 01 5 10
2013 01 04 01 5 13
2013 01 04 01 5 12
2013 01 04 01 5 11
2013 01 03 01 4 20
2013 01 03 01 4 20
2013 01 03 01 4 10
2013 01 03 01 4 10
2013 01 03 01 4 10
2013 01 03 01 4 10
2013 01 01 01 2 22
2013 01 01 01 2 07
2013 01 01 01 2 07
2013 01 01 01 2 06
2012 12 31 01 1 19
2012 12 31 01 1 15
2012 12 31 01 1 15
2012 12 31 01 1 09
2012 12 30 52 7 21
2012 12 30 52 7 18
2012 12 30 52 7 18
2012 12 30 52 7 17
2012 12 27 52 4 19
2012 12 23 51 7 20
2012 12 23 51 7 17
2012 12 23 51 7 00
2012 12 23 51 7 00
2012 12 23 51 7 00
2012 12 23 51 7 00
2012 12 22 51 6 23
2012 12 21 51 5 21
2012 12 19 51 3 00
2012 12 18 51 2 23
2012 12 18 51 2 22
2012 12 17 51 1 22
2012 12 17 51 1 22
2012 12 17 51 1 08
2012 12 17 51 1 08
2012 12 17 51 1 05
2012 12 17 51 1 05
2012 12 16 50 7 21
2012 12 16 50 7 21
2012 12 16 50 7 14
2012 12 16 50 7 05
2012 12 15 50 6 08
2012 12 14 50 5 18
2012 12 14 50 5 01
2012 12 14 50 5 01
2012 12 11 50 2 08
2012 12 10 50 1 22
2012 12 10 50 1 21
2012 12 10 50 1 11
2012 12 10 50 1 09
2012 12 10 50 1 09
2012 12 07 49 5 20
2012 12 07 49 5 08
2012 12 05 49 3 12
2012 12 05 49 3 11
2012 12 05 49 3 05
2012 12 05 49 3 05
2012 12 05 49 3 05
2012 12 05 49 3 04
2012 12 05 49 3 03
2012 12 03 49 1 08
2012 12 03 49 1 07
2012 12 02 48 7 15
2012 12 02 48 7 08
2012 11 30 48 5 02
2012 11 28 48 3 15
2012 11 28 48 3 07
2012 11 28 48 3 07
2012 11 27 48 2 12
2012 11 27 48 2 09
2012 11 22 47 4 04
2012 11 22 47 4 03
2012 11 11 45 7 08
2012 11 11 45 7 06
2012 11 09 45 5 15
2012 11 09 45 5 04
2012 11 09 45 5 04
2012 11 09 45 5 03
2012 11 08 45 4 23
2012 11 07 45 3 11
2012 11 07 45 3 11
2012 11 06 45 2 23
2012 11 04 44 7 11
2012 11 04 44 7 11
2012 11 04 44 7 01
2012 11 03 44 6 18
2012 11 03 44 6 18
2012 11 03 44 6 17
2012 11 03 44 6 17
2012 11 03 44 6 17
2012 11 03 44 6 15
2012 11 03 44 6 15
2012 11 03 44 6 13
2012 11 03 44 6 10
2012 11 02 44 5 17
2012 11 02 44 5 16
2012 11 02 44 5 16
2012 11 01 44 4 17
2012 11 01 44 4 17
2012 11 01 44 4 17
2012 10 31 44 3 02
2012 10 31 44 3 01
2012 10 30 44 2 10
2012 10 30 44 2 10
2012 10 30 44 2 10
2012 10 30 44 2 10
2012 10 30 44 2 10
2012 10 30 44 2 10
2012 10 30 44 2 10
2012 10 30 44 2 10
2012 10 30 44 2 10
2012 10 30 44 2 10
2012 10 30 44 2 09
2012 10 30 44 2 08
2012 10 30 44 2 08
2012 10 30 44 2 04
2012 10 30 44 2 02
2012 10 29 44 1 13
2012 10 29 44 1 13
2012 10 29 44 1 05
2012 10 28 43 7 19
2012 10 28 43 7 19
2012 10 28 43 7 19
2012 10 28 43 7 18
2012 10 28 43 7 18
2012 10 28 43 7 18
2012 10 28 43 7 18
2012 10 28 43 7 18
2012 10 28 43 7 18
2012 10 28 43 7 18
2012 10 28 43 7 18
2012 10 28 43 7 18
2012 10 28 43 7 18
2012 10 28 43 7 18
2012 10 28 43 7 17
2012 10 20 42 6 11
2012 10 20 42 6 07
2012 10 11 41 4 20
2012 10 09 41 2 23
2012 10 03 40 3 03
2012 09 16 37 7 08
2012 09 12 37 3 23
2012 09 12 37 3 22
2012 09 12 37 3 22
2012 08 30 35 4 15
2012 08 30 35 4 14
2012 08 30 35 4 14
2012 08 19 33 7 12
2012 08 12 32 7 16
2012 08 12 32 7 16
2012 08 12 32 7 16
2012 07 29 30 7 19
2012 07 26 30 4 13
2012 07 25 30 3 17
2012 07 01 26 7 15
2012 06 01 22 5 16
2012 05 22 21 2 23
2012 05 22 21 2 22
2012 05 22 21 2 18
2012 05 21 21 1 22
2012 05 21 21 1 19
2012 05 10 19 4 13
2012 05 10 19 4 13
2012 05 08 19 2 12
2012 05 08 19 2 12
2012 05 06 18 7 14
2012 05 06 18 7 14
2012 05 03 18 4 03
2012 05 02 18 3 08
2012 05 02 18 3 05
2012 05 02 18 3 05
2012 05 02 18 3 05
2012 05 01 18 2 08
2012 05 01 18 2 08
2012 04 28 17 6 21
2012 04 11 15 3 21
2012 04 11 15 3 21
2012 03 31 13 6 07
2012 03 27 13 2 15
2012 03 25 12 7 07
2012 03 25 12 7 07
2012 03 17 11 6 16
2012 03 17 11 6 16
2012 03 16 11 5 10
2012 03 16 11 5 10
2012 03 13 11 2 17
2012 03 13 11 2 17
2012 03 11 10 7 17
2012 03 11 10 7 17
2012 03 10 10 6 22
2012 03 10 10 6 21
2012 03 10 10 6 21
2012 03 10 10 6 21
2012 03 10 10 6 21
2012 03 10 10 6 21
2012 03 10 10 6 21
2012 03 10 10 6 21
2012 03 10 10 6 21
2012 03 10 10 6 19
2012 03 10 10 6 19
2012 03 10 10 6 19
2012 03 10 10 6 19
2012 03 10 10 6 18
2012 03 10 10 6 18
2012 03 07 10 3 23
2012 02 29 09 3 18
2012 02 29 09 3 18
2012 02 29 09 3 18
2012 02 29 09 3 18
2012 02 28 09 2 21
2012 02 28 09 2 19
2012 02 28 09 2 19
2012 02 26 08 7 18
2012 02 26 08 7 16
2012 03 10 10 6 18
2012 03 10 10 6 18
2012 03 10 10 6 18
2012 02 26 08 7 16
2012 02 24 08 5 07
2012 02 20 08 1 20
2012 02 18 07 6 08
2012 02 17 07 5 17
2012 02 15 07 3 08
2012 02 15 07 3 08
2012 02 15 07 3 08
2012 02 13 07 1 21
2012 01 29 04 7 12
2012 01 29 04 7 12
2012 01 29 04 7 12
2012 01 29 04 7 12
2012 01 29 04 7 11
2012 01 29 04 7 11
2012 01 29 04 7 11
2012 01 29 04 7 11
2012 01 29 04 7 11
2012 01 29 04 7 11
2012 01 29 04 7 11
2012 01 29 04 7 10
2012 01 29 04 7 10
2012 01 29 04 7 10
2012 01 29 04 7 10
2012 01 29 04 7 10
2012 01 29 04 7 10
2012 01 29 04 7 10
2012 01 29 04 7 10
2012 01 25 04 3 13
2012 01 25 04 3 13
2012 01 05 01 4 21
2012 01 03 01 2 12
2011 12 23 51 5 14
2011 12 04 48 7 17
2012 01 29 04 7 10
2011 12 04 48 7 17
2011 11 26 47 6 15
2011 11 25 47 5 16
2011 11 25 47 5 16
2012 01 29 04 7 10
2012 01 05 01 4 21
2012 01 29 04 7 10
2012 01 03 01 2 12
2012 01 25 04 3 13
2012 01 25 04 3 13
2011 12 21 51 3 06
2011 11 10 45 4 11
2011 11 09 45 3 13
2011 11 09 45 3 12
2011 11 09 45 3 12
2011 11 09 45 3 12
2011 11 09 45 3 12
2011 11 09 45 3 12
2011 11 01 44 2 21
2011 11 01 44 2 15
2011 11 01 44 2 15
2011 11 01 44 2 15
2011 11 01 44 2 09
2011 11 01 44 2 09
2011 11 01 44 2 09
2011 11 01 44 2 09
2011 11 01 44 2 09
2011 11 01 44 2 09
2011 11 01 44 2 09
2011 11 01 44 2 08
2011 10 22 42 6 06
2011 10 26 43 3 17
2011 10 22 42 6 06
2011 10 12 41 3 20
2011 10 23 42 7 22
2011 10 09 40 7 23
2011 10 09 40 7 23
2011 10 09 40 7 23
2011 10 09 40 7 23
2011 10 08 40 6 16
2011 10 08 40 6 16
2011 10 08 40 6 14
2011 10 08 40 6 14
2011 10 07 40 5 19
2011 10 07 40 5 19
2011 10 07 40 5 19
2011 10 07 40 5 12
2011 10 07 40 5 12
2011 10 07 40 5 12
2011 10 07 40 5 12
2011 10 07 40 5 11
2011 10 07 40 5 11
2011 10 07 40 5 11
2011 10 06 40 4 14
2011 10 06 40 4 14
2011 10 05 40 3 15
2011 10 03 40 1 14
2011 10 03 40 1 13
2011 10 02 39 7 19
2011 10 02 39 7 19
2011 10 02 39 7 17
2011 10 02 39 7 17
2011 10 02 39 7 16
2011 09 28 39 3 21
2011 09 27 39 2 19
2011 09 27 39 2 19
2011 09 27 39 2 07
2011 09 26 39 1 08
2011 09 25 38 7 08
2011 09 25 38 7 08
2011 09 25 38 7 08
2011 09 25 38 7 08
2011 09 25 38 7 08
2011 09 23 38 5 22
2011 09 23 38 5 21
2011 09 23 38 5 11
2011 09 23 38 5 11
2011 09 23 38 5 11
2011 09 23 38 5 11
2011 09 23 38 5 11
2011 09 23 38 5 11
2011 09 23 38 5 11
2011 09 23 38 5 10
2011 09 23 38 5 10
2011 09 23 38 5 10
2011 09 23 38 5 09
2011 09 23 38 5 08
2011 09 23 38 5 07
2011 09 23 38 5 07
2011 09 23 38 5 00
2011 09 23 38 5 00
2011 09 23 38 5 00
2011 09 22 38 4 14
2011 09 22 38 4 14
2011 09 22 38 4 12
2011 09 22 38 4 11
2011 09 22 38 4 11
2011 09 22 38 4 11
2011 09 22 38 4 11
2011 09 22 38 4 11
2011 09 22 38 4 10
2011 09 22 38 4 10
2011 09 22 38 4 10
2011 09 22 38 4 10
2011 09 22 38 4 10
2011 09 22 38 4 10
2011 09 22 38 4 10
2011 09 22 38 4 10
2011 09 22 38 4 10
2011 09 22 38 4 10
2011 09 22 38 4 10
2011 09 22 38 4 09
2011 09 22 38 4 09
2011 09 22 38 4 08
2011 09 21 38 3 19
2011 09 21 38 3 19
2011 09 21 38 3 19
2011 09 21 38 3 19
2011 09 21 38 3 19
2011 09 21 38 3 18
2011 09 21 38 3 18
2011 09 21 38 3 18
2011 09 21 38 3 18
2011 09 21 38 3 17
2011 09 21 38 3 10
2011 09 21 38 3 10
2011 09 21 38 3 10
2011 09 21 38 3 10
2011 09 21 38 3 10
2011 09 21 38 3 10
2011 09 21 38 3 10
2011 09 21 38 3 10
2011 09 21 38 3 10
2011 09 21 38 3 10
2011 09 21 38 3 10
2011 09 21 38 3 10
2011 09 21 38 3 10
2011 09 03 35 6 21
2011 08 27 34 6 10
2011 08 15 33 1 10
2011 08 14 32 7 12
2011 08 12 32 5 09
2011 08 12 32 5 07
2011 07 30 30 6 07
2011 07 30 30 6 07
2011 07 30 30 6 07
2011 07 30 30 6 06
2011 07 30 30 6 06
2011 07 23 29 6 10
2011 07 23 29 6 10
2011 07 19 29 2 22
2011 07 19 29 2 01
2011 07 14 28 4 16
2011 07 14 28 4 13
2011 07 09 27 6 12
2011 07 07 27 4 08
2011 07 07 27 4 04
2011 07 07 27 4 04
2011 07 07 27 4 04
2011 07 07 27 4 03
2011 07 06 27 3 08
2011 07 06 27 3 08
2011 07 06 27 3 08
2011 07 06 27 3 08
2011 07 04 27 1 00
2011 07 01 26 5 00
2011 06 30 26 4 00
2011 06 28 26 2 02
2011 06 28 26 2 02
2011 06 28 26 2 01
2011 06 07 23 2 17
2011 06 07 23 2 17
2011 06 07 23 2 17
2011 06 05 22 7 04
2011 05 29 21 7 12
2011 05 23 21 1 21
2011 05 15 19 7 14
2011 05 15 19 7 14
2011 05 15 19 7 13
2011 05 15 19 7 13
2011 05 15 19 7 13
2011 05 15 19 7 13
2011 05 15 19 7 13
2011 05 15 19 7 12
2011 05 15 19 7 12
2011 05 15 19 7 12
2011 05 15 19 7 12
2011 05 15 19 7 12
2011 05 15 19 7 11
2011 05 15 19 7 11
2011 05 15 19 7 11
2011 05 15 19 7 11
2011 05 08 18 7 10
2011 05 08 18 7 10
2011 05 14 19 6 04
2011 05 14 19 6 03
2011 05 04 18 3 17
2011 09 21 38 3 09
2011 09 21 38 3 09
2011 09 21 38 3 09
2011 09 21 38 3 09
2011 05 04 18 3 17
2011 09 21 38 3 09
2011 09 21 38 3 09
2011 09 21 38 3 09
2011 09 21 38 3 09
2011 09 21 38 3 09
2011 09 21 38 3 09
2011 09 21 38 3 09
2011 09 21 38 3 09
2011 09 21 38 3 09
2011 09 21 38 3 09
2011 09 19 38 1 09
2011 09 19 38 1 09
2011 09 19 38 1 09
2011 09 19 38 1 09
2011 09 19 38 1 08
2011 09 19 38 1 08
2011 09 17 37 6 21
2011 09 17 37 6 20
2011 09 16 37 5 13
2011 09 16 37 5 08
2011 08 31 35 3 18
2011 08 24 34 3 17
2011 08 24 34 3 00
2011 04 29 17 5 14
2011 04 20 16 3 04
2011 04 20 16 3 04
2011 05 15 19 7 11
2011 04 17 15 7 01
2011 04 13 15 3 01
2011 04 13 15 3 00
2011 03 21 12 1 00
2011 03 06 09 7 07
2011 03 06 09 7 06
2011 03 06 09 7 01
2011 03 06 09 7 01
2011 03 06 09 7 00
2011 03 05 09 6 02
2011 03 04 09 5 22
2011 03 04 09 5 22
2011 03 04 09 5 06
2011 02 28 09 1 23
2011 02 28 09 1 23
2011 02 28 09 1 21
2011 02 28 09 1 21
2011 02 27 08 7 22
2011 02 24 08 4 00
2011 02 22 08 2 23
2011 02 08 06 2 08
2011 02 08 06 2 07
2011 02 05 05 6 21
2011 01 30 04 7 08
2011 01 28 04 5 09
2011 01 28 04 5 09
2011 01 28 04 5 09
2011 01 25 04 2 22
2011 01 24 04 1 01
2011 01 22 03 6 15
2011 01 22 03 6 14
2011 01 16 02 7 09
2011 01 16 02 7 03
2011 01 16 02 7 02
2011 01 16 02 7 02
2011 01 15 02 6 18
2011 01 15 02 6 17
2011 01 15 02 6 16
2011 01 15 02 6 16
2011 01 15 02 6 16
2011 01 15 02 6 15
2011 01 15 02 6 15
2011 01 15 02 6 15
2011 01 15 02 6 15
2011 01 15 02 6 15
2011 01 15 02 6 14
2011 01 15 02 6 14
2011 01 15 02 6 14
2011 01 15 02 6 14
2011 01 15 02 6 14
2011 01 15 02 6 14
2011 01 15 02 6 11
2011 01 15 02 6 11
2011 01 15 02 6 11
2011 01 15 02 6 11
2011 01 15 02 6 10
2011 01 15 02 6 10
2011 01 15 02 6 10
2011 01 15 02 6 09
2011 01 13 02 4 08
2011 01 12 02 3 09
2011 01 09 01 7 21
2011 01 09 01 7 21
2011 01 09 01 7 04
2011 01 09 01 7 04
2011 01 08 01 6 23
2011 01 08 01 6 23
2011 01 08 01 6 23
2011 01 08 01 6 22
2011 01 08 01 6 22
2011 01 08 01 6 21
2011 01 08 01 6 21
2011 01 08 01 6 21
2011 01 08 01 6 20
2011 01 08 01 6 20
2011 01 08 01 6 19
2011 01 08 01 6 19
2011 01 08 01 6 19
2011 01 08 01 6 19
2011 01 08 01 6 19
2011 01 08 01 6 19
2011 01 08 01 6 19
2011 01 08 01 6 19
2011 01 08 01 6 16
2011 01 08 01 6 16
2011 01 08 01 6 16
2011 01 08 01 6 15
2011 01 08 01 6 10
2011 01 08 01 6 00
2011 01 07 01 5 22
2011 01 07 01 5 22
2011 01 07 01 5 19
2011 01 07 01 5 18
2011 01 07 01 5 16
2011 01 07 01 5 16
2011 01 07 01 5 16
2011 01 07 01 5 15
2011 09 22 38 4 19
2011 09 22 38 4 19
2011 09 22 38 4 18
2011 09 22 38 4 18
2011 09 22 38 4 15
2011 09 22 38 4 15
2011 09 22 38 4 15
2011 09 22 38 4 15
2011 09 22 38 4 14
2011 01 07 01 5 15
2011 01 07 01 5 14
2011 01 07 01 5 14
2011 01 07 01 5 14
2011 01 07 01 5 11
2011 01 07 01 5 11
2011 01 07 01 5 10
2011 01 07 01 5 10
2011 01 06 01 4 20
2011 01 06 01 4 20
2011 01 06 01 4 20
2011 01 06 01 4 18
2011 01 06 01 4 18
2011 01 06 01 4 18
2011 01 06 01 4 13
2011 01 06 01 4 12
2011 01 06 01 4 12
2011 01 06 01 4 12
2011 01 06 01 4 12
2011 01 06 01 4 12
2011 01 05 01 3 18
2011 01 05 01 3 18
2011 01 04 01 2 23
2011 01 04 01 2 23
2011 01 04 01 2 23
2011 01 04 01 2 23
2011 01 04 01 2 23
2011 01 04 01 2 21
2011 01 04 01 2 19
2011 01 04 01 2 17
2011 01 04 01 2 15
2011 01 04 01 2 12
2011 01 04 01 2 10
2011 01 04 01 2 09
2011 01 04 01 2 00
2011 01 04 01 2 00
2011 01 04 01 2 00
2011 01 04 01 2 00
2011 01 03 01 1 23
2011 01 03 01 1 23
2011 01 03 01 1 23
2011 01 03 01 1 23
2011 01 03 01 1 21
2011 01 03 01 1 21
2011 01 03 01 1 20
2011 01 03 01 1 19
2011 01 03 01 1 19
2011 01 03 01 1 19
2011 01 03 01 1 15
2010 12 29 52 3 10
2010 11 18 46 4 09
2010 11 18 46 4 08
2010 12 09 49 4 19
2010 11 17 46 3 22
2010 11 17 46 3 21
2010 11 17 46 3 20
2010 11 17 46 3 20
2010 11 12 45 5 08
2010 11 12 45 5 08
2010 11 12 45 5 08
2010 11 12 45 5 08
2010 11 12 45 5 08
2010 10 28 43 4 02
2011 07 06 27 3 07
2011 06 30 26 4 09
2011 06 29 26 3 21
2011 06 29 26 3 21
2011 06 29 26 3 21
2011 06 29 26 3 21
2011 06 29 26 3 21
2011 06 29 26 3 21
2011 06 28 26 2 20
2011 06 28 26 2 20
2010 10 22 42 5 12
2010 10 22 42 5 11
2010 10 22 42 5 11
2010 10 22 42 5 11
2010 10 22 42 5 10
2010 10 22 42 5 09
2010 10 22 42 5 07
2010 10 20 42 3 14
2010 10 20 42 3 11
2010 10 18 42 1 18
2010 10 17 41 7 08
2010 10 16 41 6 21
2010 10 10 40 7 21
2010 10 10 40 7 20
2010 09 17 37 5 10
2010 09 17 37 5 09
2010 09 10 36 5 09
2010 08 24 34 2 01
2010 08 25 34 3 14
2010 08 25 34 3 13
2010 08 25 34 3 12
2010 08 25 34 3 12
2010 08 23 34 1 19
2010 08 23 34 1 19
2010 08 23 34 1 18
2010 08 23 34 1 18
2010 08 23 34 1 18
2010 08 23 34 1 18
2010 08 23 34 1 17
2010 08 23 34 1 17
2010 08 19 33 4 18
2010 08 23 34 1 17
2010 08 23 34 1 17
2010 08 23 34 1 17
2010 08 23 34 1 16
2010 08 23 34 1 16
2010 08 23 34 1 15
2010 08 23 34 1 15
2010 08 19 33 4 00
2010 08 17 33 2 05
2010 08 14 32 6 17
2010 08 14 32 6 17
2010 08 14 32 6 16
2010 08 10 32 2 17
2010 08 07 31 6 21
2010 08 07 31 6 21
2010 08 07 31 6 21
2010 08 06 31 5 22
2010 08 05 31 4 23
2010 08 05 31 4 23
2010 08 05 31 4 22
2010 08 05 31 4 18
2010 08 05 31 4 16
2010 08 05 31 4 15
2010 08 05 31 4 15
2010 08 05 31 4 15
2010 08 05 31 4 15
2010 08 05 31 4 15
2010 08 05 31 4 15
2010 08 05 31 4 15
2010 08 05 31 4 13
2010 08 05 31 4 12
2010 08 05 31 4 12
2010 08 05 31 4 12
2010 08 05 31 4 11
2010 08 05 31 4 10
2010 08 04 31 3 23
2010 08 04 31 3 23
2010 08 04 31 3 23
2010 08 04 31 3 23
2010 08 02 31 1 13
2010 07 29 30 4 09
2010 07 28 30 3 14
2010 07 27 30 2 20
2010 07 27 30 2 19
2010 07 27 30 2 19
2010 07 27 30 2 19
2010 07 27 30 2 19
2010 07 27 30 2 19
2010 07 26 30 1 22
2010 07 26 30 1 22
2010 07 26 30 1 05
2010 07 27 30 2 17
2010 07 27 30 2 17
2010 07 27 30 2 14
2010 07 27 30 2 14
2010 07 27 30 2 14
2010 07 27 30 2 14
2010 07 27 30 2 14
2010 07 27 30 2 13
2010 07 27 30 2 13
2010 07 26 30 1 19
2010 07 26 30 1 19
2010 07 25 29 7 14
2010 07 25 29 7 14
2010 07 24 29 6 12
2010 07 24 29 6 12
2010 07 24 29 6 12
2010 07 24 29 6 12
2010 07 23 29 5 15
2010 07 23 29 5 15
2010 07 23 29 5 13
2010 07 23 29 5 13
2010 07 23 29 5 12
2010 07 23 29 5 11
2010 07 23 29 5 11
2010 07 21 29 3 12
2010 07 20 29 2 22
2010 07 17 28 6 19
2010 07 17 28 6 19
2010 07 17 28 6 19
2010 07 14 28 3 23
2010 07 14 28 3 22
2010 07 11 27 7 11
2010 07 10 27 6 16
2010 07 10 27 6 16
2010 07 10 27 6 16
2010 07 10 27 6 14
2010 07 08 27 4 23
2010 07 08 27 4 22
2010 07 08 27 4 21
2010 07 03 26 6 10
2010 07 02 26 5 16
2010 07 02 26 5 11
2010 07 02 26 5 11
2010 07 02 26 5 10
2010 06 30 26 3 21
2010 06 22 25 2 20
2010 06 22 25 2 20
2010 06 22 25 2 20
2010 06 21 25 1 20
2010 06 20 24 7 18
2010 06 20 24 7 14
2010 06 20 24 7 12
2010 06 19 24 6 21
2010 06 19 24 6 11
2010 06 18 24 5 15
2010 06 15 24 2 22
2011 01 08 01 6 18
2011 01 08 01 6 18
2011 01 08 01 6 18
2011 01 08 01 6 18
2011 01 08 01 6 18
2011 01 08 01 6 18
2011 01 08 01 6 18
2011 01 08 01 6 18
2011 01 08 01 6 17
2011 01 08 01 6 17
2011 01 08 01 6 17
2011 01 08 01 6 17
2011 01 08 01 6 17
2011 01 08 01 6 16
2011 01 08 01 6 15
2011 01 08 01 6 10
2011 01 08 01 6 00
2011 01 07 01 5 22
2011 01 07 01 5 19
2011 01 07 01 5 16
2011 01 07 01 5 15
2011 01 06 01 4 20
2011 01 06 01 4 20
2011 01 06 01 4 19
2011 01 06 01 4 19
2011 01 06 01 4 18
2011 01 06 01 4 18
2011 01 06 01 4 18
2011 01 06 01 4 13
2011 01 06 01 4 12
2011 01 04 01 2 23
2011 01 04 01 2 22
2011 01 04 01 2 22
2011 01 04 01 2 21
2011 01 04 01 2 19
2011 01 04 01 2 19
2011 01 04 01 2 17
2011 01 04 01 2 12
2011 01 04 01 2 12
2011 01 04 01 2 11
2011 01 04 01 2 11
2011 01 04 01 2 00
2011 01 03 01 1 23
2011 01 03 01 1 22
2011 01 03 01 1 21
2011 01 03 01 1 21
2011 01 03 01 1 21
2010 12 22 51 3 08
2010 12 18 50 6 09
2010 12 11 49 6 09
2010 12 11 49 6 09
2010 12 03 48 5 21
2010 12 02 48 4 03
2010 12 01 48 3 23
2010 12 01 48 3 22
2010 11 24 47 3 22
2010 12 09 49 4 10
2010 11 24 47 3 21
2010 11 24 47 3 17
2010 11 24 47 3 09
2010 11 21 46 7 21
2010 11 21 46 7 21
2010 11 21 46 7 20
2010 11 21 46 7 20
2010 11 21 46 7 20
2010 11 21 46 7 20
2010 11 21 46 7 20
2010 11 21 46 7 14
2010 11 21 46 7 13
2010 11 21 46 7 13
2010 11 21 46 7 12
2010 11 21 46 7 11
2010 11 21 46 7 08
2010 11 20 46 6 18
2010 11 20 46 6 18
2010 11 20 46 6 17
2010 11 20 46 6 11
2010 11 20 46 6 09
2010 11 17 46 3 20
2010 11 17 46 3 20
2010 11 14 45 7 19
2010 11 14 45 7 19
2010 11 14 45 7 19
2010 11 13 45 6 13
2010 11 13 45 6 13
2010 11 13 45 6 12
2010 11 13 45 6 12
2010 11 13 45 6 12
2010 11 12 45 5 08
2010 11 07 44 7 06
2010 11 07 44 7 06
2010 11 02 44 2 13
2010 10 31 43 7 13
2010 10 30 43 6 18
2010 10 29 43 5 07
2010 10 29 43 5 07
2010 10 29 43 5 04
2010 10 28 43 4 21
2010 10 28 43 4 21
2010 10 24 42 7 23
2010 10 24 42 7 23
2010 10 22 42 5 19
2010 10 22 42 5 13
2010 10 22 42 5 12
2010 10 22 42 5 11
2010 10 22 42 5 11
2010 10 22 42 5 11
2010 10 22 42 5 11
2010 10 22 42 5 11
2010 10 22 42 5 10
2010 10 20 42 3 14
2010 10 14 41 4 23
2010 10 10 40 7 20
2010 10 02 39 6 09
2010 09 28 39 2 18
2010 09 28 39 2 15
2010 09 21 38 2 10
2010 09 20 38 1 11
2010 09 16 37 4 15
2010 09 16 37 4 09
2010 09 16 37 4 09
2010 09 16 37 4 09
2010 09 16 37 4 09
2010 09 16 37 4 09
2010 09 07 36 2 16
2010 09 07 36 2 16
2010 09 03 35 5 17
2010 09 01 35 3 16
2010 08 27 34 5 01
2010 08 26 34 4 14
2010 08 26 34 4 13
2010 08 26 34 4 10
2010 08 25 34 3 13
2010 08 25 34 3 13
2010 08 25 34 3 13
2010 08 25 34 3 12
2010 08 25 34 3 12
2010 08 25 34 3 11
2010 08 23 34 1 18
2010 08 23 34 1 18
2010 08 23 34 1 15
2010 08 23 34 1 15
2010 08 23 34 1 15
2010 08 22 33 7 11
2010 08 22 33 7 11
2010 08 22 33 7 00
2010 08 21 33 6 23
2010 08 21 33 6 23
2010 08 21 33 6 23
2010 08 21 33 6 22
2010 08 21 33 6 22
2010 08 21 33 6 22
2010 08 21 33 6 22
2010 08 21 33 6 22
2010 08 21 33 6 22
2010 08 21 33 6 22
2010 08 21 33 6 22
2010 08 21 33 6 22
2010 08 21 33 6 21
2010 08 21 33 6 21
2010 08 21 33 6 20
2010 08 21 33 6 20
2010 08 21 33 6 19
2010 08 21 33 6 19
2010 08 21 33 6 19
2010 08 21 33 6 19
2010 08 21 33 6 19
2010 08 19 33 4 18
2010 08 19 33 4 18
2010 08 18 33 3 22
2010 08 16 33 1 17
2010 08 16 33 1 08
2010 08 16 33 1 08
2010 08 15 32 7 21
2010 08 15 32 7 21
2010 08 15 32 7 20
2010 08 15 32 7 20
2010 08 15 32 7 20
2010 08 15 32 7 19
2010 08 15 32 7 18
2010 08 15 32 7 18
2010 08 15 32 7 18
2010 08 15 32 7 17
2010 08 15 32 7 13
2010 08 15 32 7 13
2010 08 15 32 7 13
2010 08 15 32 7 13
2010 08 15 32 7 13
2010 08 15 32 7 12
2010 08 15 32 7 12
2010 08 15 32 7 12
2010 08 15 32 7 12
2010 08 15 32 7 12
2010 08 15 32 7 12
2010 08 15 32 7 12
2010 08 15 32 7 11
2010 08 15 32 7 11
2010 08 15 32 7 03
2010 08 15 32 7 01
2010 08 15 32 7 01
2010 08 15 32 7 00
2010 08 15 32 7 00
2010 08 14 32 6 23
2010 08 14 32 6 21
2010 08 14 32 6 19
2010 08 14 32 6 19
2010 08 14 32 6 14
2010 08 14 32 6 14
2010 08 14 32 6 12
2010 08 14 32 6 11
2010 08 14 32 6 11
2010 08 14 32 6 11
2010 08 13 32 5 23
2010 08 13 32 5 21
2010 08 13 32 5 19
2010 08 13 32 5 17
2010 08 13 32 5 17
2010 08 13 32 5 17
2010 08 13 32 5 17
2010 08 13 32 5 16
2010 08 13 32 5 15
2010 08 13 32 5 11
2010 08 13 32 5 11
2010 08 13 32 5 00
2010 08 13 32 5 00
2010 08 12 32 4 21
2010 08 12 32 4 03
2010 08 12 32 4 02
2010 08 11 32 3 18
2010 08 11 32 3 17
2010 08 11 32 3 14
2010 08 11 32 3 02
2010 08 11 32 3 01
2010 08 10 32 2 22
2010 08 10 32 2 21
2010 08 10 32 2 21
2010 08 10 32 2 21
2010 08 10 32 2 20
2010 08 10 32 2 20
2010 08 10 32 2 19
2010 08 10 32 2 17
2010 08 10 32 2 17
2010 08 10 32 2 15
2010 08 10 32 2 15
2010 08 10 32 2 15
2010 08 10 32 2 13
2010 08 10 32 2 12
2010 08 10 32 2 12
2010 08 10 32 2 02
2010 08 10 32 2 01
2010 08 09 32 1 23
2010 08 09 32 1 23
2010 08 09 32 1 22
2010 08 09 32 1 22
2010 08 09 32 1 21
2010 08 09 32 1 21
2010 08 09 32 1 21
2010 08 09 32 1 21
2010 08 09 32 1 17
2010 08 08 31 7 22
2010 08 08 31 7 18
2010 08 08 31 7 04
2010 08 08 31 7 03
2010 08 08 31 7 02
2010 08 08 31 7 01
2010 08 08 31 7 01
2010 08 08 31 7 00
2010 08 07 31 6 21
2010 08 07 31 6 18
2010 08 07 31 6 04
2010 08 07 31 6 00
2010 08 06 31 5 23
2010 08 06 31 5 22
2010 08 06 31 5 21
2010 08 06 31 5 12
2010 08 06 31 5 02
2010 08 05 31 4 22
2010 08 05 31 4 21
2010 08 05 31 4 19
2010 08 04 31 3 23
2010 08 04 31 3 21
2010 08 04 31 3 20
2010 08 04 31 3 20
2010 08 04 31 3 20
2010 08 04 31 3 18
2010 08 03 31 2 19
2010 07 31 30 6 22
2010 07 31 30 6 22
2010 07 31 30 6 19
2010 07 31 30 6 19
2010 07 31 30 6 00
2010 07 30 30 5 23
2010 07 30 30 5 23
2010 07 30 30 5 22
2010 07 30 30 5 18
2010 07 30 30 5 16
2010 07 28 30 3 20
2010 07 28 30 3 20
2010 07 28 30 3 19
2010 07 28 30 3 19
2010 07 28 30 3 19
2010 07 28 30 3 19
2010 07 28 30 3 04
2010 07 27 30 2 23
2010 07 26 30 1 05
2010 07 25 29 7 23
2010 07 25 29 7 20
2010 07 25 29 7 20
2010 07 25 29 7 19
2010 07 25 29 7 19
2010 07 22 29 4 23
2010 07 20 29 2 11
2010 07 20 29 2 11
2010 07 20 29 2 11
2010 07 19 29 1 22
2010 07 19 29 1 21
2010 07 19 29 1 21
2010 07 19 29 1 21
2010 07 19 29 1 18
2010 07 16 28 5 20
2010 07 15 28 4 20
2010 07 14 28 3 23
2010 07 14 28 3 22
2010 07 14 28 3 00
2010 07 13 28 2 22
2010 07 12 28 1 21
2010 07 12 28 1 19
2010 07 12 28 1 19
2010 07 12 28 1 08
2010 07 12 28 1 01
2010 07 12 28 1 01
2010 07 11 27 7 21
2010 07 10 27 6 19
2010 07 09 27 5 21
2010 07 09 27 5 04
2010 07 09 27 5 04
2010 06 30 26 3 13
2010 06 30 26 3 12
2010 06 30 26 3 12
2010 06 30 26 3 12
2010 06 30 26 3 12
2010 06 29 26 2 23
2010 06 29 26 2 22
2010 06 29 26 2 17
2010 06 29 26 2 08
2010 06 29 26 2 08
2010 06 29 26 2 08
2010 06 29 26 2 01
2010 06 26 25 6 21
2010 06 26 25 6 20
2010 06 26 25 6 15
2010 06 26 25 6 15
2010 06 26 25 6 14
2010 06 26 25 6 12
2010 06 26 25 6 12
2010 06 26 25 6 01
2010 06 25 25 5 21
2010 06 25 25 5 21
2010 06 24 25 4 21
2010 06 23 25 3 21
2010 06 23 25 3 07
2010 06 23 25 3 07
2010 06 23 25 3 07
2010 06 23 25 3 06
2010 06 18 24 5 10
2010 06 17 24 4 11
2010 06 17 24 4 11
2010 06 17 24 4 11
2010 06 16 24 3 20
2010 06 16 24 3 15
2010 06 16 24 3 15
2010 06 16 24 3 05
2010 06 16 24 3 05
2010 06 14 24 1 09
2010 06 13 23 7 21
2010 06 13 23 7 19
2010 06 13 23 7 19
2010 06 12 23 6 20
2010 06 12 23 6 20
2010 06 12 23 6 20
2010 06 12 23 6 18
2010 06 12 23 6 12
2010 06 12 23 6 12
2010 06 12 23 6 11
2010 06 12 23 6 10
2010 06 09 23 3 15
2010 06 09 23 3 07
2010 06 09 23 3 07
2010 06 09 23 3 06
2010 06 09 23 3 06
2010 06 08 23 2 01
2010 06 07 23 1 23
2010 06 07 23 1 22
2010 06 07 23 1 22
2010 06 07 23 1 22
2010 06 07 23 1 14
2010 06 07 23 1 13
2010 06 06 22 7 20
2010 06 06 22 7 20
2010 06 05 22 6 18
2010 06 05 22 6 18
2010 06 05 22 6 18
2010 06 05 22 6 18
2010 06 05 22 6 15
2010 06 04 22 5 23
2010 06 04 22 5 23
2010 06 04 22 5 23
2010 06 04 22 5 18
2010 06 04 22 5 18
2010 06 04 22 5 18
2010 06 04 22 5 18
2010 06 04 22 5 17
2010 06 04 22 5 16
2010 06 04 22 5 16
2010 06 04 22 5 08
2010 06 04 22 5 02
2010 06 03 22 4 17
2010 06 03 22 4 15
2010 06 03 22 4 15
2010 06 03 22 4 15
2010 06 03 22 4 15
2010 06 03 22 4 02
2010 06 03 22 4 02
2010 06 02 22 3 09
2010 06 02 22 3 09
2010 06 02 22 3 09
2010 06 02 22 3 09
2010 06 02 22 3 09
2010 06 01 22 2 09
2010 06 01 22 2 00
2010 05 31 22 1 23
2010 05 31 22 1 05
2010 05 31 22 1 04
2010 05 31 22 1 03
2010 05 30 21 7 22
2010 05 30 21 7 20
2010 05 30 21 7 19
2010 05 30 21 7 17
2010 05 30 21 7 17
2010 05 30 21 7 17
2010 05 30 21 7 15
2010 05 30 21 7 15
2010 05 30 21 7 15
2010 05 30 21 7 15
2010 05 30 21 7 15
2010 05 30 21 7 14
2010 05 30 21 7 14
2010 05 30 21 7 14
2010 05 30 21 7 13
2010 05 30 21 7 13
2010 05 30 21 7 13
2010 05 30 21 7 12
2010 05 30 21 7 12
2010 05 30 21 7 12
2010 05 30 21 7 12
2010 05 30 21 7 12
2010 05 30 21 7 12
2010 05 30 21 7 11
2010 05 30 21 7 11
2010 05 30 21 7 11
2010 05 30 21 7 09
2010 05 30 21 7 09
2010 05 30 21 7 09
2010 05 30 21 7 08
2010 05 30 21 7 04
2010 05 29 21 6 20
2010 05 29 21 6 18
2010 05 29 21 6 16
2010 05 29 21 6 11
2010 05 28 21 5 22
2010 05 28 21 5 22
2010 05 28 21 5 22
2010 05 28 21 5 14
2010 05 28 21 5 04
2010 06 19 24 6 18
2010 07 28 30 3 19
2010 07 28 30 3 19
2010 06 16 24 3 23
2010 06 07 23 1 00
2010 07 28 30 3 19
2010 06 06 22 7 23
2010 06 03 22 4 17
2010 07 28 30 3 19
2010 05 27 21 4 19
2010 05 27 21 4 16
2010 05 27 21 4 14
2010 05 27 21 4 14
2010 05 27 21 4 14
2010 05 27 21 4 13
2010 05 27 21 4 13
2010 05 27 21 4 00
2010 05 26 21 3 19
2010 05 26 21 3 19
2010 05 26 21 3 19
2010 05 26 21 3 19
2010 05 26 21 3 00
2010 05 26 21 3 00
2010 05 26 21 3 00
2010 05 26 21 3 00
2010 05 26 21 3 00
2010 05 25 21 2 23
2010 05 25 21 2 16
2010 05 26 21 3 00
2010 06 05 22 6 18
2010 06 05 22 6 18
2010 06 05 22 6 18
2010 06 05 22 6 18
2010 06 05 22 6 18
2010 05 25 21 2 16
2010 05 25 21 2 01
2010 05 25 21 2 01
2010 05 25 21 2 01
2010 05 25 21 2 01
2010 05 25 21 2 01
2010 05 25 21 2 00
2010 05 25 21 2 00
2010 05 25 21 2 00
2010 05 25 21 2 00
2010 05 24 21 1 23
2010 05 24 21 1 23
2010 05 24 21 1 23
2010 05 24 21 1 23
2010 05 24 21 1 23
2010 05 24 21 1 23
2010 05 24 21 1 22
2010 05 24 21 1 15
2010 05 24 21 1 15
2010 05 24 21 1 15
2010 05 24 21 1 13
2010 05 24 21 1 13
2010 05 24 21 1 13
2010 05 24 21 1 11
2010 05 23 20 7 16
2010 05 23 20 7 16
2010 05 23 20 7 16
2010 05 23 20 7 16
2010 05 23 20 7 14
2010 05 23 20 7 13
2010 05 23 20 7 12
2010 05 23 20 7 12
2010 05 23 20 7 11
2010 05 23 20 7 11
2010 05 23 20 7 11
2010 05 23 20 7 10
2010 05 22 20 6 14
2010 05 22 20 6 14
2010 05 22 20 6 14
2010 05 22 20 6 14
2010 05 22 20 6 14
2010 05 22 20 6 14
2010 05 22 20 6 14
2010 05 22 20 6 13
2010 05 22 20 6 12
2010 05 22 20 6 12
2010 05 22 20 6 12
2010 05 22 20 6 12
2010 05 22 20 6 12
2010 05 22 20 6 11
2010 05 22 20 6 11
2010 05 22 20 6 11
2010 05 22 20 6 10
2010 05 22 20 6 10
2010 05 22 20 6 10
2010 05 22 20 6 10
2010 05 19 20 3 20
2010 05 16 19 7 17
2010 07 28 30 3 19
2010 07 28 30 3 19
2010 07 27 30 2 21
2010 07 24 29 6 13
2010 07 11 27 7 12
2010 07 11 27 7 11
2010 07 11 27 7 01
2010 07 11 27 7 00
2010 07 10 27 6 19
2010 06 22 25 2 22
2010 07 28 30 3 19
2010 06 20 24 7 22
2010 06 20 24 7 22
2010 07 28 30 3 19
2010 06 20 24 7 19
2010 06 20 24 7 18
2010 06 20 24 7 18
2010 06 19 24 6 19
2010 06 19 24 6 21
2010 06 19 24 6 16
2010 06 17 24 4 05
2010 06 17 24 4 05
2010 06 17 24 4 05
2010 06 17 24 4 05
2010 06 17 24 4 05
2010 07 28 30 3 18
2010 06 16 24 3 23
2010 06 15 24 2 23
2010 06 13 23 7 23
2010 07 28 30 3 18
2010 06 12 23 6 20
2010 06 12 23 6 15
2010 07 28 30 3 18
2010 06 07 23 1 01
2010 06 07 23 1 00
2010 07 28 30 3 19
2010 07 28 30 3 18
2010 06 06 22 7 23
2010 06 01 22 2 19
2010 06 01 22 2 18
2010 05 30 21 7 17
2010 05 30 21 7 15
2010 05 30 21 7 02
2010 07 28 30 3 18
2010 05 30 21 7 02
2010 05 25 21 2 00
2010 07 28 30 3 18
2010 05 24 21 1 19
2010 05 24 21 1 18
2010 05 24 21 1 18
2010 05 24 21 1 17
2010 05 24 21 1 17
2010 05 23 20 7 01
2010 05 17 20 1 02
2010 05 17 20 1 02
2010 05 17 20 1 01
2010 05 17 20 1 01
2010 05 17 20 1 00
2010 05 16 19 7 23
2010 05 16 19 7 23
2010 05 16 19 7 22
2010 05 16 19 7 22
2010 07 28 30 3 18
2010 05 16 19 7 22
2010 05 16 19 7 19
2010 05 16 19 7 17
2010 05 16 19 7 16
2010 05 16 19 7 16
2010 05 16 19 7 14
2010 05 13 19 4 15
2010 05 10 19 1 00
2010 05 09 18 7 14
2010 05 09 18 7 00
2010 05 09 18 7 00
2010 07 28 30 3 18
2010 07 28 30 3 18
2010 05 08 18 6 23
2010 07 28 30 3 18
2010 05 08 18 6 22
2010 05 08 18 6 22
2010 05 08 18 6 22
2010 07 28 30 3 18
2010 05 08 18 6 21
2010 07 28 30 3 18
2010 05 08 18 6 20
2010 05 08 18 6 20
2010 05 06 18 4 16
2010 05 01 17 6 20
2010 05 01 17 6 19
2010 05 01 17 6 19
2010 05 01 17 6 19
2010 05 01 17 6 10
2010 04 30 17 5 12
2010 04 30 17 5 03
2010 04 30 17 5 00
2010 04 30 17 5 00
2010 04 30 17 5 00
2010 04 29 17 4 20
2010 04 29 17 4 19
2010 04 29 17 4 18
2010 04 29 17 4 18
2010 04 28 17 3 05
2010 04 27 17 2 22
2010 04 27 17 2 09
2010 04 27 17 2 08
2010 04 27 17 2 05
2010 04 27 17 2 03
2010 04 27 17 2 01
2010 04 26 17 1 22
2010 04 26 17 1 21
2010 04 18 15 7 09
2010 04 17 15 6 12
2010 04 17 15 6 12
2010 04 17 15 6 12
2010 04 17 15 6 12
2010 04 17 15 6 12
2010 04 17 15 6 10
2010 04 17 15 6 10
2010 04 16 15 5 11
2010 04 15 15 4 22
2010 04 15 15 4 22
2010 04 15 15 4 21
2010 04 15 15 4 21
2010 04 15 15 4 21
2010 04 15 15 4 21
2010 04 15 15 4 21
2010 04 14 15 3 17
2010 04 12 15 1 20
2010 04 11 14 7 22
2010 04 11 14 7 22
2010 04 11 14 7 20
2010 04 10 14 6 19
2010 04 10 14 6 13
2010 04 08 14 4 21
2010 04 08 14 4 21
2010 04 07 14 3 13
2010 04 07 14 3 13
2010 04 07 14 3 11
2010 04 07 14 3 11
2010 04 06 14 2 19
2010 04 06 14 2 19
2010 04 06 14 2 13
2010 04 06 14 2 09
2010 04 06 14 2 08
2010 04 05 14 1 10
2010 04 04 13 7 20
2010 04 04 13 7 20
2010 04 04 13 7 19
2010 04 04 13 7 19
2010 04 04 13 7 18
2010 04 04 13 7 18
2010 04 04 13 7 18
2010 04 04 13 7 18
2010 04 04 13 7 18
2010 04 01 13 4 21
2010 03 31 13 3 17
2010 03 31 13 3 04
2010 03 31 13 3 00
2010 03 31 13 3 00
2010 03 31 13 3 00
2010 03 30 13 2 23
2010 03 30 13 2 23
2010 03 30 13 2 21
2010 03 30 13 2 21
2010 03 30 13 2 20
2010 03 30 13 2 18
2010 03 30 13 2 14
2010 03 29 13 1 04
2010 03 15 11 1 08
2010 03 14 10 7 19
2010 03 14 10 7 14
2010 03 09 10 2 19
2010 03 09 10 2 19
2010 03 02 09 2 13
2010 03 02 09 2 01
2010 03 01 09 1 23
2010 03 01 09 1 23
2010 03 01 09 1 23
2010 03 01 09 1 22
2010 03 01 09 1 22
2010 03 01 09 1 21
2010 03 01 09 1 19
2010 03 01 09 1 15
2010 03 01 09 1 15
2010 03 01 09 1 14
2010 03 01 09 1 14
2010 03 01 09 1 14
2010 03 01 09 1 14
2010 03 01 09 1 14
2010 03 01 09 1 14
2010 03 01 09 1 13
2010 03 01 09 1 12
2010 03 01 09 1 11
2010 03 01 09 1 03
2010 03 01 09 1 03
2010 02 28 08 7 21
2010 02 28 08 7 19
2010 02 28 08 7 19
2010 02 28 08 7 17
2010 03 01 09 1 14
2010 03 01 09 1 11
2010 03 01 09 1 10
2010 02 28 08 7 23
2010 02 28 08 7 23
2010 02 28 08 7 23
2010 02 28 08 7 22
2010 02 28 08 7 22
2010 02 28 08 7 19
2010 02 28 08 7 17
2010 02 28 08 7 17
2010 02 28 08 7 15
2010 02 28 08 7 14
2010 02 28 08 7 14
2010 02 28 08 7 14
2010 02 28 08 7 14
2010 02 28 08 7 12
2010 02 28 08 7 12
2010 02 28 08 7 11
2010 02 28 08 7 10
2010 02 28 08 7 10
2010 02 28 08 7 09
2010 02 28 08 7 09
2010 02 28 08 7 09
2010 02 28 08 7 09
2010 02 28 08 7 09
2010 02 27 08 6 23
2010 02 27 08 6 23
2010 02 27 08 6 23
2010 02 27 08 6 22
2010 02 25 08 4 22
2010 02 25 08 4 22
2010 02 25 08 4 22
2010 02 25 08 4 22
2010 02 25 08 4 22
2010 02 23 08 2 21
2010 02 23 08 2 21
2010 02 23 08 2 18
2010 02 23 08 2 15
2010 02 21 07 7 22
2010 02 21 07 7 22
2010 02 21 07 7 21
2010 02 21 07 7 21
2010 02 21 07 7 21
2010 02 21 07 7 15
2010 02 21 07 7 12
2010 02 21 07 7 12
2010 02 21 07 7 11
2010 02 21 07 7 11
2010 02 20 07 6 19
2010 02 20 07 6 19
2010 02 20 07 6 19
2010 02 20 07 6 19
2010 02 20 07 6 14
2010 02 20 07 6 14
2010 02 20 07 6 14
2010 02 20 07 6 14
2010 02 20 07 6 14
2010 02 20 07 6 01
2010 02 19 07 5 23
2010 02 19 07 5 19
2010 02 19 07 5 10
2010 02 17 07 3 10
2010 02 07 05 7 23
2010 01 31 04 7 19
2010 01 31 04 7 19
2010 01 31 04 7 16
2010 01 31 04 7 16
2010 01 31 04 7 16
2010 01 31 04 7 16
2010 01 30 04 6 18
2010 01 18 03 1 00
2010 01 18 03 1 00
2010 01 18 03 1 00
2010 01 18 03 1 00
2010 01 17 02 7 23
2010 01 17 02 7 23
2010 01 17 02 7 23
2010 01 17 02 7 23
2010 01 17 02 7 22
2010 01 17 02 7 20
2010 01 17 02 7 19
2010 01 17 02 7 19
2010 01 17 02 7 19
2010 01 17 02 7 19
2010 01 17 02 7 19
2010 01 17 02 7 19
2010 01 17 02 7 19
2010 01 17 02 7 19
2010 01 17 02 7 19
2010 01 17 02 7 18
2010 01 17 02 7 18
2010 01 17 02 7 18
2010 01 17 02 7 17
2010 01 17 02 7 17
2010 01 17 02 7 17
2010 01 17 02 7 16
2010 01 17 02 7 16
2010 01 17 02 7 15
2010 01 17 02 7 14
2010 01 17 02 7 14
2010 01 17 02 7 13
2010 01 17 02 7 12
2010 01 17 02 7 12
2010 01 17 02 7 12
2010 01 17 02 7 12
2010 01 17 02 7 12
2010 01 17 02 7 11
2010 01 16 02 6 19
2010 01 15 02 5 20
2010 01 15 02 5 00
2010 01 14 02 4 22
2010 01 14 02 4 21
2010 01 14 02 4 21
2010 01 14 02 4 21
2010 01 14 02 4 21
2010 01 14 02 4 20
2010 01 14 02 4 19
2010 01 14 02 4 11
2010 01 14 02 4 00
2010 01 14 02 4 00
2010 01 14 02 4 00
2010 01 13 02 3 23
2010 01 13 02 3 23
2010 01 13 02 3 23
2010 01 13 02 3 23
2010 01 13 02 3 20
2010 01 13 02 3 20
2010 01 12 02 2 22
2010 01 12 02 2 22
2010 01 12 02 2 22
2010 01 12 02 2 22
2010 01 12 02 2 21
2010 01 12 02 2 21
2010 01 12 02 2 16
2010 01 12 02 2 11
2010 01 12 02 2 11
2010 01 12 02 2 10
2010 01 12 02 2 10
2010 01 12 02 2 10
2010 01 12 02 2 10
2010 01 12 02 2 10
2010 01 10 01 7 21
2010 01 09 01 6 12
2010 01 09 01 6 11
2010 01 09 01 6 11
2010 01 09 01 6 11
2010 01 09 01 6 11
2010 01 09 01 6 11
2010 01 09 01 6 11
2010 01 08 01 5 20
2010 01 08 01 5 18
2010 01 08 01 5 18
2010 01 08 01 5 18
2010 01 08 01 5 18
2010 01 08 01 5 18
2010 01 08 01 5 18
2010 01 08 01 5 18
2010 01 07 01 4 21
2010 01 07 01 4 18
2010 01 07 01 4 18
2010 01 07 01 4 17
2010 01 07 01 4 16
2010 01 07 01 4 16
2010 01 07 01 4 15
2010 01 07 01 4 15
2010 01 07 01 4 15
2010 01 07 01 4 14
2010 01 07 01 4 14
2010 01 07 01 4 14
2010 01 07 01 4 14
2010 01 07 01 4 14
2010 01 07 01 4 13
2010 01 07 01 4 12
2010 01 07 01 4 11
2010 01 07 01 4 11
2010 01 07 01 4 11
2010 01 06 01 3 18
2010 01 06 01 3 15
2010 01 06 01 3 15
2010 01 06 01 3 15
2010 01 06 01 3 15
2010 01 06 01 3 15
2010 01 06 01 3 12
2010 01 06 01 3 11
2010 01 03 53 7 22
2010 01 03 53 7 22
2010 01 03 53 7 19
2010 01 03 53 7 19
2010 01 03 53 7 19
2010 01 03 53 7 19
2010 01 03 53 7 16
2010 01 03 53 7 15
2010 01 03 53 7 15
2010 01 03 53 7 13
2010 01 03 53 7 12
2010 01 03 53 7 12
2010 01 03 53 7 12
2010 01 03 53 7 12
2010 01 03 53 7 11
2010 01 03 53 7 11
2010 01 03 53 7 10
2010 01 03 53 7 10
2010 01 03 53 7 10
2010 01 03 53 7 10
2010 01 02 53 6 21
2010 01 02 53 6 21
2010 01 02 53 6 21
2010 01 02 53 6 21
2010 01 02 53 6 21
2010 01 02 53 6 21
2010 01 02 53 6 20
2010 01 02 53 6 14
2010 01 02 53 6 14
2010 01 02 53 6 00
2010 01 02 53 6 00
2010 01 02 53 6 00
2010 01 02 53 6 00
2010 01 02 53 6 00
2010 01 01 53 5 23
2010 01 01 53 5 23
2010 01 01 53 5 23
2010 01 01 53 5 14
2009 12 31 53 4 09
2009 12 30 53 3 13
2009 12 29 53 2 22
2009 12 29 53 2 17
2009 12 29 53 2 12
2009 12 29 53 2 12
2009 12 29 53 2 12
2009 12 28 53 1 19
2009 12 28 53 1 19
2009 12 28 53 1 19
2009 12 28 53 1 19
2009 12 28 53 1 17
2009 12 28 53 1 17
2009 12 28 53 1 17
2009 12 27 52 7 21
2009 12 24 52 4 13
2009 12 24 52 4 13
2009 12 24 52 4 13
2009 12 24 52 4 12
2009 12 23 52 3 12
2009 12 23 52 3 11
2009 12 22 52 2 06
2009 12 22 52 2 06
2009 12 21 52 1 14
2009 12 21 52 1 13
2009 12 21 52 1 13
2009 12 21 52 1 13
2009 12 15 51 2 19
2009 12 01 49 2 21
2009 11 16 47 1 15
2009 11 10 46 2 23
2009 11 09 46 1 00
2009 11 08 45 7 22
2009 11 08 45 7 19
2009 11 08 45 7 19
2009 11 08 45 7 19
2009 11 08 45 7 18
2009 11 08 45 7 18
2009 11 08 45 7 18
2009 11 08 45 7 18
2009 11 08 45 7 17
2009 11 08 45 7 17
2009 11 08 45 7 17
2009 11 08 45 7 16
2009 11 08 45 7 16
2009 11 08 45 7 16
2009 11 08 45 7 16
2009 11 08 45 7 16
2009 11 08 45 7 15
2009 11 08 45 7 10
2009 10 27 44 2 20
2009 10 27 44 2 19
2009 10 27 44 2 19
2009 10 27 44 2 19
2009 10 26 44 1 18
2009 10 26 44 1 14
2009 10 26 44 1 09
2009 10 26 44 1 09
2009 10 26 44 1 09
2009 10 26 44 1 09
2009 10 26 44 1 09
2009 10 25 43 7 22
2009 10 25 43 7 11
2009 10 25 43 7 11
2009 10 22 43 4 18
2009 10 22 43 4 18
2009 10 22 43 4 18
2009 10 08 41 4 09
2009 09 17 38 4 19
2009 09 17 38 4 14
2009 09 17 38 4 14
2009 09 16 38 3 10
2009 09 13 37 7 09
2009 09 12 37 6 15
2009 09 12 37 6 12
2009 09 12 37 6 12
2009 09 12 37 6 12
2009 09 10 37 4 21
2009 09 10 37 4 16
2009 09 09 37 3 21
2009 09 09 37 3 21
2009 09 09 37 3 19
2009 09 09 37 3 19
2009 09 09 37 3 19
2009 09 09 37 3 19
2009 09 09 37 3 18
2009 09 09 37 3 18
2009 09 09 37 3 16
2009 09 09 37 3 15
2009 09 09 37 3 15
2009 09 09 37 3 11
2009 09 08 37 2 21
2009 09 08 37 2 14
2009 09 08 37 2 12
2009 09 08 37 2 12
2009 09 08 37 2 12
2009 09 08 37 2 12
2009 09 08 37 2 12
2009 09 08 37 2 00
2009 09 08 37 2 00
2009 09 08 37 2 00
2009 09 08 37 2 00
2009 09 07 37 1 23
2009 09 07 37 1 23
2009 09 07 37 1 23
2009 09 07 37 1 23
2009 09 07 37 1 22
2009 09 07 37 1 22
2009 09 04 36 5 00
2009 09 04 36 5 00
2009 09 04 36 5 00
2009 09 03 36 4 23
2009 09 03 36 4 22
2009 09 03 36 4 18
2009 09 03 36 4 18
2009 09 03 36 4 18
2009 09 03 36 4 18
2009 09 03 36 4 17
2009 09 03 36 4 17
2009 09 02 36 3 19
2009 08 31 36 1 16
2009 08 30 35 7 12
2009 08 26 35 3 16
2009 08 11 33 2 21
2009 08 09 32 7 23
2009 08 09 32 7 23
2009 08 09 32 7 23
2009 08 09 32 7 22
2009 08 09 32 7 22
2009 08 09 32 7 22
2009 08 09 32 7 22
2009 08 09 32 7 20
2009 08 09 32 7 20
2009 08 09 32 7 20
2009 08 06 32 4 23
2009 08 06 32 4 22
2009 08 06 32 4 22
2009 08 06 32 4 22
2009 08 06 32 4 22
2009 08 06 32 4 22
2009 08 06 32 4 22
2009 08 06 32 4 22
2009 08 06 32 4 21
2009 08 06 32 4 21
2009 08 04 32 2 23
2009 08 04 32 2 23
2009 08 04 32 2 23
2009 08 04 32 2 23
2009 08 04 32 2 23
2009 08 04 32 2 23
2009 08 04 32 2 23
2009 08 04 32 2 23
2009 08 04 32 2 23
2009 08 04 32 2 23
2009 08 04 32 2 22
2009 08 04 32 2 22
2009 07 29 31 3 18
2009 07 29 31 3 18
2009 07 29 31 3 17
2009 07 25 30 6 14
2009 07 14 29 2 11
2009 07 09 28 4 20
2009 07 09 28 4 20
2009 07 09 28 4 12
2009 07 09 28 4 12
2009 07 09 28 4 12
2009 07 09 28 4 12
2009 07 09 28 4 11
2009 07 09 28 4 11
2009 07 09 28 4 11
2009 11 16 47 1 14
2009 07 05 27 7 12
2009 07 03 27 5 12
2009 11 16 47 1 14
2009 11 16 47 1 14
2009 09 08 37 2 21
2009 07 02 27 4 20
2009 07 02 27 4 19
2009 06 30 27 2 18
2009 06 30 27 2 18
2009 11 16 47 1 14
2009 06 30 27 2 01
2009 06 27 26 6 18
2009 06 27 26 6 16
2009 06 27 26 6 15
2009 06 19 25 5 15
2009 06 17 25 3 08
2009 06 16 25 2 23
2009 06 16 25 2 23
2009 06 16 25 2 23
2009 06 16 25 2 23
2009 06 16 25 2 22
2009 06 16 25 2 22
2009 06 16 25 2 22
2009 06 16 25 2 21
2009 06 16 25 2 21
2009 06 16 25 2 21
2009 06 16 25 2 21
2009 06 16 25 2 19
2009 06 16 25 2 19
2009 06 16 25 2 19
2009 06 16 25 2 19
2009 06 15 25 1 18
2009 06 15 25 1 18
2009 06 15 25 1 18
2009 06 15 25 1 17
2009 06 15 25 1 17
2009 06 15 25 1 17
2009 06 15 25 1 17
2009 06 10 24 3 08
2009 06 08 24 1 17
2009 06 07 23 7 14
2009 07 29 31 3 18
2009 07 28 31 2 19
2009 07 26 30 7 15
2009 07 14 29 2 11
2009 07 13 29 1 21
2009 07 13 29 1 21
2009 07 13 29 1 20
2009 07 13 29 1 18
2009 07 13 29 1 18
2009 07 13 29 1 18
2009 07 13 29 1 17
2009 07 13 29 1 17
2009 07 13 29 1 17
2009 07 13 29 1 16
2009 07 09 28 4 11
2009 07 05 27 7 12
2009 07 05 27 7 12
2009 07 05 27 7 12
2009 07 03 27 5 20
2009 07 03 27 5 13
2009 07 03 27 5 13
2009 07 03 27 5 12
2009 07 02 27 4 10
2009 07 01 27 3 09
2009 06 30 27 2 18
2009 06 30 27 2 18
2009 06 30 27 2 18
2009 06 30 27 2 18
2009 06 30 27 2 16
2009 06 30 27 2 16
2009 06 29 27 1 18
2009 06 29 27 1 17
2009 06 29 27 1 17
2009 06 28 26 7 16
2009 06 28 26 7 15
2009 06 05 23 5 10
2009 06 05 23 5 10
2009 06 04 23 4 18
2009 06 04 23 4 18
2009 06 04 23 4 18
2009 06 04 23 4 17
2009 06 04 23 4 17
2009 06 03 23 3 23
2009 06 02 23 2 22
2009 06 01 23 1 10
2009 06 01 23 1 10
2009 05 31 22 7 19
2009 05 31 22 7 18
2009 05 31 22 7 18
2009 05 31 22 7 18
2009 05 30 22 6 09
2009 05 28 22 4 08
2009 05 27 22 3 21
2009 05 27 22 3 21
2009 05 24 21 7 21
2009 05 24 21 7 21
2009 05 22 21 5 18
2009 05 22 21 5 18
2009 05 22 21 5 18
2009 05 22 21 5 18
2009 05 22 21 5 18
2009 05 22 21 5 18
2009 05 21 21 4 17
2009 05 17 20 7 19
2009 05 17 20 7 12
2009 05 17 20 7 12
2009 05 17 20 7 12
2009 05 17 20 7 12
2009 05 17 20 7 12
2009 05 17 20 7 12
2009 05 17 20 7 12
2009 05 17 20 7 12
2009 05 17 20 7 12
2009 05 17 20 7 12
2009 05 16 20 6 12
2009 05 15 20 5 00
2009 05 14 20 4 23
2009 05 14 20 4 23
2009 05 14 20 4 23
2009 05 14 20 4 23
2009 05 14 20 4 21
2009 05 13 20 3 09
2009 05 12 20 2 17
2009 05 12 20 2 14
2009 05 10 19 7 21
2009 05 10 19 7 21
2009 05 10 19 7 20
2009 05 10 19 7 20
2009 05 09 19 6 18
2009 05 09 19 6 18
2009 05 09 19 6 18
2009 05 05 19 2 00
2009 05 03 18 7 10
2009 05 03 18 7 10
2009 05 03 18 7 10
2009 05 03 18 7 10
2009 05 02 18 6 20
2009 05 02 18 6 20
2009 05 02 18 6 20
2009 05 02 18 6 19
2009 04 29 18 3 12
2009 04 29 18 3 12
2009 04 28 18 2 23
2009 04 28 18 2 23
2009 04 28 18 2 21
2009 04 28 18 2 21
2009 04 28 18 2 21
2009 04 28 18 2 20
2009 04 28 18 2 20
2009 04 28 18 2 20
2009 04 28 18 2 20
2009 04 27 18 1 17
2009 04 25 17 6 22
2009 04 18 16 6 10
2009 04 18 16 6 09
2009 04 13 16 1 23
2009 04 13 16 1 21
2009 04 13 16 1 20
2009 04 13 16 1 15
2009 04 13 16 1 10
2009 04 13 16 1 10
2009 04 13 16 1 10
2009 04 11 15 6 12
2009 04 10 15 5 11
2009 04 09 15 4 21
2009 04 09 15 4 21
2009 04 09 15 4 21
2009 04 09 15 4 21
2009 04 09 15 4 21
2009 04 09 15 4 21
2009 04 09 15 4 21
2009 04 07 15 2 21
2009 04 05 14 7 16
2009 04 05 14 7 10
2009 04 05 14 7 00
2009 04 05 14 7 00
2009 04 04 14 6 23
2009 04 04 14 6 23
2009 04 04 14 6 23
2009 04 04 14 6 23
2009 04 04 14 6 22
2009 04 04 14 6 22
2009 04 04 14 6 22
2009 04 04 14 6 22
2009 04 04 14 6 21
2009 04 04 14 6 21
2009 04 04 14 6 21
2009 04 04 14 6 21
2009 04 04 14 6 21
2009 04 04 14 6 14
2009 04 04 14 6 14
2009 04 01 14 3 18
2009 04 01 14 3 16
2009 03 31 14 2 23
2009 03 31 14 2 21
2009 03 30 14 1 19
2009 03 28 13 6 20
2009 03 27 13 5 18
2009 03 27 13 5 18
2009 03 27 13 5 18
2009 03 26 13 4 20
2009 03 26 13 4 19
2009 03 26 13 4 17
2009 03 26 13 4 17
2009 03 24 13 2 22
2009 03 24 13 2 21
2009 03 24 13 2 21
2009 03 24 13 2 21
2009 03 24 13 2 21
2009 03 24 13 2 12
2009 03 20 12 5 23
2009 03 19 12 4 15
2009 03 24 13 2 10
2009 03 19 12 4 16
2009 03 24 13 2 09
2009 03 24 13 2 09
2009 03 21 12 6 09
2009 03 16 12 1 23
2009 03 16 12 1 23
2009 03 16 12 1 23
2009 03 16 12 1 23
2009 03 16 12 1 22
2009 03 16 12 1 21
2009 03 16 12 1 12
2009 03 16 12 1 11
2009 03 16 12 1 01
2009 03 16 12 1 01
2009 03 16 12 1 00
2009 03 15 11 7 23
2009 03 15 11 7 23
2009 03 15 11 7 23
2009 03 15 11 7 23
2009 03 15 11 7 23
2009 03 15 11 7 19
2009 03 15 11 7 19
2009 03 15 11 7 19
2009 03 15 11 7 19
2009 03 15 11 7 18
2009 03 15 11 7 18
2009 03 14 11 6 21
2009 03 14 11 6 21
2009 03 14 11 6 21
2009 03 09 11 1 18
2009 03 09 11 1 15
2009 03 09 11 1 14
2009 03 09 11 1 14
2009 03 09 11 1 09
2009 03 09 11 1 09
2009 03 08 10 7 10
2009 03 07 10 6 22
2009 03 05 10 4 20
2009 03 05 10 4 10
2009 03 05 10 4 10
2009 03 05 10 4 09
2009 03 05 10 4 09
2009 03 05 10 4 09
2009 03 05 10 4 00
2009 03 05 10 4 00
2009 03 05 10 4 00
2009 03 04 10 3 23
2009 03 04 10 3 23
2009 03 04 10 3 23
2009 03 03 10 2 08
2009 03 01 09 7 19
2009 03 01 09 7 16
2009 02 27 09 5 17
2009 02 27 09 5 15
2009 02 27 09 5 15
2009 02 27 09 5 15
2009 02 27 09 5 15
2009 02 27 09 5 12
2009 02 24 09 2 23
2009 02 24 09 2 21
2009 02 24 09 2 19
2009 02 24 09 2 13
2009 02 24 09 2 13
2009 02 24 09 2 13
2009 02 23 09 1 19
2009 02 23 09 1 19
2009 02 22 08 7 19
2009 02 22 08 7 16
2009 02 22 08 7 15
2009 02 22 08 7 14
2009 02 21 08 6 23
2009 02 21 08 6 22
2009 02 21 08 6 20
2009 02 21 08 6 19
2009 02 21 08 6 19
2009 02 21 08 6 17
2009 02 21 08 6 17
2009 02 21 08 6 17
2009 02 20 08 5 11
2009 02 20 08 5 11
2009 02 20 08 5 11
2009 02 20 08 5 10
2009 02 20 08 5 10
2009 02 20 08 5 10
2009 02 20 08 5 10
2009 02 20 08 5 09
2009 02 20 08 5 09
2009 02 19 08 4 23
2009 02 19 08 4 23
2009 02 19 08 4 23
2009 02 19 08 4 23
2009 02 19 08 4 23
2009 02 19 08 4 23
2009 02 19 08 4 23
2009 02 19 08 4 22
2009 02 19 08 4 22
2009 02 19 08 4 22
2009 02 19 08 4 21
2009 02 19 08 4 16
2009 02 19 08 4 16
2009 02 19 08 4 00
2009 02 18 08 3 23
2009 02 18 08 3 22
2009 02 18 08 3 21
2009 02 18 08 3 21
2009 02 18 08 3 21
2009 02 18 08 3 21
2009 02 18 08 3 19
2009 02 18 08 3 16
2009 02 18 08 3 10
2009 02 18 08 3 01
2009 02 18 08 3 00
2009 02 18 08 3 00
2009 02 18 08 3 00
2009 02 17 08 2 18
2009 02 17 08 2 18
2009 02 14 07 6 20
2009 02 14 07 6 19
2009 02 14 07 6 11
2009 02 12 07 4 12
2009 02 12 07 4 12
2009 02 12 07 4 12
2009 02 07 06 6 20
2009 02 07 06 6 20
2009 02 07 06 6 19
2009 01 26 05 1 23
2009 01 26 05 1 22
2009 01 24 04 6 19
2009 01 22 04 4 19
2009 01 14 03 3 14
2009 01 13 03 2 23
2009 01 11 02 7 10
2009 01 03 01 6 12
2009 01 03 01 6 11
2009 01 03 01 6 11
2009 01 02 01 5 14
2008 12 28 52 7 21
2008 12 21 51 7 00
2008 12 17 51 3 22
2008 12 15 51 1 22
2008 12 15 51 1 21
2008 12 15 51 1 19
2008 12 15 51 1 19
2008 12 15 51 1 19
2008 12 15 51 1 11
2008 12 15 51 1 11
2008 12 15 51 1 11
2008 12 15 51 1 10
2008 12 10 50 3 00
2008 12 09 50 2 23
2008 12 08 50 1 08
2008 12 08 50 1 08
2008 12 07 49 7 23
2008 12 07 49 7 22
2008 12 07 49 7 21
2008 12 06 49 6 23
2008 12 06 49 6 23
2008 12 06 49 6 08
2008 12 06 49 6 08
2008 12 05 49 5 20
2008 12 05 49 5 20
2008 12 05 49 5 19
2008 11 30 48 7 21
2008 11 30 48 7 20
2008 11 27 48 4 18
2008 11 27 48 4 18
2008 11 27 48 4 18
2008 11 27 48 4 18
2008 11 25 48 2 21
2009 02 18 08 3 00
2009 02 18 08 3 00
2009 02 18 08 3 00
2009 02 18 08 3 00
2009 02 18 08 3 00
2009 02 17 08 2 23
2009 02 17 08 2 23
2009 02 17 08 2 22
2009 02 17 08 2 19
2009 02 17 08 2 19
2009 02 17 08 2 19
2009 02 17 08 2 19
2009 02 17 08 2 18
2009 02 17 08 2 18
2009 02 17 08 2 16
2009 02 17 08 2 16
2009 02 17 08 2 12
2009 02 16 08 1 09
2009 02 16 08 1 09
2009 02 16 08 1 00
2009 02 16 08 1 00
2009 02 15 07 7 20
2009 02 15 07 7 18
2009 02 15 07 7 16
2009 02 15 07 7 12
2009 02 15 07 7 12
2009 02 15 07 7 11
2009 02 15 07 7 11
2009 02 15 07 7 10
2009 02 15 07 7 10
2009 02 15 07 7 10
2009 02 15 07 7 10
2009 02 15 07 7 09
2009 02 15 07 7 07
2009 02 15 07 7 07
2009 02 15 07 7 02
2009 02 15 07 7 02
2009 02 15 07 7 01
2009 02 15 07 7 00
2009 02 14 07 6 23
2009 02 14 07 6 19
2009 02 14 07 6 19
2009 02 14 07 6 15
2009 02 14 07 6 15
2009 02 14 07 6 15
2009 02 14 07 6 15
2009 02 14 07 6 13
2009 02 14 07 6 13
2009 02 14 07 6 13
2009 02 14 07 6 11
2009 02 12 07 4 12
2009 02 07 06 6 20
2009 02 07 06 6 19
2009 02 07 06 6 19
2009 02 07 06 6 14
2009 02 07 06 6 13
2009 02 06 06 5 22
2009 02 06 06 5 22
2009 02 06 06 5 19
2009 02 06 06 5 17
2009 02 06 06 5 17
2009 02 05 06 4 13
2009 02 05 06 4 13
2009 02 05 06 4 12
2009 01 26 05 1 23
2009 01 26 05 1 23
2009 01 26 05 1 22
2009 01 26 05 1 22
2009 01 26 05 1 21
2009 01 26 05 1 20
2009 01 26 05 1 19
2009 01 24 04 6 21
2009 01 24 04 6 19
2009 01 23 04 5 10
2009 01 22 04 4 20
2009 01 22 04 4 20
2009 01 22 04 4 20
2009 01 22 04 4 20
2009 01 22 04 4 19
2009 01 18 03 7 14
2009 01 18 03 7 14
2009 01 17 03 6 01
2009 01 14 03 3 00
2009 01 14 03 3 00
2009 01 11 02 7 14
2009 01 10 02 6 22
2009 01 10 02 6 22
2009 01 10 02 6 22
2009 01 10 02 6 21
2009 01 10 02 6 21
2009 01 10 02 6 20
2009 01 10 02 6 20
2009 01 10 02 6 20
2009 01 10 02 6 20
2009 01 10 02 6 19
2009 01 10 02 6 19
2009 01 10 02 6 19
2009 01 09 02 5 18
2009 01 06 02 2 00
2009 01 06 02 2 00
2009 01 06 02 2 00
2009 01 05 02 1 20
2009 01 05 02 1 20
2009 01 05 02 1 19
2009 01 05 02 1 19
2009 01 05 02 1 00
2009 01 04 01 7 23
2009 01 04 01 7 23
2009 01 04 01 7 22
2009 01 04 01 7 22
2009 01 04 01 7 21
2009 01 04 01 7 21
2009 01 04 01 7 20
2009 01 04 01 7 20
2009 01 04 01 7 20
2009 01 04 01 7 20
2009 01 04 01 7 19
2009 01 04 01 7 19
2009 01 04 01 7 14
2009 01 03 01 6 21
2009 01 03 01 6 13
2009 01 03 01 6 12
2009 01 02 01 5 00
2009 01 02 01 5 00
2009 01 01 01 4 23
2009 01 01 01 4 23
2009 01 01 01 4 17
2008 12 31 01 3 00
2008 12 30 01 2 23
2008 12 30 01 2 15
2008 12 30 01 2 15
2008 12 30 01 2 12
2008 12 30 01 2 02
2008 12 30 01 2 02
2008 12 30 01 2 02
2008 12 30 01 2 02
2008 12 30 01 2 01
2008 12 30 01 2 01
2008 12 29 01 1 22
2008 12 29 01 1 22
2008 12 29 01 1 22
2008 12 29 01 1 20
2008 12 29 01 1 20
2008 12 29 01 1 20
2008 12 29 01 1 20
2008 12 29 01 1 20
2008 12 29 01 1 00
2008 12 29 01 1 00
2008 12 28 52 7 23
2008 12 28 52 7 23
2008 12 28 52 7 23
2008 12 28 52 7 21
2008 12 28 52 7 21
2008 12 28 52 7 20
2008 12 28 52 7 19
2008 12 28 52 7 19
2008 12 28 52 7 19
2008 12 27 52 6 21
2008 12 27 52 6 12
2008 12 27 52 6 12
2008 12 26 52 5 20
2008 12 26 52 5 20
2008 12 26 52 5 20
2008 12 25 52 4 22
2008 12 25 52 4 21
2008 12 25 52 4 21
2008 12 25 52 4 17
2008 12 23 52 2 20
2008 12 23 52 2 20
2008 12 21 51 7 00
2008 12 20 51 6 23
2008 12 20 51 6 23
2008 12 20 51 6 23
2008 12 17 51 3 21
2008 12 16 51 2 07
2008 12 15 51 1 14
2008 12 15 51 1 13
2008 12 15 51 1 13
2008 12 15 51 1 12
2008 12 15 51 1 12
2008 12 15 51 1 10
2008 12 08 50 1 08
2008 12 07 49 7 23
2008 12 05 49 5 12
2008 12 05 49 5 12
2008 11 30 48 7 20
2008 11 30 48 7 20
2008 11 30 48 7 19
2008 11 30 48 7 19
2008 11 30 48 7 16
2008 11 29 48 6 20
2008 11 29 48 6 20
2008 11 29 48 6 19
2008 11 27 48 4 00
2008 11 24 48 1 20
2008 11 24 48 1 20
2008 11 24 48 1 20
2008 11 24 48 1 15
2008 11 23 47 7 21
2008 11 23 47 7 21
2008 11 23 47 7 19
2008 11 23 47 7 19
2008 11 23 47 7 19
2008 11 23 47 7 19
2008 11 23 47 7 17
2008 11 23 47 7 17
2008 11 23 47 7 16
2008 11 23 47 7 16
2008 11 23 47 7 15
2008 11 23 47 7 15
2008 11 23 47 7 12
2008 11 23 47 7 12
2008 11 23 47 7 12
2008 11 23 47 7 12
2008 11 23 47 7 12
2008 11 22 47 6 15
2008 11 22 47 6 14
2008 11 22 47 6 13
2008 11 22 47 6 13
2008 11 22 47 6 13
2008 11 20 47 4 20
2008 11 20 47 4 20
2008 11 20 47 4 20
2008 11 20 47 4 20
2008 11 20 47 4 20
2008 11 19 47 3 21
2008 11 19 47 3 19
2008 11 19 47 3 19
2008 11 19 47 3 18
2008 11 19 47 3 18
2008 11 19 47 3 18
2008 11 19 47 3 18
2008 11 19 47 3 18
2008 11 16 46 7 19
2008 11 16 46 7 19
2008 11 16 46 7 19
2008 11 16 46 7 18
2008 11 16 46 7 18
2008 11 16 46 7 17
2008 11 16 46 7 13
2008 11 16 46 7 13
2008 11 16 46 7 13
2008 11 16 46 7 11
2008 11 16 46 7 11
2008 11 16 46 7 11
2008 11 16 46 7 10
2008 11 16 46 7 10
2008 11 16 46 7 09
2008 11 16 46 7 09
2008 11 16 46 7 09
2008 11 13 46 4 09
2008 11 13 46 4 09
2008 11 13 46 4 09
2008 11 09 45 7 20
2008 11 09 45 7 20
2008 11 09 45 7 20
2008 11 09 45 7 20
2008 11 09 45 7 20
2008 11 09 45 7 19
2008 11 09 45 7 19
2008 11 09 45 7 19
2008 11 09 45 7 19
2008 11 09 45 7 19
2008 11 09 45 7 18
2008 11 09 45 7 18
2008 11 09 45 7 11
2008 11 09 45 7 11
2008 11 08 45 6 16
2008 11 08 45 6 16
2008 11 08 45 6 13
2008 11 08 45 6 12
2008 11 08 45 6 12
2008 11 08 45 6 12
2008 11 08 45 6 12
2008 11 08 45 6 09
2008 11 08 45 6 08
2008 11 07 45 5 22
2008 11 07 45 5 18
2008 11 07 45 5 09
2008 11 07 45 5 09
2008 11 06 45 4 11
2008 11 06 45 4 10
2008 11 06 45 4 10
2008 11 06 45 4 10
2008 11 04 45 2 23
2008 11 04 45 2 23
2008 11 04 45 2 21
2008 11 04 45 2 21
2008 11 04 45 2 21
2008 11 04 45 2 21
2008 11 04 45 2 19
2008 11 04 45 2 19
2008 11 04 45 2 19
2008 11 04 45 2 19
2008 11 04 45 2 18
2008 11 04 45 2 18
2008 11 04 45 2 08
2008 11 04 45 2 08
2008 11 04 45 2 08
2008 11 04 45 2 08
2008 11 04 45 2 08
2008 11 04 45 2 08
2008 11 04 45 2 08
2008 11 04 45 2 02
2008 11 03 45 1 21
2008 11 03 45 1 10
2008 11 02 44 7 23
2008 11 02 44 7 23
2008 11 02 44 7 23
2008 11 02 44 7 21
2008 11 02 44 7 21
2008 11 02 44 7 11
2008 11 01 44 6 15
2008 11 01 44 6 15
2008 10 28 44 2 17
2008 10 28 44 2 09
2008 10 28 44 2 09
2008 10 27 44 1 18
2008 10 27 44 1 18
2008 10 27 44 1 18
2008 10 25 43 6 18
2008 10 25 43 6 18
2008 10 25 43 6 18
2008 10 25 43 6 18
2008 10 25 43 6 18
2008 10 25 43 6 18
2008 10 25 43 6 17
2008 10 25 43 6 17
2008 10 25 43 6 17
2008 10 18 42 6 20
2008 10 18 42 6 20
2008 10 18 42 6 19
2008 10 18 42 6 19
2008 10 18 42 6 11
2008 10 17 42 5 13
2008 10 17 42 5 13
2008 10 17 42 5 09
2008 10 17 42 5 09
2008 10 17 42 5 08
2008 10 16 42 4 23
2008 10 16 42 4 23
2008 10 16 42 4 23
2008 10 16 42 4 22
2008 10 16 42 4 22
2008 10 16 42 4 22
2008 10 16 42 4 21
2008 10 16 42 4 21
2008 10 16 42 4 21
2008 10 16 42 4 21
2008 10 16 42 4 21
2008 10 16 42 4 21
2008 10 16 42 4 21
2008 10 16 42 4 21
2008 10 16 42 4 21
2008 10 08 41 3 13
2008 10 04 40 6 22
2008 10 02 40 4 18
2008 09 24 39 3 19
2008 09 24 39 3 19
2008 09 24 39 3 18
2008 09 24 39 3 18
2008 09 24 39 3 17
2008 09 24 39 3 17
2008 09 24 39 3 17
2008 09 24 39 3 17
2008 09 24 39 3 17
2008 09 24 39 3 14
2008 09 24 39 3 14
2008 09 24 39 3 13
2008 09 24 39 3 13
2008 09 24 39 3 13
2008 09 24 39 3 13
2008 09 24 39 3 11
2008 09 24 39 3 11
2008 09 24 39 3 11
2008 09 24 39 3 10
2008 09 24 39 3 10
2008 09 24 39 3 10
2008 09 23 39 2 23
2008 09 23 39 2 23
2008 09 21 38 7 10
2008 09 21 38 7 10
2008 09 16 38 2 09
2008 09 16 38 2 09
2008 09 16 38 2 09
2008 09 16 38 2 09
2008 09 16 38 2 09
2008 09 13 37 6 11
2008 09 13 37 6 11
2008 09 12 37 5 21
2008 09 12 37 5 18
2008 09 12 37 5 18
2008 09 12 37 5 17
2008 09 12 37 5 17
2008 09 12 37 5 15
2008 09 12 37 5 15
2008 09 12 37 5 01
2008 09 12 37 5 00
2008 09 12 37 5 00
2008 09 12 37 5 00
2008 09 12 37 5 00
2008 09 11 37 4 09
2008 09 10 37 3 13
2008 09 10 37 3 11
2008 09 10 37 3 00
2008 09 09 37 2 23
2008 09 09 37 2 23
2008 09 09 37 2 21
2008 09 09 37 2 21
2008 09 08 37 1 22
2008 09 06 36 6 22
2008 09 06 36 6 22
2008 09 06 36 6 19
2008 09 06 36 6 19
2008 09 06 36 6 19
2008 09 06 36 6 19
2008 09 06 36 6 18
2008 09 06 36 6 18
2008 09 01 36 1 16
2008 08 30 35 6 23
2008 08 30 35 6 15
2008 08 23 34 6 17
2008 08 23 34 6 17
2008 08 23 34 6 16
2008 08 17 33 7 23
2008 08 15 33 5 21
2008 08 15 33 5 21
2008 08 15 33 5 21
2008 08 15 33 5 21
2008 08 11 33 1 10
2008 08 10 32 7 22
2008 08 10 32 7 19
2008 08 10 32 7 19
2008 08 10 32 7 19
2008 08 10 32 7 18
2008 08 10 32 7 18
2008 08 10 32 7 12
2008 08 08 32 5 17
2008 08 08 32 5 17
2008 08 08 32 5 16
2008 08 08 32 5 15
2008 08 08 32 5 13
2008 08 08 32 5 12
2008 08 08 32 5 12
2008 08 08 32 5 08
2008 08 07 32 4 20
2008 08 07 32 4 20
2008 08 07 32 4 20
2008 08 07 32 4 20
2008 08 07 32 4 11
2008 08 06 32 3 17
2008 08 06 32 3 16
2008 08 06 32 3 16
2008 08 06 32 3 15
2008 08 06 32 3 15
2008 08 05 32 2 12
2008 08 05 32 2 00
2008 08 04 32 1 23
2008 08 04 32 1 22
2008 08 04 32 1 21
2008 08 04 32 1 19
2008 08 04 32 1 19
2008 08 04 32 1 19
2008 08 04 32 1 18
2008 08 04 32 1 18
2008 08 04 32 1 17
2008 08 04 32 1 17
2008 08 04 32 1 17
2008 08 04 32 1 14
2008 08 04 32 1 11
2008 07 29 31 2 20
2008 07 29 31 2 20
2008 07 29 31 2 12
2008 07 29 31 2 11
2008 07 29 31 2 11
2008 07 29 31 2 11
2008 07 23 30 3 17
2008 07 20 29 7 13
2008 07 19 29 6 00
2008 07 12 28 6 02
2008 07 10 28 4 15
2008 07 08 28 2 20
2008 07 08 28 2 16
2008 07 06 27 7 01
2008 07 05 27 6 18
2008 07 05 27 6 16
2008 07 05 27 6 16
2008 07 05 27 6 12
2008 07 04 27 5 20
2008 07 04 27 5 16
2008 07 01 27 2 22
2008 06 27 26 5 14
2008 06 26 26 4 22
2008 06 26 26 4 13
2008 06 26 26 4 13
2008 06 26 26 4 11
2008 06 26 26 4 10
2008 06 23 26 1 14
2008 06 23 26 1 14
2008 06 23 26 1 14
2008 06 23 26 1 14
2008 06 23 26 1 14
2008 06 23 26 1 13
2008 06 23 26 1 13
2008 06 23 26 1 13
2008 06 22 25 7 23
2008 06 22 25 7 21
2008 06 22 25 7 21
2008 06 22 25 7 21
2008 06 22 25 7 20
2008 06 22 25 7 20
2008 06 22 25 7 20
2008 06 22 25 7 19
2008 06 20 25 5 22
2008 06 18 25 3 20
2008 06 18 25 3 20
2008 06 18 25 3 20
2008 06 18 25 3 20
2008 06 18 25 3 12
2008 06 18 25 3 12
2008 06 17 25 2 12
2008 06 17 25 2 12
2008 06 17 25 2 12
2008 06 17 25 2 12
2008 06 17 25 2 12
2008 06 17 25 2 11
2008 06 17 25 2 11
2008 06 17 25 2 11
2008 06 17 25 2 10
2008 06 17 25 2 10
2008 06 17 25 2 09
2008 06 15 24 7 19
2008 06 15 24 7 19
2008 06 15 24 7 19
2008 06 15 24 7 16
2008 06 15 24 7 10
2008 06 15 24 7 10
2008 06 12 24 4 23
2008 06 12 24 4 23
2008 06 12 24 4 23
2008 06 12 24 4 23
2008 06 12 24 4 21
2008 06 12 24 4 21
2008 06 08 23 7 20
2008 06 05 23 4 19
2008 06 05 23 4 10
2008 06 05 23 4 09
2008 06 04 23 3 22
2008 06 04 23 3 22
2008 06 02 23 1 00
2008 06 01 22 7 22
2008 06 01 22 7 17
2008 06 01 22 7 00
2008 06 01 22 7 00
2008 06 01 22 7 00
2008 05 31 22 6 18
2008 05 31 22 6 18
2008 05 31 22 6 18
2008 05 31 22 6 17
2008 05 30 22 5 22
2008 05 30 22 5 22
2008 05 30 22 5 21
2008 05 25 21 7 18
2008 05 25 21 7 13
2008 05 24 21 6 21
2008 05 24 21 6 20
2008 05 24 21 6 18
2008 05 24 21 6 18
2008 05 24 21 6 18
2008 05 24 21 6 18
2008 05 24 21 6 18
2008 05 23 21 5 16
2008 05 23 21 5 16
2008 05 23 21 5 15
2008 05 23 21 5 15
2008 05 23 21 5 15
2008 05 23 21 5 15
2008 05 23 21 5 15
2008 05 20 21 2 16
2008 05 16 20 5 15
2008 05 12 20 1 18
2008 05 09 19 5 08
2008 05 07 19 3 00
2008 05 06 19 2 23
2008 05 06 19 2 20
2008 05 06 19 2 20
2008 05 06 19 2 18
2008 05 06 19 2 18
2008 05 06 19 2 16
2008 05 06 19 2 09
2008 05 06 19 2 09
2008 05 05 19 1 22
2008 05 04 18 7 23
2008 05 04 18 7 19
2008 05 04 18 7 19
2008 05 04 18 7 19
2008 05 04 18 7 18
2008 05 04 18 7 18
2008 05 04 18 7 11
2008 05 04 18 7 11
2008 05 04 18 7 10
2008 05 04 18 7 10
2008 05 04 18 7 10
2008 05 04 18 7 09
2008 05 04 18 7 09
2008 05 04 18 7 09
2008 05 04 18 7 09
2008 05 03 18 6 22
2008 05 03 18 6 22
2008 05 03 18 6 22
2008 05 03 18 6 22
2008 05 03 18 6 22
2008 05 03 18 6 22
2008 05 03 18 6 22
2008 05 03 18 6 22
2008 05 03 18 6 20
2008 05 03 18 6 11
2008 05 02 18 5 20
2008 05 02 18 5 12
2008 05 02 18 5 12
2008 05 02 18 5 12
2008 05 02 18 5 11
2008 05 02 18 5 11
2008 05 02 18 5 11
2008 05 02 18 5 11
2008 05 01 18 4 20
2008 04 28 18 1 15
2008 04 28 18 1 15
2008 04 28 18 1 15
2008 04 28 18 1 15
2008 04 28 18 1 14
2008 04 27 17 7 23
2008 04 27 17 7 22
2008 04 27 17 7 22
2008 04 27 17 7 22
2008 04 27 17 7 21
2008 04 27 17 7 21
2008 04 27 17 7 20
2008 04 27 17 7 20
2008 04 27 17 7 20
2008 04 27 17 7 19
2008 04 27 17 7 18
2008 04 27 17 7 18
2008 04 27 17 7 18
2008 04 27 17 7 17
2008 04 27 17 7 17
2008 04 27 17 7 16
2008 04 26 17 6 20
2008 04 22 17 2 19
2008 04 21 17 1 18
2008 04 21 17 1 18
2008 04 21 17 1 18
2008 04 20 16 7 17
2008 04 20 16 7 17
2008 04 20 16 7 16
2008 04 19 16 6 23
2008 04 19 16 6 23
2008 04 19 16 6 22
2008 04 19 16 6 19
2008 04 19 16 6 19
2008 04 19 16 6 11
2008 04 13 15 7 20
2008 04 13 15 7 19
2008 04 13 15 7 19
2008 04 13 15 7 10
2008 04 13 15 7 10
2008 04 13 15 7 10
2008 04 12 15 6 23
2008 04 12 15 6 23
2008 04 09 15 3 19
2008 04 07 15 1 07
2008 04 06 14 7 21
2008 04 06 14 7 19
2008 04 06 14 7 19
2008 04 06 14 7 18
2008 04 06 14 7 15
2008 04 06 14 7 12
2008 04 05 14 6 19
2008 03 31 14 1 13
2008 03 30 13 7 08
2008 03 28 13 5 19
2008 03 28 13 5 19
2008 03 28 13 5 14
2008 03 28 13 5 10
2008 03 28 13 5 08
2008 03 28 13 5 08
2008 03 28 13 5 08
2008 03 26 13 3 16
2008 03 26 13 3 16
2008 03 26 13 3 14
2008 03 26 13 3 14
2008 03 26 13 3 13
2008 03 25 13 2 21
2008 03 25 13 2 21
2008 03 25 13 2 20
2008 03 25 13 2 20
2008 03 25 13 2 19
2008 03 25 13 2 19
2008 03 25 13 2 19
2008 03 25 13 2 16
2008 03 25 13 2 13
2008 03 25 13 2 12
2008 03 25 13 2 11
2008 03 25 13 2 11
2008 03 25 13 2 11
2008 03 25 13 2 11
2008 03 24 13 1 10
2008 03 24 13 1 10
2008 03 23 12 7 22
2008 03 23 12 7 22
2008 03 23 12 7 22
2008 03 23 12 7 22
2008 03 23 12 7 20
2008 03 23 12 7 20
2008 03 23 12 7 19
2008 03 23 12 7 18
2008 03 23 12 7 18
2008 03 23 12 7 18
2008 03 23 12 7 16
2008 03 23 12 7 16
2008 03 23 12 7 15
2008 03 23 12 7 12
2008 03 23 12 7 11
2008 03 23 12 7 09
2008 03 23 12 7 09
2008 03 23 12 7 09
2008 03 23 12 7 09
2008 03 23 12 7 07
2008 03 23 12 7 07
2008 03 23 12 7 07
2008 03 23 12 7 07
2008 03 22 12 6 22
2008 03 22 12 6 22
2008 03 22 12 6 21
2008 03 22 12 6 21
2008 03 22 12 6 21
2008 03 22 12 6 20
2008 03 22 12 6 14
2008 03 22 12 6 14
2008 03 22 12 6 12
2008 03 22 12 6 12
2008 03 22 12 6 11
2008 03 21 12 5 19
2008 03 21 12 5 18
2008 03 21 12 5 18
2008 03 21 12 5 18
2008 03 21 12 5 16
2008 03 21 12 5 16
2008 03 21 12 5 16
2008 03 21 12 5 15
2008 03 21 12 5 15
2008 03 21 12 5 15
2008 03 21 12 5 15
2008 03 21 12 5 15
2008 03 21 12 5 15
2008 03 21 12 5 14
2008 03 19 12 3 09
2008 03 19 12 3 08
2008 03 19 12 3 08
2008 03 18 12 2 20
2008 03 18 12 2 20
2008 03 18 12 2 20
2008 03 18 12 2 20
2008 03 18 12 2 20
2008 03 18 12 2 20
2008 03 18 12 2 20
2008 03 18 12 2 20
2008 03 18 12 2 19
2008 03 18 12 2 19
2008 03 18 12 2 09
2008 03 18 12 2 09
2008 03 18 12 2 08
2008 03 18 12 2 08
2008 03 16 11 7 21
2008 03 16 11 7 14
2008 03 16 11 7 14
2008 03 16 11 7 13
2008 03 16 11 7 12
2008 03 16 11 7 12
2008 03 16 11 7 12
2008 03 16 11 7 12
2008 03 16 11 7 12
2008 03 16 11 7 12
2008 03 16 11 7 12
2008 03 15 11 6 10
2008 03 15 11 6 09
2008 03 15 11 6 00
2008 03 15 11 6 00
2008 03 15 11 6 00
2008 03 14 11 5 23
2008 03 14 11 5 23
2008 03 14 11 5 16
2008 03 14 11 5 16
2008 03 12 11 3 22
2008 03 12 11 3 22
2008 03 09 10 7 22
2008 03 09 10 7 22
2008 03 09 10 7 22
2008 03 09 10 7 22
2008 03 09 10 7 20
2008 03 09 10 7 20
2008 03 09 10 7 19
2008 03 09 10 7 13
2008 03 09 10 7 13
2008 03 09 10 7 11
2008 03 09 10 7 11
2008 03 08 10 6 22
2008 02 29 09 5 19
2008 02 27 09 3 08
2008 02 25 09 1 21
2008 02 25 09 1 21
2008 02 24 08 7 08
2008 02 23 08 6 23
2008 02 23 08 6 19
2008 02 23 08 6 16
2008 02 21 08 4 21
2008 02 20 08 3 20
2008 02 10 06 7 11
2008 02 10 06 7 00
2008 02 01 05 5 21
2008 02 01 05 5 16
2008 02 01 05 5 11
2008 01 27 04 7 21
2008 01 22 04 2 20
2008 01 21 04 1 23
2008 01 21 04 1 21
2008 01 21 04 1 21
2008 01 16 03 3 21
2008 01 11 02 5 15
2008 01 11 02 5 15
2008 01 11 02 5 15
2008 01 11 02 5 15
2008 01 06 01 7 18
2008 01 06 01 7 18
2007 12 29 52 6 11
2007 12 17 51 1 00
2007 12 16 50 7 23
2007 12 16 50 7 22
2007 12 16 50 7 20
2007 12 16 50 7 13
2007 12 07 49 5 21
2007 12 06 49 4 11
2007 12 06 49 4 11
2007 12 06 49 4 03
2007 12 05 49 3 22
2007 12 04 49 2 18
2007 12 03 49 1 23
2007 12 03 49 1 23
2007 11 01 44 4 10
2007 10 21 42 7 14
2007 10 20 42 6 20
2007 10 20 42 6 19
2007 10 20 42 6 19
2007 10 20 42 6 15
2007 09 15 37 6 21
2007 09 12 37 3 21
2007 09 12 37 3 20
2007 09 09 36 7 10
2007 09 06 36 4 17
2007 09 06 36 4 17
2007 09 06 36 4 16
2007 09 06 36 4 16
2007 09 03 36 1 09
2007 09 01 35 6 23
2007 09 01 35 6 17
2007 09 01 35 6 09
2007 08 31 35 5 10
2007 08 31 35 5 09
2007 08 31 35 5 08
2007 08 30 35 4 10
2007 08 24 34 5 22
2007 08 21 34 2 08
2007 08 19 33 7 15
2007 08 17 33 5 18
2007 08 17 33 5 09
2007 08 17 33 5 08
2007 08 17 33 5 08
2007 08 17 33 5 08
2007 08 16 33 4 03
2007 08 15 33 3 21
2007 08 15 33 3 20
2007 08 15 33 3 20
2007 08 15 33 3 16
2007 08 15 33 3 16
2007 08 15 33 3 16
2007 08 15 33 3 15
2007 08 15 33 3 15
2007 08 15 33 3 15
2007 08 15 33 3 11
2007 08 15 33 3 09
2007 08 14 33 2 22
2007 08 14 33 2 22
2007 08 14 33 2 22
2007 08 14 33 2 22
2007 08 14 33 2 21
2007 08 14 33 2 20
2007 08 14 33 2 16
2007 08 14 33 2 13
2007 08 14 33 2 12
2007 08 14 33 2 12
2007 08 14 33 2 12
2007 08 14 33 2 11
2007 08 14 33 2 11
2007 08 14 33 2 08
2007 08 14 33 2 03
2007 08 13 33 1 23
2007 08 13 33 1 22
2007 08 13 33 1 21
2007 08 12 32 7 13
2007 08 12 32 7 10
2007 08 11 32 6 14
2007 08 11 32 6 09
2007 08 11 32 6 09
2007 08 10 32 5 23
2007 08 10 32 5 08
2007 08 10 32 5 07
2007 08 09 32 4 21
2007 08 09 32 4 19
2007 08 09 32 4 18
2007 08 09 32 4 17
2007 08 09 32 4 17
2007 08 09 32 4 11
2007 08 09 32 4 11
2007 08 08 32 3 15
2007 08 08 32 3 14
2007 08 08 32 3 13
2007 08 08 32 3 13
2007 08 08 32 3 13
2007 08 08 32 3 09
2007 08 08 32 3 08
2007 08 07 32 2 08
2007 08 07 32 2 08
2007 08 06 32 1 21
2007 08 06 32 1 19
2007 08 06 32 1 18
2007 08 06 32 1 18
2007 08 06 32 1 18
2007 08 06 32 1 18
2007 08 06 32 1 12
2007 08 06 32 1 11
2007 08 06 32 1 10
2007 08 06 32 1 10
2007 08 06 32 1 09
2007 08 06 32 1 09
2007 08 05 31 7 14
2007 08 05 31 7 01
2007 08 05 31 7 01
2007 08 05 31 7 00
2007 08 05 31 7 00
2007 08 04 31 6 20
2007 08 04 31 6 19
2007 08 04 31 6 17
2007 08 04 31 6 16
2007 08 04 31 6 16
2007 08 04 31 6 16
2007 08 04 31 6 10
2007 08 04 31 6 09
2007 08 04 31 6 09
2007 08 03 31 5 17
2007 08 03 31 5 15
2007 08 03 31 5 14
2007 08 03 31 5 13
2007 08 03 31 5 13
2007 08 03 31 5 13
2007 08 03 31 5 12
2007 08 03 31 5 12
2007 08 03 31 5 11
2007 08 03 31 5 10
2007 08 03 31 5 09
2007 08 03 31 5 09
2007 08 03 31 5 09
2007 08 03 31 5 09
2007 08 03 31 5 07
2007 08 02 31 4 23
2007 08 02 31 4 22
2007 08 02 31 4 20
2007 08 02 31 4 18
2007 08 02 31 4 17
2007 08 02 31 4 16
2007 08 02 31 4 15
2007 08 02 31 4 15
2007 08 02 31 4 14
2007 08 02 31 4 14
2007 08 02 31 4 11
2007 08 02 31 4 11
2007 08 02 31 4 11
2007 08 02 31 4 10
2007 08 02 31 4 10
2007 08 01 31 3 18
2007 08 01 31 3 17
2007 08 01 31 3 17
2007 08 01 31 3 16
2007 08 01 31 3 14
2007 08 01 31 3 14
2007 07 30 31 1 21
2007 07 29 30 7 10
2007 07 24 30 2 22
2007 07 24 30 2 12
2007 07 24 30 2 11
2007 07 23 30 1 19
2007 07 23 30 1 11
