
2012 05 17 20 4 21
2012 04 18 16 3 20
2011 07 13 28 3 23
2010 12 07 49 2 21
2010 12 02 48 4 03
2010 12 02 48 4 03
2010 12 02 48 4 03
2010 11 29 48 1 21
2010 11 29 48 1 21
2010 11 11 45 4 08
2010 11 11 45 4 05
2010 06 27 25 7 19
2010 06 27 25 7 19
2010 05 12 19 3 00
2010 05 12 19 3 00
2010 05 12 19 3 00
2010 05 03 18 1 23
2010 04 11 14 7 23
2010 04 11 14 7 23
2010 04 03 13 6 23
2010 04 03 13 6 03
2010 03 17 11 3 23
2010 04 02 13 5 09
2010 03 17 11 3 23
2010 04 02 13 5 09
2010 04 02 13 5 09
2010 04 02 13 5 09
2010 04 02 13 5 09
2010 04 02 13 5 09
2010 04 02 13 5 09
2010 03 19 11 5 22
2010 03 17 11 3 06
2010 03 17 11 3 06
2010 03 17 11 3 06
2010 03 17 11 3 06
2010 03 17 11 3 06
2010 03 17 11 3 06
2010 03 14 10 7 19
2010 03 17 11 3 06
2010 03 17 11 3 06
2010 03 04 09 4 10
2010 03 02 09 2 03
2010 03 02 09 2 03
2010 03 02 09 2 03
2010 03 01 09 1 23
2010 02 27 08 6 05
2010 02 27 08 6 05
2010 02 27 08 6 05
2010 02 27 08 6 05
2010 02 27 08 6 05
2010 02 25 08 4 00
2010 02 25 08 4 00
2010 02 27 08 6 00
2010 02 26 08 5 23
2010 02 19 07 5 00
2010 02 18 07 4 23
2010 02 18 07 4 23
2010 02 18 07 4 23
2010 02 18 07 4 03
2010 02 18 07 4 03
2010 02 18 07 4 03
2010 02 18 07 4 03
2010 02 18 07 4 03
2010 02 18 07 4 03
2010 02 18 07 4 02
2010 02 13 06 6 05
2010 02 13 06 6 05
2010 02 13 06 6 05
2010 02 10 06 3 17
2010 02 09 06 2 23
2010 02 09 06 2 23
2010 02 09 06 2 23
2010 02 09 06 2 17
2010 02 09 06 2 16
2010 02 09 06 2 16
2010 02 09 06 2 16
2010 02 09 06 2 04
2010 02 09 06 2 03
2010 02 09 06 2 03
2010 02 09 06 2 03
2010 02 09 06 2 03
2010 02 09 06 2 03
2010 02 09 06 2 02
2010 02 09 06 2 01
2010 02 09 06 2 01
2010 02 09 06 2 01
2010 02 09 06 2 01
2010 02 09 06 2 01
2010 02 09 06 2 00
2010 02 08 06 1 22
2010 02 07 05 7 03
2010 02 07 05 7 02
2010 02 07 05 7 02
2010 02 07 05 7 02
2010 02 07 05 7 02
2010 02 07 05 7 01
2010 02 07 05 7 01
2010 02 07 05 7 01
2010 02 06 05 6 23
2010 02 06 05 6 23
2010 02 06 05 6 23
2010 02 06 05 6 23
2010 02 06 05 6 23
2010 02 06 05 6 23
2010 02 06 05 6 06
2010 02 05 05 5 14
2010 02 05 05 5 14
2010 02 04 05 4 22
2010 02 04 05 4 22
2010 02 04 05 4 22
2010 02 04 05 4 19
2010 02 04 05 4 19
2010 02 04 05 4 19
2010 02 02 05 2 18
2010 02 02 05 2 18
2010 01 26 04 2 23
2010 01 26 04 2 23
2010 01 26 04 2 23
2010 01 26 04 2 20
2010 01 26 04 2 20
2010 01 26 04 2 20
2010 01 25 04 1 20
2010 01 25 04 1 20
2010 01 25 04 1 20
2010 01 25 04 1 20
2010 01 25 04 1 20
2010 01 18 03 1 19
2010 01 18 03 1 19
2010 01 18 03 1 18
2010 01 18 03 1 18
2010 01 18 03 1 18
2010 01 18 03 1 18
2010 01 18 03 1 00
2010 01 18 03 1 00
2010 01 18 03 1 00
2010 01 18 03 1 00
2010 01 17 02 7 22
2010 01 17 02 7 22
2010 01 17 02 7 21
2010 01 17 02 7 21
2010 01 17 02 7 21
2010 01 17 02 7 00
2010 01 17 02 7 00
2010 01 17 02 7 00
2010 01 17 02 7 00
2010 01 04 01 1 19
2010 01 04 01 1 19
2010 01 04 01 1 19
2009 12 17 51 4 02
2009 12 17 51 4 02
2009 12 17 51 4 02
2009 12 17 51 4 02
2009 11 25 48 3 05
2009 11 25 48 3 05
2009 11 25 48 3 05
2009 11 25 48 3 05
2009 11 25 48 3 05
2009 11 25 48 3 05
2009 11 25 48 3 05
2009 11 25 48 3 05
2009 11 25 48 3 05
2009 11 25 48 3 05
2009 11 25 48 3 03
2009 11 25 48 3 03
2009 11 25 48 3 03
2009 11 25 48 3 03
2009 11 22 47 7 06
2009 11 22 47 7 06
2009 11 22 47 7 06
2009 11 22 47 7 05
2009 11 22 47 7 05
2009 11 22 47 7 04
2009 11 20 47 5 23
2009 11 20 47 5 23
2009 11 20 47 5 04
2009 11 18 47 3 06
2009 11 18 47 3 06
2009 11 18 47 3 06
2009 11 15 46 7 20
2009 11 15 46 7 20
2009 11 15 46 7 20
2009 11 15 46 7 20
2009 11 15 46 7 20
2009 11 13 46 5 05
2009 11 13 46 5 05
2009 11 13 46 5 05
2009 10 28 44 3 04
2009 10 28 44 3 04
2009 10 28 44 3 00
2009 10 28 44 3 00
2009 10 28 44 3 00
2009 10 28 44 3 00
