
2012 06 25 26 1 19
2012 05 09 19 3 01
2012 01 07 01 6 04
2012 01 06 01 5 23
2012 01 03 01 2 08
2011 12 13 50 2 18
2011 12 13 50 2 18
2011 09 27 39 2 09
2011 09 27 39 2 09
2011 09 27 39 2 09
2011 09 27 39 2 08
2011 09 27 39 2 08
2011 03 05 09 6 08
2011 03 05 09 6 08
2011 03 05 09 6 08
2011 02 23 08 3 06
2011 02 04 05 5 08
2011 02 04 05 5 08
2010 11 02 44 2 17
2010 11 02 44 2 17
2010 11 02 44 2 17
2010 11 02 44 2 04
2010 10 30 43 6 19
2010 10 29 43 5 22
2010 10 29 43 5 01
2010 10 05 40 2 07
2010 09 22 38 3 21
2010 09 22 38 3 20
2010 09 01 35 3 20
2010 09 01 35 3 20
2010 09 01 35 3 20
2010 09 01 35 3 20
2010 09 01 35 3 20
2010 09 01 35 3 20
2010 09 01 35 3 09
2010 09 01 35 3 09
2010 07 28 30 3 01
2010 07 28 30 3 01
2010 07 09 27 5 01
2010 07 09 27 5 00
2010 07 07 27 3 18
2010 06 18 24 5 22
2010 06 16 24 3 20
2010 06 16 24 3 20
2010 06 16 24 3 20
2010 06 16 24 3 19
2010 05 19 20 3 06
2010 05 01 17 6 06
2010 04 28 17 3 17
2010 04 28 17 3 01
2010 04 27 17 2 05
2010 04 26 17 1 19
2010 04 26 17 1 19
2010 04 26 17 1 19
2010 04 26 17 1 18
2010 04 24 16 6 06
2010 04 16 15 5 21
2010 04 16 15 5 19
2010 04 16 15 5 19
2010 04 16 15 5 09
2010 04 16 15 5 09
2010 04 16 15 5 06
2010 04 16 15 5 05
2010 04 16 15 5 05
2010 04 16 15 5 05
2010 04 16 15 5 02
2010 04 15 15 4 22
2010 04 15 15 4 21
2010 04 15 15 4 20
2010 04 15 15 4 19
2010 04 15 15 4 08
2010 04 15 15 4 08
2010 04 15 15 4 08
2010 04 15 15 4 07
2010 04 15 15 4 06
2010 04 15 15 4 05
2010 04 15 15 4 05
2010 04 15 15 4 03
2010 04 15 15 4 02
2010 04 15 15 4 01
2010 04 14 15 3 23
2010 04 14 15 3 20
2010 04 14 15 3 20
2010 04 14 15 3 20
2010 04 14 15 3 19
2010 04 14 15 3 07
2010 04 14 15 3 06
2010 04 14 15 3 04
2010 04 14 15 3 03
2010 04 14 15 3 01
2010 04 14 15 3 01
2010 04 13 15 2 22
2010 04 13 15 2 21
2010 04 13 15 2 20
2010 04 13 15 2 19
2010 04 13 15 2 19
2010 04 13 15 2 19
2010 04 13 15 2 17
2010 04 13 15 2 17
2010 04 13 15 2 07
2010 04 13 15 2 00
2010 04 10 14 6 20
2010 04 10 14 6 18
2010 04 10 14 6 18
2010 04 10 14 6 16
2010 04 10 14 6 05
2010 04 10 14 6 01
2010 04 09 14 5 23
2010 04 09 14 5 23
2010 04 09 14 5 23
2010 04 09 14 5 21
2010 04 09 14 5 21
2010 04 09 14 5 21
2010 04 09 14 5 20
2010 04 09 14 5 19
2010 04 09 14 5 08
2010 04 09 14 5 07
2010 04 09 14 5 07
2010 04 09 14 5 07
2010 04 09 14 5 07
2010 04 09 14 5 04
2010 04 07 14 3 06
2010 04 07 14 3 02
2010 04 06 14 2 22
2010 04 06 14 2 19
2010 04 06 14 2 18
2010 04 06 14 2 18
2010 04 06 14 2 18
2010 04 06 14 2 18
2010 04 06 14 2 18
2010 04 06 14 2 18
2010 04 06 14 2 18
2010 04 06 14 2 18
2010 04 06 14 2 17
2010 04 06 14 2 16
2010 04 06 14 2 16
2010 04 06 14 2 05
2010 04 06 14 2 01
2010 04 01 13 4 23
2010 04 01 13 4 23
2010 04 01 13 4 22
2010 04 01 13 4 22
2010 04 01 13 4 22
2010 04 01 13 4 21
2010 04 01 13 4 21
2010 04 01 13 4 21
2010 04 01 13 4 20
2010 04 01 13 4 20
2010 04 01 13 4 19
2010 04 01 13 4 19
