
2016 01 02 53 6 18
2016 01 02 53 6 18
2016 01 02 53 6 18
2016 01 02 53 6 18
2015 12 12 50 6 15
2015 11 25 48 3 15
2015 11 04 45 3 11
2015 11 04 45 3 11
2015 11 04 45 3 11
2015 10 23 43 5 17
2015 10 23 43 5 15
2015 10 23 43 5 15
2015 10 23 43 5 15
2015 10 23 43 5 15
2015 10 23 43 5 15
2015 10 23 43 5 15
2015 10 23 43 5 14
2015 10 23 43 5 12
2015 07 19 29 7 22
2015 07 19 29 7 22
2015 07 19 29 7 22
2015 07 19 29 7 22
2015 07 19 29 7 22
2015 07 19 29 7 22
2015 06 25 26 4 01
2015 04 28 18 2 05
2015 04 26 17 7 16
2015 04 26 17 7 16
2015 04 26 17 7 16
2015 04 26 17 7 16
2015 04 26 17 7 16
2015 04 26 17 7 16
2015 04 26 17 7 15
2015 04 26 17 7 15
2015 04 26 17 7 15
2015 04 26 17 7 15
2015 04 09 15 4 15
2014 08 02 31 6 19
2014 07 31 31 4 17
2014 06 29 26 7 19
2014 06 29 26 7 19
2014 06 29 26 7 19
2014 06 29 26 7 19
2014 06 29 26 7 18
2014 06 29 26 7 15
2014 06 29 26 7 15
2014 06 29 26 7 15
2014 06 29 26 7 13
2014 06 03 23 2 22
2014 05 09 19 5 20
2014 04 29 18 2 00
2014 04 24 17 4 10
2014 03 26 13 3 16
2014 03 26 13 3 16
2014 02 21 08 5 00
2014 02 20 08 4 17
2014 01 25 04 6 03
2014 01 23 04 4 00
2014 01 23 04 4 00
2014 01 23 04 4 00
2014 01 23 04 4 00
2014 01 23 04 4 00
2014 01 03 01 5 20
2014 01 03 01 5 00
2014 01 02 01 4 22
2013 12 24 52 2 15
2013 11 28 48 4 01
2013 11 28 48 4 01
2013 11 28 48 4 01
2013 11 28 48 4 01
2013 11 04 45 1 05
2013 11 04 45 1 05
2013 11 04 45 1 05
2013 11 03 44 7 05
2013 11 03 44 7 04
2013 11 03 44 7 03
2013 10 31 44 4 10
2013 10 31 44 4 03
2013 10 27 43 7 18
2013 09 28 39 6 20
2013 09 15 37 7 20
2013 09 12 37 4 12
2013 09 12 37 4 11
2013 09 12 37 4 11
2013 09 11 37 3 12
2013 09 11 37 3 11
2013 09 11 37 3 11
2013 09 11 37 3 11
2013 09 10 37 2 13
2013 09 09 37 1 17
2013 09 09 37 1 11
2013 09 09 37 1 11
2013 09 09 37 1 10
2013 09 09 37 1 10
2013 08 17 33 6 16
2013 08 11 32 7 11
2013 08 03 31 6 19
2013 07 18 29 4 07
2013 07 03 27 3 16
2013 06 25 26 2 15
2013 06 25 26 2 15
2013 06 16 24 7 18
2013 05 29 22 3 22
2013 05 29 22 3 22
2013 05 29 22 3 22
2013 05 29 22 3 22
2013 05 29 22 3 20
2013 05 29 22 3 16
2013 05 28 22 2 16
2013 05 28 22 2 16
2013 05 28 22 2 16
2013 05 28 22 2 16
2013 05 28 22 2 15
2013 05 28 22 2 15
2013 05 28 22 2 15
2013 05 28 22 2 02
2013 05 28 22 2 02
2013 05 27 22 1 23
2013 05 27 22 1 23
2013 05 27 22 1 23
2013 05 27 22 1 23
2013 05 27 22 1 23
2013 05 27 22 1 22
2013 05 27 22 1 22
2013 05 27 22 1 15
2013 05 27 22 1 00
2013 05 25 21 6 13
2013 05 25 21 6 13
2013 05 25 21 6 13
2013 05 22 21 3 22
2013 05 22 21 3 22
2013 05 22 21 3 16
2013 05 22 21 3 16
2013 05 22 21 3 16
2013 05 22 21 3 15
2013 05 22 21 3 15
2013 05 22 21 3 14
2013 05 22 21 3 13
2013 05 20 21 1 13
2013 05 20 21 1 13
2013 05 15 20 3 21
2013 05 11 19 6 22
2013 05 11 19 6 22
2013 05 11 19 6 00
2013 05 10 19 5 23
2013 05 10 19 5 23
2013 05 10 19 5 15
2013 05 10 19 5 15
2013 05 09 19 4 21
2013 05 08 19 3 02
2013 05 07 19 2 22
2013 05 07 19 2 22
2013 05 03 18 5 22
2013 05 03 18 5 21
2013 05 03 18 5 21
2013 05 03 18 5 21
2013 05 03 18 5 21
2013 05 03 18 5 21
2013 05 01 18 3 16
2013 04 29 18 1 21
2013 04 29 18 1 21
2013 04 29 18 1 21
2013 04 29 18 1 21
2013 04 29 18 1 19
2013 04 29 18 1 19
2013 04 29 18 1 18
2013 04 29 18 1 16
2013 04 29 18 1 16
2013 04 29 18 1 16
2013 04 28 17 7 02
2013 04 28 17 7 02
2013 04 27 17 6 21
2013 04 27 17 6 21
2013 04 27 17 6 17
2013 04 27 17 6 17
2013 04 27 17 6 13
2013 04 25 17 4 22
2013 04 19 16 5 11
2013 04 19 16 5 11
2013 04 19 16 5 11
2013 04 19 16 5 11
2013 04 19 16 5 11
2013 03 17 11 7 18
2013 03 17 11 7 18
2013 04 19 16 5 11
2013 04 19 16 5 08
2013 04 18 16 4 09
2013 04 16 16 2 01
2013 04 16 16 2 01
2013 04 16 16 2 01
2013 04 13 15 6 15
2013 04 13 15 6 15
2013 04 13 15 6 15
2013 04 13 15 6 15
2013 04 13 15 6 15
2013 04 13 15 6 15
2013 04 11 15 4 03
2013 04 11 15 4 02
2013 04 11 15 4 02
2013 04 11 15 4 02
2013 04 11 15 4 02
2013 04 11 15 4 02
2013 04 11 15 4 02
2013 04 11 15 4 02
2013 04 04 14 4 19
2013 04 04 14 4 19
2013 04 04 14 4 19
2013 04 04 14 4 19
2013 04 04 14 4 19
2013 04 04 14 4 19
2013 04 04 14 4 19
2013 04 02 14 2 02
2013 04 02 14 2 02
2013 04 02 14 2 00
2013 04 02 14 2 00
2013 04 01 14 1 23
2013 04 01 14 1 23
2013 03 21 12 4 19
2013 03 21 12 4 19
2013 03 21 12 4 19
2013 03 20 12 3 22
2013 03 20 12 3 22
2013 03 20 12 3 22
2013 03 20 12 3 18
2013 03 19 12 2 15
2013 03 19 12 2 15
2013 03 19 12 2 15
2013 03 19 12 2 15
2013 03 19 12 2 15
2013 03 19 12 2 15
2013 03 19 12 2 15
2013 03 19 12 2 15
2013 02 14 07 4 01
2013 02 10 06 7 03
2013 02 10 06 7 03
2013 02 09 06 6 20
2012 12 30 52 7 20
2012 12 30 52 7 11
2012 12 30 52 7 11
2012 12 30 52 7 11
2012 12 30 52 7 11
2012 12 30 52 7 11
2012 12 30 52 7 11
2012 12 29 52 6 00
2012 12 17 51 1 07
2012 12 17 51 1 07
2012 12 16 50 7 22
2012 12 16 50 7 21
2012 12 16 50 7 21
2012 12 12 50 3 05
2012 12 12 50 3 05
2012 12 12 50 3 05
2012 12 10 50 1 17
2012 12 10 50 1 17
2012 12 10 50 1 17
2012 12 10 50 1 17
2012 12 10 50 1 16
2012 11 24 47 6 02
2012 11 24 47 6 16
2012 09 14 37 5 18
2012 09 14 37 5 05
2012 09 14 37 5 05
2012 09 12 37 3 15
2012 08 03 31 5 12
2012 08 03 31 5 12
2012 08 03 31 5 01
2012 08 02 31 4 14
2012 08 02 31 4 14
2012 07 31 31 2 00
2012 07 30 31 1 19
2012 07 30 31 1 19
2012 07 30 31 1 19
2012 07 30 31 1 19
2012 07 30 31 1 18
2012 07 30 31 1 18
2012 07 30 31 1 15
2012 07 30 31 1 15
2012 07 10 28 2 06
2012 07 10 28 2 06
2012 07 10 28 2 06
2012 07 03 27 2 14
2012 07 03 27 2 11
2012 07 03 27 2 11
2012 06 19 25 2 15
2012 06 19 25 2 15
2012 06 19 25 2 15
2012 06 19 25 2 14
2012 06 19 25 2 14
2012 06 15 24 5 15
2012 05 21 21 1 16
2012 05 13 19 7 17
2012 05 13 19 7 17
2012 05 10 19 4 21
2012 04 26 17 4 23
2012 04 20 16 5 16
2012 04 10 15 2 16
2012 04 10 15 2 16
2012 04 02 14 1 05
2012 04 02 14 1 05
2012 04 02 14 1 05
2012 04 02 14 1 05
2012 04 02 14 1 04
2012 03 29 13 4 16
2012 03 29 13 4 16
2012 03 29 13 4 15
2012 03 23 12 5 15
2012 03 19 12 1 16
2012 03 19 12 1 15
2012 03 19 12 1 15
2012 03 19 12 1 15
2012 03 19 12 1 15
2012 03 19 12 1 15
2012 03 19 12 1 14
2012 03 14 11 3 16
2012 03 14 11 3 16
2012 03 14 11 3 13
2012 03 14 11 3 13
2012 03 14 11 3 13
2012 03 14 11 3 13
2012 03 14 11 3 13
2012 03 13 11 2 15
2012 03 12 11 1 22
2012 03 12 11 1 22
2012 03 12 11 1 19
2012 03 12 11 1 19
2012 03 12 11 1 17
2012 03 07 10 3 16
2012 03 07 10 3 16
2012 03 07 10 3 16
2012 03 07 10 3 16
2012 03 07 10 3 16
2012 03 03 09 6 16
2012 03 03 09 6 16
2012 02 28 09 2 05
2012 02 28 09 2 04
2012 02 28 09 2 04
2012 02 27 09 1 18
2012 02 27 09 1 18
2012 02 27 09 1 18
2012 02 27 09 1 18
2012 02 27 09 1 13
2012 02 27 09 1 13
2012 02 18 07 6 16
2012 02 10 06 5 15
2012 02 07 06 2 03
2012 02 05 05 7 18
2012 02 03 05 5 22
2012 02 03 05 5 22
2012 02 03 05 5 22
2012 02 03 05 5 20
2012 02 02 05 4 19
2012 02 02 05 4 19
